Sample;s3(i3)
V-V length(cm);1.000000
Field (T);15.067747
Temp (K);4.200000
Angle (deg.);0.000000
Field(T)_memo;15.000000
Time(sec.)	Current(A)	Voltage(uV)	Temp.1(K)	Temp.2(K)	Temp.3(K)
0.000000E+0	7.219989E-4	2.159222E-5	3.301310E+2	6.766900E+1	1.410000E+0
2.100000E-2	7.189916E-4	2.008579E-6	3.301310E+2	6.766900E+1	1.410000E+0
3.000000E-2	7.189916E-4	2.008579E-6	3.301310E+2	6.766900E+1	1.410000E+0
1.100000E-1	7.221994E-4	2.761796E-5	3.301310E+2	6.766900E+1	1.410000E+0
1.250000E-1	7.221994E-4	2.761796E-5	3.301310E+2	6.766900E+1	1.410000E+0
2.060000E-1	7.207960E-4	2.008579E-5	3.301310E+2	6.766900E+1	1.410000E+0
2.140000E-1	7.207960E-4	2.008579E-5	3.301310E+2	6.766900E+1	1.410000E+0
2.970000E-1	7.069624E-4	-1.004289E-6	3.301310E+2	6.766900E+1	1.410000E+0
3.060000E-1	7.069624E-4	-1.004289E-6	3.301310E+2	6.766900E+1	1.410000E+0
3.900000E-1	1.172166E-2	-7.532170E-6	3.301310E+2	6.766900E+1	1.410000E+0
3.990000E-1	1.172166E-2	-7.532170E-6	3.301310E+2	6.766900E+1	1.410000E+0
5.110000E-1	1.171885E-2	-5.523591E-6	3.301310E+2	6.766900E+1	1.410000E+0
5.200000E-1	1.171885E-2	-5.523591E-6	3.301310E+2	6.766900E+1	1.410000E+0
6.000000E-1	1.172226E-2	2.711581E-5	3.301310E+2	6.766900E+1	1.410000E+0
6.090000E-1	1.172226E-2	2.711581E-5	3.301310E+2	6.766900E+1	1.410000E+0
6.900000E-1	1.172086E-2	2.661367E-5	3.301310E+2	6.766900E+1	1.410000E+0
6.990000E-1	1.172086E-2	2.661367E-5	3.301310E+2	6.766900E+1	1.410000E+0
7.800000E-1	1.170502E-2	1.456220E-5	3.301310E+2	6.766900E+1	1.410000E+0
7.890000E-1	1.170502E-2	1.456220E-5	3.301310E+2	6.766900E+1	1.410000E+0
8.710000E-1	1.172246E-2	2.259651E-5	3.301310E+2	6.766900E+1	1.410000E+0
8.800000E-1	1.172246E-2	2.259651E-5	3.301310E+2	6.766900E+1	1.410000E+0
9.910000E-1	2.058635E-2	5.222236E-5	3.301310E+2	6.766900E+1	1.410000E+0
1.000000E+0	2.058635E-2	5.222236E-5	3.301310E+2	6.766900E+1	1.410000E+0
1.081000E+0	2.275701E-2	2.159154E-5	3.301310E+2	6.766900E+1	1.410000E+0
1.094000E+0	2.275701E-2	2.159154E-5	3.301310E+2	6.766900E+1	1.410000E+0
1.176000E+0	2.274658E-2	3.916660E-5	3.301310E+2	6.766900E+1	1.410000E+0
1.184000E+0	2.274658E-2	3.916660E-5	3.301310E+2	6.766900E+1	1.410000E+0
1.270000E+0	2.274117E-2	1.305508E-5	3.301310E+2	6.766900E+1	1.410000E+0
1.279000E+0	2.274117E-2	1.305508E-5	3.301310E+2	6.766900E+1	1.410000E+0
1.361000E+0	2.276062E-2	2.510046E-6	3.301310E+2	6.766900E+1	1.410000E+0
1.369000E+0	2.276062E-2	2.510046E-6	3.301310E+2	6.766900E+1	1.410000E+0
1.484000E+0	2.274618E-2	4.518625E-6	3.301310E+2	6.766900E+1	1.410000E+0
1.492000E+0	2.274618E-2	4.518625E-6	3.301310E+2	6.766900E+1	1.410000E+0
1.576000E+0	2.275019E-2	3.163443E-5	3.301310E+2	6.766900E+1	1.410000E+0
1.584000E+0	2.275019E-2	3.163443E-5	3.301310E+2	6.766900E+1	1.410000E+0
1.671000E+0	2.827559E-2	2.159154E-5	3.301310E+2	6.766900E+1	1.410000E+0
1.680000E+0	2.827559E-2	2.159154E-5	3.301310E+2	6.766900E+1	1.410000E+0
1.760000E+0	2.827599E-2	1.405937E-5	3.301310E+2	6.766900E+1	1.410000E+0
1.769000E+0	2.827599E-2	1.405937E-5	3.301310E+2	6.766900E+1	1.410000E+0
1.851000E+0	2.826857E-2	1.657009E-5	3.301310E+2	6.766900E+1	1.410000E+0
1.860000E+0	2.826857E-2	1.657009E-5	3.301310E+2	6.766900E+1	1.410000E+0
1.972000E+0	2.827519E-2	8.535781E-6	3.301310E+2	6.766900E+1	1.410000E+0
1.981000E+0	2.827519E-2	8.535781E-6	3.301310E+2	6.766900E+1	1.410000E+0
2.060000E+0	2.825514E-2	5.522914E-6	3.301310E+2	6.766900E+1	1.410000E+0
2.069000E+0	2.825514E-2	5.522914E-6	3.301310E+2	6.766900E+1	1.410000E+0
2.150000E+0	2.825454E-2	1.255294E-5	3.301310E+2	6.766900E+1	1.410000E+0
2.163000E+0	2.825454E-2	1.255294E-5	3.301310E+2	6.766900E+1	1.410000E+0
2.247000E+0	2.825293E-2	3.514944E-5	3.301310E+2	6.766900E+1	1.410000E+0
2.256000E+0	2.825293E-2	3.514944E-5	3.301310E+2	6.766900E+1	1.410000E+0
2.341000E+0	3.918944E-2	2.691488E-4	3.301310E+2	6.766900E+1	1.410000E+0
2.350000E+0	3.918944E-2	2.691488E-4	3.301310E+2	6.766900E+1	1.410000E+0
2.462000E+0	3.918623E-2	2.726638E-4	3.301310E+2	6.766900E+1	1.410000E+0
2.472000E+0	3.918623E-2	2.726638E-4	3.301310E+2	6.766900E+1	1.410000E+0
2.551000E+0	3.919405E-2	2.806981E-4	3.301310E+2	6.766900E+1	1.410000E+0
2.560000E+0	3.919405E-2	2.806981E-4	3.301310E+2	6.766900E+1	1.410000E+0
2.641000E+0	3.920247E-2	2.425352E-4	3.301310E+2	6.766900E+1	1.410000E+0
2.650000E+0	3.920247E-2	2.425352E-4	3.301310E+2	6.766900E+1	1.410000E+0
2.732000E+0	3.919445E-2	2.535823E-4	3.301310E+2	6.766900E+1	1.410000E+0
2.741000E+0	3.919445E-2	2.535823E-4	3.301310E+2	6.766900E+1	1.410000E+0
2.821000E+0	3.920849E-2	2.420330E-4	3.301310E+2	6.766900E+1	1.410000E+0
2.830000E+0	3.920849E-2	2.420330E-4	3.301310E+2	6.766900E+1	1.410000E+0
2.942000E+0	4.795609E-2	1.625943E-3	3.301310E+2	6.766900E+1	1.410000E+0
2.950000E+0	4.795609E-2	1.625943E-3	3.301310E+2	6.766900E+1	1.410000E+0
3.031000E+0	5.023662E-2	2.111517E-3	3.301310E+2	6.766900E+1	1.410000E+0
3.040000E+0	5.023662E-2	2.111517E-3	3.301310E+2	6.766900E+1	1.410000E+0
3.121000E+0	5.023060E-2	2.105994E-3	3.301310E+2	6.766900E+1	1.410000E+0
3.134000E+0	5.023060E-2	2.105994E-3	3.301310E+2	6.766900E+1	1.410000E+0
3.218000E+0	5.023100E-2	2.086912E-3	3.301310E+2	6.766900E+1	1.410000E+0
3.227000E+0	5.023100E-2	2.086912E-3	3.301310E+2	6.766900E+1	1.410000E+0
3.311000E+0	5.023782E-2	2.110011E-3	3.301310E+2	6.766900E+1	1.410000E+0
3.320000E+0	5.023782E-2	2.110011E-3	3.301310E+2	6.766900E+1	1.410000E+0
3.431000E+0	5.023662E-2	2.115534E-3	3.301310E+2	6.766900E+1	1.410000E+0
3.440000E+0	5.023662E-2	2.115534E-3	3.301310E+2	6.766900E+1	1.410000E+0
3.522000E+0	5.022780E-2	2.121058E-3	3.301310E+2	6.766900E+1	1.410000E+0
3.531000E+0	5.022780E-2	2.121058E-3	3.301310E+2	6.766900E+1	1.410000E+0
3.612000E+0	5.703690E-2	6.285343E-3	3.301310E+2	6.766900E+1	1.410000E+0
3.621000E+0	5.703690E-2	6.285343E-3	3.301310E+2	6.766900E+1	1.410000E+0
3.701000E+0	6.125954E-2	9.340893E-3	3.301310E+2	6.766900E+1	1.410000E+0
3.709000E+0	6.125954E-2	9.340893E-3	3.301310E+2	6.766900E+1	1.410000E+0
3.792000E+0	6.125412E-2	9.327837E-3	3.301310E+2	6.766900E+1	1.410000E+0
3.801000E+0	6.125412E-2	9.327837E-3	3.301310E+2	6.766900E+1	1.410000E+0
3.913000E+0	6.124670E-2	9.362485E-3	3.301310E+2	6.766900E+1	1.410000E+0
3.922000E+0	6.124670E-2	9.362485E-3	3.301310E+2	6.766900E+1	1.410000E+0
4.001000E+0	6.123949E-2	9.364996E-3	3.301310E+2	6.766900E+1	1.410000E+0
4.010000E+0	6.123949E-2	9.364996E-3	3.301310E+2	6.766900E+1	1.410000E+0
4.091000E+0	6.124490E-2	9.389601E-3	3.301310E+2	6.766900E+1	1.410000E+0
4.104000E+0	6.124490E-2	9.389601E-3	3.301310E+2	6.766900E+1	1.410000E+0
4.189000E+0	6.930985E-2	2.613964E-2	3.301310E+2	6.766900E+1	1.410000E+0
4.198000E+0	6.930985E-2	2.613964E-2	3.301310E+2	6.766900E+1	1.410000E+0
4.282000E+0	7.228065E-2	2.664881E-2	3.301310E+2	6.766900E+1	1.410000E+0
4.290000E+0	7.228065E-2	2.664881E-2	3.301310E+2	6.766900E+1	1.410000E+0
4.403000E+0	7.228125E-2	2.671811E-2	3.301310E+2	6.766900E+1	1.410000E+0
4.412000E+0	7.228125E-2	2.671811E-2	3.301310E+2	6.766900E+1	1.410000E+0
4.492000E+0	7.227945E-2	2.676029E-2	3.301310E+2	6.766900E+1	1.410000E+0
4.501000E+0	7.227945E-2	2.676029E-2	3.301310E+2	6.766900E+1	1.410000E+0
4.582000E+0	7.227263E-2	2.677485E-2	3.301310E+2	6.766900E+1	1.410000E+0
4.591000E+0	7.227263E-2	2.677485E-2	3.301310E+2	6.766900E+1	1.410000E+0
4.672000E+0	7.227644E-2	2.678590E-2	3.301310E+2	6.766900E+1	1.410000E+0
4.681000E+0	7.227644E-2	2.678590E-2	3.301310E+2	6.766900E+1	1.410000E+0
4.762000E+0	7.227123E-2	2.678941E-2	3.301310E+2	6.766900E+1	1.410000E+0
4.772000E+0	7.227123E-2	2.678941E-2	3.301310E+2	6.766900E+1	1.410000E+0
4.883000E+0	7.530438E-2	3.392790E-2	3.301310E+2	6.766900E+1	1.410000E+0
4.892000E+0	7.530438E-2	3.392790E-2	3.301310E+2	6.766900E+1	1.410000E+0
4.971000E+0	7.773046E-2	4.015299E-2	3.301310E+2	6.766900E+1	1.410000E+0
4.980000E+0	7.773046E-2	4.015299E-2	3.301310E+2	6.766900E+1	1.410000E+0
5.062000E+0	7.774951E-2	4.020420E-2	3.301310E+2	6.766900E+1	1.410000E+0
5.071000E+0	7.774951E-2	4.020420E-2	3.301310E+2	6.766900E+1	1.410000E+0
5.152000E+0	7.773587E-2	4.022580E-2	3.301310E+2	6.766900E+1	1.410000E+0
5.165000E+0	7.773587E-2	4.022580E-2	3.301310E+2	6.766900E+1	1.410000E+0
5.249000E+0	7.773567E-2	4.025090E-2	3.301310E+2	6.766900E+1	1.410000E+0
5.257000E+0	7.773567E-2	4.025090E-2	3.301310E+2	6.766900E+1	1.410000E+0
5.374000E+0	7.774770E-2	4.029208E-2	3.301310E+2	6.766900E+1	1.410000E+0
5.383000E+0	7.774770E-2	4.029208E-2	3.301310E+2	6.766900E+1	1.410000E+0
5.463000E+0	7.774850E-2	4.033175E-2	3.301310E+2	6.766900E+1	1.410000E+0
5.472000E+0	7.774850E-2	4.033175E-2	3.301310E+2	6.766900E+1	1.410000E+0
5.552000E+0	8.878866E-2	7.784546E-2	3.301310E+2	6.766900E+1	1.410000E+0
5.561000E+0	8.878866E-2	7.784546E-2	3.301310E+2	6.766900E+1	1.410000E+0
5.642000E+0	8.880290E-2	7.844603E-2	3.301310E+2	6.766900E+1	1.410000E+0
5.650000E+0	8.880290E-2	7.844603E-2	3.301310E+2	6.766900E+1	1.410000E+0
5.732000E+0	8.879528E-2	7.861123E-2	3.301310E+2	6.766900E+1	1.410000E+0
5.741000E+0	8.879528E-2	7.861123E-2	3.301310E+2	6.766900E+1	1.410000E+0
5.855000E+0	8.879728E-2	7.872622E-2	3.301310E+2	6.766900E+1	1.410000E+0
5.864000E+0	8.879728E-2	7.872622E-2	3.301310E+2	6.766900E+1	1.410000E+0
5.949000E+0	8.880370E-2	7.881109E-2	3.301310E+2	6.766900E+1	1.410000E+0
5.958000E+0	8.880370E-2	7.881109E-2	3.301310E+2	6.766900E+1	1.410000E+0
6.043000E+0	8.881413E-2	7.888089E-2	3.301310E+2	6.766900E+1	1.410000E+0
6.052000E+0	8.881413E-2	7.888089E-2	3.301310E+2	6.766900E+1	1.410000E+0
6.133000E+0	9.765315E-2	1.215571E-1	3.301310E+2	6.766900E+1	1.410000E+0
6.146000E+0	9.765315E-2	1.215571E-1	3.301310E+2	6.766900E+1	1.410000E+0
6.229000E+0	9.981940E-2	1.339280E-1	3.301310E+2	6.766900E+1	1.410000E+0
6.238000E+0	9.981940E-2	1.339280E-1	3.301310E+2	6.766900E+1	1.410000E+0
6.354000E+0	9.982281E-2	1.343146E-1	3.301310E+2	6.766900E+1	1.410000E+0
6.363000E+0	9.982281E-2	1.343146E-1	3.301310E+2	6.766900E+1	1.410000E+0
6.443000E+0	9.982562E-2	1.345602E-1	3.301310E+2	6.766900E+1	1.410000E+0
6.452000E+0	9.982562E-2	1.345602E-1	3.301310E+2	6.766900E+1	1.410000E+0
6.532000E+0	9.982582E-2	1.346596E-1	3.301310E+2	6.766900E+1	1.410000E+0
6.541000E+0	9.982582E-2	1.346596E-1	3.301310E+2	6.766900E+1	1.410000E+0
6.623000E+0	9.981720E-2	1.346526E-1	3.301310E+2	6.766900E+1	1.410000E+0
6.631000E+0	9.981720E-2	1.346526E-1	3.301310E+2	6.766900E+1	1.410000E+0
6.713000E+0	9.981980E-2	1.348108E-1	3.301310E+2	6.766900E+1	1.410000E+0
6.723000E+0	9.981980E-2	1.348108E-1	3.301310E+2	6.766900E+1	1.410000E+0
6.834000E+0	1.108515E-1	2.093180E-1	3.301310E+2	6.766900E+1	1.410000E+0
6.844000E+0	1.108515E-1	2.093180E-1	3.301310E+2	6.766900E+1	1.410000E+0
6.923000E+0	1.108491E-1	2.107415E-1	3.301310E+2	6.766900E+1	1.410000E+0
6.933000E+0	1.108491E-1	2.107415E-1	3.301310E+2	6.766900E+1	1.410000E+0
7.014000E+0	1.108556E-1	2.110976E-1	3.301310E+2	6.766900E+1	1.410000E+0
7.023000E+0	1.108556E-1	2.110976E-1	3.301310E+2	6.766900E+1	1.410000E+0
7.103000E+0	1.108525E-1	2.112336E-1	3.301310E+2	6.766900E+1	1.410000E+0
7.117000E+0	1.108525E-1	2.112336E-1	3.301310E+2	6.766900E+1	1.410000E+0
7.200000E+0	1.108495E-1	2.112281E-1	3.301310E+2	6.766900E+1	1.410000E+0
7.209000E+0	1.108495E-1	2.112281E-1	3.301310E+2	6.766900E+1	1.410000E+0
7.324000E+0	1.108550E-1	2.111874E-1	3.301310E+2	6.766900E+1	1.410000E+0
7.333000E+0	1.108550E-1	2.111874E-1	3.301310E+2	6.766900E+1	1.410000E+0
7.413000E+0	1.190797E-1	2.824051E-1	3.301310E+2	6.766900E+1	1.410000E+0
7.422000E+0	1.190797E-1	2.824051E-1	3.301310E+2	6.766900E+1	1.410000E+0
7.504000E+0	1.218157E-1	3.100557E-1	3.301310E+2	6.766900E+1	1.410000E+0
7.513000E+0	1.218157E-1	3.100557E-1	3.301310E+2	6.766900E+1	1.410000E+0
7.593000E+0	1.218125E-1	3.106256E-1	3.301310E+2	6.766900E+1	1.410000E+0
7.602000E+0	1.218125E-1	3.106256E-1	3.301310E+2	6.766900E+1	1.410000E+0
7.683000E+0	1.218083E-1	3.108646E-1	3.301310E+2	6.766900E+1	1.410000E+0
7.692000E+0	1.218083E-1	3.108646E-1	3.301310E+2	6.766900E+1	1.410000E+0
7.804000E+0	1.218165E-1	3.110781E-1	3.301310E+2	6.766900E+1	1.410000E+0
7.813000E+0	1.218165E-1	3.110781E-1	3.301310E+2	6.766900E+1	1.410000E+0
7.893000E+0	1.218205E-1	3.111504E-1	3.301310E+2	6.766900E+1	1.410000E+0
7.902000E+0	1.218205E-1	3.111504E-1	3.301310E+2	6.766900E+1	1.410000E+0
7.983000E+0	1.218322E-1	3.111920E-1	3.301310E+2	6.766900E+1	1.410000E+0
7.992000E+0	1.218322E-1	3.111920E-1	3.301310E+2	6.766900E+1	1.410000E+0
8.073000E+0	1.298033E-1	3.993686E-1	3.301310E+2	6.766900E+1	1.410000E+0
8.082000E+0	1.298033E-1	3.993686E-1	3.301310E+2	6.766900E+1	1.410000E+0
8.164000E+0	1.328581E-1	4.386825E-1	3.301310E+2	6.766900E+1	1.410000E+0
8.186000E+0	1.328581E-1	4.386825E-1	3.301310E+2	6.766900E+1	1.410000E+0
8.273000E+0	1.328575E-1	4.397180E-1	3.301310E+2	6.766900E+1	1.410000E+0
8.282000E+0	1.328575E-1	4.397180E-1	3.301310E+2	6.766900E+1	1.410000E+0
8.364000E+0	1.328505E-1	4.400790E-1	3.301310E+2	6.766900E+1	1.410000E+0
8.374000E+0	1.328505E-1	4.400790E-1	3.301310E+2	6.766900E+1	1.410000E+0
8.453000E+0	1.328424E-1	4.401478E-1	3.301310E+2	6.766900E+1	1.410000E+0
8.462000E+0	1.328424E-1	4.401478E-1	3.301310E+2	6.766900E+1	1.410000E+0
8.544000E+0	1.328505E-1	4.402668E-1	3.301310E+2	6.766900E+1	1.410000E+0
8.553000E+0	1.328505E-1	4.402668E-1	3.301310E+2	6.766900E+1	1.410000E+0
8.664000E+0	1.328428E-1	4.401915E-1	3.301310E+2	6.766900E+1	1.410000E+0
8.673000E+0	1.328428E-1	4.401915E-1	3.301310E+2	6.766900E+1	1.410000E+0
8.754000E+0	1.383468E-1	5.140971E-1	3.301310E+2	6.766900E+1	1.410000E+0
8.763000E+0	1.383468E-1	5.140971E-1	3.301310E+2	6.766900E+1	1.410000E+0
8.843000E+0	1.383630E-1	5.157472E-1	3.301310E+2	6.766900E+1	1.410000E+0
8.852000E+0	1.383630E-1	5.157472E-1	3.301310E+2	6.766900E+1	1.410000E+0
8.934000E+0	1.383700E-1	5.160319E-1	3.301310E+2	6.766900E+1	1.410000E+0
8.942000E+0	1.383700E-1	5.160319E-1	3.301310E+2	6.766900E+1	1.410000E+0
9.024000E+0	1.383616E-1	5.159530E-1	3.301310E+2	6.766900E+1	1.410000E+0
9.033000E+0	1.383616E-1	5.159530E-1	3.301310E+2	6.766900E+1	1.410000E+0
9.144000E+0	1.383600E-1	5.158817E-1	3.301310E+2	6.766900E+1	1.410000E+0
9.158000E+0	1.383600E-1	5.158817E-1	3.301310E+2	6.766900E+1	1.410000E+0
9.243000E+0	1.383634E-1	5.161057E-1	3.301310E+2	6.766900E+1	1.410000E+0
9.252000E+0	1.383634E-1	5.161057E-1	3.301310E+2	6.766900E+1	1.410000E+0
9.334000E+0	1.476108E-1	6.543391E-1	3.301310E+2	6.766900E+1	1.410000E+0
9.344000E+0	1.476108E-1	6.543391E-1	3.301310E+2	6.766900E+1	1.410000E+0
9.424000E+0	1.493865E-1	6.748642E-1	3.301310E+2	6.766900E+1	1.410000E+0
9.433000E+0	1.493865E-1	6.748642E-1	3.301310E+2	6.766900E+1	1.410000E+0
9.514000E+0	1.493863E-1	6.728963E-1	3.301310E+2	6.766900E+1	1.410000E+0
9.523000E+0	1.493863E-1	6.728963E-1	3.301310E+2	6.766900E+1	1.410000E+0
9.635000E+0	1.493849E-1	6.720060E-1	3.301310E+2	6.766900E+1	1.410000E+0
9.643000E+0	1.493849E-1	6.720060E-1	3.301310E+2	6.766900E+1	1.410000E+0
9.724000E+0	1.493805E-1	6.770571E-1	3.301310E+2	6.766900E+1	1.410000E+0
9.734000E+0	1.493805E-1	6.770571E-1	3.301310E+2	6.766900E+1	1.410000E+0
9.814000E+0	1.493859E-1	6.784626E-1	3.301310E+2	6.766900E+1	1.410000E+0
9.823000E+0	1.493859E-1	6.784626E-1	3.301310E+2	6.766900E+1	1.410000E+0
9.904000E+0	1.493793E-1	6.791566E-1	3.301310E+2	6.766900E+1	1.410000E+0
9.913000E+0	1.493793E-1	6.791566E-1	3.301310E+2	6.766900E+1	1.410000E+0
9.995000E+0	1.604081E-1	8.820199E-1	3.301310E+2	6.766900E+1	1.410000E+0
1.000300E+1	1.604081E-1	8.820199E-1	3.301310E+2	6.766900E+1	1.410000E+0
1.011500E+1	1.604147E-1	8.796900E-1	3.301310E+2	6.766900E+1	1.410000E+0
1.012900E+1	1.604147E-1	8.796900E-1	3.301310E+2	6.766900E+1	1.410000E+0
1.021100E+1	1.604099E-1	8.794555E-1	3.301310E+2	6.766900E+1	1.410000E+0
1.022000E+1	1.604099E-1	8.794555E-1	3.301310E+2	6.766900E+1	1.410000E+0
1.030500E+1	1.604024E-1	8.822308E-1	3.301310E+2	6.766900E+1	1.410000E+0
1.031300E+1	1.604024E-1	8.822308E-1	3.301310E+2	6.766900E+1	1.410000E+0
1.039500E+1	1.604145E-1	8.854295E-1	3.301310E+2	6.766900E+1	1.410000E+0
1.040400E+1	1.604145E-1	8.854295E-1	3.301310E+2	6.766900E+1	1.410000E+0
1.048400E+1	1.604201E-1	8.872463E-1	3.301310E+2	6.766900E+1	1.410000E+0
1.049200E+1	1.604201E-1	8.872463E-1	3.301310E+2	6.766900E+1	1.410000E+0
1.060500E+1	1.683325E-1	1.057433E+0	3.301310E+2	6.766900E+1	1.410000E+0
1.061500E+1	1.683325E-1	1.057433E+0	3.301310E+2	6.766900E+1	1.410000E+0
1.069400E+1	1.714109E-1	1.133307E+0	3.301310E+2	6.766900E+1	1.410000E+0
1.070300E+1	1.714109E-1	1.133307E+0	3.301310E+2	6.766900E+1	1.410000E+0
1.078400E+1	1.714196E-1	1.135273E+0	3.301310E+2	6.766900E+1	1.410000E+0
1.079300E+1	1.714196E-1	1.135273E+0	3.301310E+2	6.766900E+1	1.410000E+0
1.087500E+1	1.714135E-1	1.136467E+0	3.301310E+2	6.766900E+1	1.410000E+0
1.088500E+1	1.714135E-1	1.136467E+0	3.301310E+2	6.766900E+1	1.410000E+0
1.096500E+1	1.714085E-1	1.137673E+0	3.301310E+2	6.766900E+1	1.410000E+0
1.097400E+1	1.714085E-1	1.137673E+0	3.301310E+2	6.766900E+1	1.410000E+0
1.108800E+1	1.714057E-1	1.138824E+0	3.301310E+2	6.766900E+1	1.410000E+0
1.110100E+1	1.714057E-1	1.138824E+0	3.301310E+2	6.766900E+1	1.410000E+0
1.118400E+1	1.714204E-1	1.141199E+0	3.301310E+2	6.766900E+1	1.410000E+0
1.119300E+1	1.714204E-1	1.141199E+0	3.301310E+2	6.766900E+1	1.410000E+0
1.127400E+1	1.784735E-1	1.316339E+0	3.301310E+2	6.766900E+1	1.410000E+0
1.128300E+1	1.784735E-1	1.316339E+0	3.301310E+2	6.766900E+1	1.410000E+0
1.136400E+1	1.824339E-1	1.423940E+0	3.301310E+2	6.766900E+1	1.410000E+0
1.137300E+1	1.824339E-1	1.423940E+0	3.301310E+2	6.766900E+1	1.410000E+0
1.145500E+1	1.824425E-1	1.426956E+0	3.301310E+2	6.766900E+1	1.410000E+0
1.146400E+1	1.824425E-1	1.426956E+0	3.301310E+2	6.766900E+1	1.410000E+0
1.157500E+1	1.824385E-1	1.428308E+0	3.301310E+2	6.766900E+1	1.410000E+0
1.158400E+1	1.824385E-1	1.428308E+0	3.301310E+2	6.766900E+1	1.410000E+0
1.166500E+1	1.824541E-1	1.429217E+0	3.301310E+2	6.766900E+1	1.410000E+0
1.167300E+1	1.824541E-1	1.429217E+0	3.301310E+2	6.766900E+1	1.410000E+0
1.175400E+1	1.824505E-1	1.430123E+0	3.301310E+2	6.766900E+1	1.410000E+0
1.176300E+1	1.824505E-1	1.430123E+0	3.301310E+2	6.766900E+1	1.410000E+0
1.184500E+1	1.824453E-1	1.430586E+0	3.301310E+2	6.766900E+1	1.410000E+0
1.185400E+1	1.824453E-1	1.430586E+0	3.301310E+2	6.766900E+1	1.410000E+0
1.193500E+1	1.879290E-1	1.580862E+0	3.301310E+2	6.766900E+1	1.410000E+0
1.194400E+1	1.879290E-1	1.580862E+0	3.301310E+2	6.766900E+1	1.410000E+0
1.205600E+1	1.879460E-1	1.566906E+0	3.301310E+2	6.766900E+1	1.410000E+0
1.206500E+1	1.879460E-1	1.566906E+0	3.301310E+2	6.766900E+1	1.410000E+0
1.214400E+1	1.879548E-1	1.533924E+0	3.301310E+2	6.766900E+1	1.410000E+0
1.215700E+1	1.879548E-1	1.533924E+0	3.301310E+2	6.766900E+1	1.410000E+0
1.224100E+1	1.879494E-1	1.503160E+0	3.301310E+2	6.766900E+1	1.410000E+0
1.225000E+1	1.879494E-1	1.503160E+0	3.301310E+2	6.766900E+1	1.410000E+0
1.233500E+1	1.879404E-1	1.508250E+0	3.301310E+2	6.766900E+1	1.410000E+0
1.234400E+1	1.879404E-1	1.508250E+0	3.301310E+2	6.766900E+1	1.410000E+0
1.242400E+1	1.879396E-1	1.544741E+0	3.301310E+2	6.766900E+1	1.410000E+0
1.243300E+1	1.879396E-1	1.544741E+0	3.301310E+2	6.766900E+1	1.410000E+0
1.254600E+1	1.967371E-1	1.816256E+0	3.301310E+2	6.766900E+1	1.410000E+0
1.255500E+1	1.967371E-1	1.816256E+0	3.301310E+2	6.766900E+1	1.410000E+0
1.263500E+1	1.989754E-1	1.899803E+0	3.301310E+2	6.766900E+1	1.410000E+0
1.264400E+1	1.989754E-1	1.899803E+0	3.301310E+2	6.766900E+1	1.410000E+0
1.272500E+1	1.989784E-1	1.906208E+0	3.301310E+2	6.766900E+1	1.410000E+0
1.273400E+1	1.989784E-1	1.906208E+0	3.301310E+2	6.766900E+1	1.410000E+0
1.281500E+1	1.989718E-1	1.910467E+0	3.301310E+2	6.766900E+1	1.410000E+0
1.282400E+1	1.989718E-1	1.910467E+0	3.301310E+2	6.766900E+1	1.410000E+0
1.290500E+1	1.989695E-1	1.912362E+0	3.301310E+2	6.766900E+1	1.410000E+0
1.291400E+1	1.989695E-1	1.912362E+0	3.301310E+2	6.766900E+1	1.410000E+0
1.302600E+1	1.989740E-1	1.907997E+0	3.301310E+2	6.766900E+1	1.410000E+0
1.303400E+1	1.989740E-1	1.907997E+0	3.301310E+2	6.766900E+1	1.410000E+0
1.311500E+1	1.989828E-1	1.903950E+0	3.301310E+2	6.766900E+1	1.410000E+0
1.312800E+1	1.989828E-1	1.903950E+0	3.301310E+2	6.766900E+1	1.410000E+0
1.321100E+1	2.098950E-1	2.252556E+0	3.301310E+2	6.766900E+1	1.410000E+0
1.322100E+1	2.098950E-1	2.252556E+0	3.301310E+2	6.766900E+1	1.410000E+0
1.330200E+1	2.099211E-1	2.253592E+0	3.301310E+2	6.766900E+1	1.410000E+0
1.331100E+1	2.099211E-1	2.253592E+0	3.301310E+2	6.766900E+1	1.410000E+0
1.339500E+1	2.099081E-1	2.246114E+0	3.301310E+2	6.766900E+1	1.410000E+0
1.340400E+1	2.099081E-1	2.246114E+0	3.301310E+2	6.766900E+1	1.410000E+0
1.351700E+1	2.099165E-1	2.241724E+0	3.301310E+2	6.766900E+1	1.410000E+0
1.352600E+1	2.099165E-1	2.241724E+0	3.301310E+2	6.766900E+1	1.410000E+0
1.360600E+1	2.099147E-1	2.242265E+0	3.301310E+2	6.766900E+1	1.410000E+0
1.361400E+1	2.099147E-1	2.242265E+0	3.301310E+2	6.766900E+1	1.410000E+0
1.369500E+1	2.099113E-1	2.242714E+0	3.301310E+2	6.766900E+1	1.410000E+0
1.370400E+1	2.099113E-1	2.242714E+0	3.301310E+2	6.766900E+1	1.410000E+0
1.378600E+1	2.189141E-1	2.545750E+0	3.301310E+2	6.766900E+1	1.410000E+0
1.379500E+1	2.189141E-1	2.545750E+0	3.301310E+2	6.766900E+1	1.410000E+0
1.387600E+1	2.209562E-1	2.618901E+0	3.301310E+2	6.766900E+1	1.410000E+0
1.388500E+1	2.209562E-1	2.618901E+0	3.301310E+2	6.766900E+1	1.410000E+0
1.399600E+1	2.209508E-1	2.618977E+0	3.301310E+2	6.766900E+1	1.410000E+0
1.400400E+1	2.209508E-1	2.618977E+0	3.301310E+2	6.766900E+1	1.410000E+0
1.408600E+1	2.209552E-1	2.619376E+0	3.301310E+2	6.766900E+1	1.410000E+0
1.410000E+1	2.209552E-1	2.619376E+0	3.301310E+2	6.766900E+1	1.410000E+0
1.418100E+1	2.209593E-1	2.619642E+0	3.301310E+2	6.766900E+1	1.410000E+0
1.418900E+1	2.209593E-1	2.619642E+0	3.301310E+2	6.766900E+1	1.410000E+0
1.427500E+1	2.209564E-1	2.619179E+0	3.301310E+2	6.766900E+1	1.410000E+0
1.428400E+1	2.209564E-1	2.619179E+0	3.301310E+2	6.766900E+1	1.410000E+0
1.436400E+1	2.209544E-1	2.619116E+0	3.301310E+2	6.766900E+1	1.410000E+0
1.437400E+1	2.209544E-1	2.619116E+0	3.301310E+2	6.766900E+1	1.410000E+0
1.448700E+1	2.319539E-1	3.015568E+0	3.301310E+2	6.766900E+1	1.410000E+0
1.449600E+1	2.319539E-1	3.015568E+0	3.301310E+2	6.766900E+1	1.410000E+0
1.457600E+1	2.319814E-1	3.019179E+0	3.301310E+2	6.766900E+1	1.410000E+0
1.458500E+1	2.319814E-1	3.019179E+0	3.301310E+2	6.766900E+1	1.410000E+0
1.466600E+1	2.319587E-1	3.018960E+0	3.301310E+2	6.766900E+1	1.410000E+0
1.467500E+1	2.319587E-1	3.018960E+0	3.301310E+2	6.766900E+1	1.410000E+0
1.475500E+1	2.319645E-1	3.017721E+0	3.301310E+2	6.766900E+1	1.410000E+0
1.476400E+1	2.319645E-1	3.017721E+0	3.301310E+2	6.766900E+1	1.410000E+0
1.484600E+1	2.319647E-1	3.018733E+0	3.301310E+2	6.766900E+1	1.410000E+0
1.485500E+1	2.319647E-1	3.018733E+0	3.301310E+2	6.766900E+1	1.410000E+0
1.496800E+1	2.319661E-1	3.019036E+0	3.301310E+2	6.766900E+1	1.410000E+0
1.497600E+1	2.319661E-1	3.019036E+0	3.301310E+2	6.766900E+1	1.410000E+0
1.505600E+1	2.319473E-1	3.018801E+0	3.301310E+2	6.766900E+1	1.410000E+0
1.506500E+1	2.319473E-1	3.018801E+0	3.301310E+2	6.766900E+1	1.410000E+0
1.514600E+1	2.374466E-1	3.222872E+0	3.301310E+2	6.766900E+1	1.410000E+0
1.515900E+1	2.374466E-1	3.222872E+0	3.301310E+2	6.766900E+1	1.410000E+0
1.524200E+1	2.374629E-1	3.224639E+0	3.301310E+2	6.766900E+1	1.410000E+0
1.525000E+1	2.374629E-1	3.224639E+0	3.301310E+2	6.766900E+1	1.410000E+0
1.533600E+1	2.374789E-1	3.223595E+0	3.301310E+2	6.766900E+1	1.410000E+0
1.534500E+1	2.374789E-1	3.223595E+0	3.301310E+2	6.766900E+1	1.410000E+0
1.545800E+1	2.374771E-1	3.223915E+0	3.301310E+2	6.766900E+1	1.410000E+0
1.546700E+1	2.374771E-1	3.223915E+0	3.301310E+2	6.766900E+1	1.410000E+0
1.554600E+1	2.374841E-1	3.225478E+0	3.301310E+2	6.766900E+1	1.410000E+0
1.555500E+1	2.374841E-1	3.225478E+0	3.301310E+2	6.766900E+1	1.410000E+0
1.563600E+1	2.374767E-1	3.225486E+0	3.301310E+2	6.766900E+1	1.410000E+0
1.564500E+1	2.374767E-1	3.225486E+0	3.301310E+2	6.766900E+1	1.410000E+0
1.572600E+1	2.453584E-1	3.529281E+0	3.301310E+2	6.766900E+1	1.410000E+0
1.573500E+1	2.453584E-1	3.529281E+0	3.301310E+2	6.766900E+1	1.410000E+0
1.581600E+1	2.485106E-1	3.656442E+0	3.301310E+2	6.766900E+1	1.410000E+0
1.582500E+1	2.485106E-1	3.656442E+0	3.301310E+2	6.766900E+1	1.410000E+0
1.593800E+1	2.485207E-1	3.656498E+0	3.301310E+2	6.766900E+1	1.410000E+0
1.594700E+1	2.485207E-1	3.656498E+0	3.301310E+2	6.766900E+1	1.410000E+0
1.602700E+1	2.485173E-1	3.657499E+0	3.301310E+2	6.766900E+1	1.410000E+0
1.603500E+1	2.485173E-1	3.657499E+0	3.301310E+2	6.766900E+1	1.410000E+0
1.611600E+1	2.485211E-1	3.657427E+0	3.301310E+2	6.766900E+1	1.410000E+0
1.612900E+1	2.485211E-1	3.657427E+0	3.301310E+2	6.766900E+1	1.410000E+0
1.621200E+1	2.485142E-1	3.658471E+0	3.301310E+2	6.766900E+1	1.410000E+0
1.622100E+1	2.485142E-1	3.658471E+0	3.301310E+2	6.766900E+1	1.410000E+0
1.630600E+1	2.485193E-1	3.659179E+0	3.301310E+2	6.766900E+1	1.410000E+0
1.631500E+1	2.485193E-1	3.659179E+0	3.301310E+2	6.766900E+1	1.410000E+0
1.642700E+1	2.594866E-1	4.101977E+0	3.301310E+2	6.766900E+1	1.410000E+0
1.643600E+1	2.594866E-1	4.101977E+0	3.301310E+2	6.766900E+1	1.410000E+0
1.651600E+1	2.595021E-1	4.099154E+0	3.301310E+2	6.766900E+1	1.410000E+0
1.652500E+1	2.595021E-1	4.099154E+0	3.301310E+2	6.766900E+1	1.410000E+0
1.660700E+1	2.595111E-1	4.099899E+0	3.301310E+2	6.766900E+1	1.410000E+0
1.661600E+1	2.595111E-1	4.099899E+0	3.301310E+2	6.766900E+1	1.410000E+0
1.669700E+1	2.595203E-1	4.097751E+0	3.301310E+2	6.766900E+1	1.410000E+0
1.670700E+1	2.595203E-1	4.097751E+0	3.301310E+2	6.766900E+1	1.410000E+0
1.678700E+1	2.595123E-1	4.098254E+0	3.301310E+2	6.766900E+1	1.410000E+0
1.679700E+1	2.595123E-1	4.098254E+0	3.301310E+2	6.766900E+1	1.410000E+0
1.690700E+1	2.595219E-1	4.098489E+0	3.301310E+2	6.766900E+1	1.410000E+0
1.691500E+1	2.595219E-1	4.098489E+0	3.301310E+2	6.766900E+1	1.410000E+0
1.699700E+1	2.677198E-1	4.434644E+0	3.301310E+2	6.766900E+1	1.410000E+0
1.700500E+1	2.677198E-1	4.434644E+0	3.301310E+2	6.766900E+1	1.410000E+0
1.708700E+1	2.705517E-1	4.558915E+0	3.301310E+2	6.766900E+1	1.410000E+0
1.710000E+1	2.705517E-1	4.558915E+0	3.301310E+2	6.766900E+1	1.410000E+0
1.718200E+1	2.705384E-1	4.560418E+0	3.301310E+2	6.766900E+1	1.410000E+0
1.719100E+1	2.705384E-1	4.560418E+0	3.301310E+2	6.766900E+1	1.410000E+0
1.727700E+1	2.705348E-1	4.561152E+0	3.301310E+2	6.766900E+1	1.410000E+0
1.728600E+1	2.705348E-1	4.561152E+0	3.301310E+2	6.766900E+1	1.410000E+0
1.739700E+1	2.705400E-1	4.561171E+0	3.301310E+2	6.766900E+1	1.410000E+0
1.740600E+1	2.705400E-1	4.561171E+0	3.301310E+2	6.766900E+1	1.410000E+0
1.748700E+1	2.705489E-1	4.561288E+0	3.301310E+2	6.766900E+1	1.410000E+0
1.749600E+1	2.705489E-1	4.561288E+0	3.301310E+2	6.766900E+1	1.410000E+0
1.757700E+1	2.705416E-1	4.557785E+0	3.301310E+2	6.766900E+1	1.410000E+0
1.758600E+1	2.705416E-1	4.557785E+0	3.301310E+2	6.766900E+1	1.410000E+0
1.766700E+1	2.815351E-1	5.031910E+0	3.301310E+2	6.766900E+1	1.410000E+0
1.767600E+1	2.815351E-1	5.031910E+0	3.301310E+2	6.766900E+1	1.410000E+0
1.775600E+1	2.815605E-1	5.036278E+0	3.301310E+2	6.766900E+1	1.410000E+0
1.776500E+1	2.815605E-1	5.036278E+0	3.301310E+2	6.766900E+1	1.410000E+0
1.787900E+1	2.815599E-1	5.034385E+0	3.301310E+2	6.766900E+1	1.410000E+0
1.788900E+1	2.815599E-1	5.034385E+0	3.301310E+2	6.766900E+1	1.410000E+0
1.796700E+1	2.815569E-1	5.028539E+0	3.301310E+2	6.766900E+1	1.410000E+0
1.797500E+1	2.815569E-1	5.028539E+0	3.301310E+2	6.766900E+1	1.410000E+0
1.805700E+1	2.815613E-1	5.020226E+0	3.301310E+2	6.766900E+1	1.410000E+0
1.806500E+1	2.815613E-1	5.020226E+0	3.301310E+2	6.766900E+1	1.410000E+0
1.814700E+1	2.815541E-1	5.019104E+0	3.301310E+2	6.766900E+1	1.410000E+0
1.816000E+1	2.815541E-1	5.019104E+0	3.301310E+2	6.766900E+1	1.410000E+0
1.824300E+1	2.815686E-1	5.010802E+0	3.301310E+2	6.766900E+1	1.410000E+0
1.825100E+1	2.815686E-1	5.010802E+0	3.301310E+2	6.766900E+1	1.410000E+0
1.836700E+1	2.926077E-1	5.480321E+0	3.301310E+2	6.766900E+1	1.410000E+0
1.837600E+1	2.926077E-1	5.480321E+0	3.301310E+2	6.766900E+1	1.410000E+0
1.845700E+1	2.926177E-1	5.484619E+0	3.301310E+2	6.766900E+1	1.410000E+0
1.846600E+1	2.926177E-1	5.484619E+0	3.301310E+2	6.766900E+1	1.410000E+0
1.854700E+1	2.926129E-1	5.494055E+0	3.301310E+2	6.766900E+1	1.410000E+0
1.855600E+1	2.926129E-1	5.494055E+0	3.301310E+2	6.766900E+1	1.410000E+0
1.863700E+1	2.926109E-1	5.486488E+0	3.301310E+2	6.766900E+1	1.410000E+0
1.864600E+1	2.926109E-1	5.486488E+0	3.301310E+2	6.766900E+1	1.410000E+0
1.872700E+1	2.926071E-1	5.480100E+0	3.301310E+2	6.766900E+1	1.410000E+0
1.873600E+1	2.926071E-1	5.480100E+0	3.301310E+2	6.766900E+1	1.410000E+0
1.884700E+1	2.926095E-1	5.479730E+0	3.301310E+2	6.766900E+1	1.410000E+0
1.885600E+1	2.926095E-1	5.479730E+0	3.301310E+2	6.766900E+1	1.410000E+0
1.893700E+1	2.971197E-1	5.678691E+0	3.301310E+2	6.766900E+1	1.410000E+0
1.894600E+1	2.971197E-1	5.678691E+0	3.301310E+2	6.766900E+1	1.410000E+0
1.902700E+1	2.982584E-1	5.730448E+0	3.301310E+2	6.766900E+1	1.410000E+0
1.903500E+1	2.982584E-1	5.730448E+0	3.301310E+2	6.766900E+1	1.410000E+0
1.911700E+1	2.982512E-1	5.734572E+0	3.301310E+2	6.766900E+1	1.410000E+0
1.913000E+1	2.982512E-1	5.734572E+0	3.301310E+2	6.766900E+1	1.410000E+0
1.921300E+1	2.982464E-1	5.739144E+0	3.301310E+2	6.766900E+1	1.410000E+0
1.922200E+1	2.982464E-1	5.739144E+0	3.301310E+2	6.766900E+1	1.410000E+0
1.933800E+1	2.982544E-1	5.731372E+0	3.301310E+2	6.766900E+1	1.410000E+0
1.934700E+1	2.982544E-1	5.731372E+0	3.301310E+2	6.766900E+1	1.410000E+0
1.942800E+1	2.982628E-1	5.731590E+0	3.301310E+2	6.766900E+1	1.410000E+0
1.943700E+1	2.982628E-1	5.731590E+0	3.301310E+2	6.766900E+1	1.410000E+0
1.951700E+1	2.982638E-1	5.733697E+0	3.301310E+2	6.766900E+1	1.410000E+0
1.952600E+1	2.982638E-1	5.733697E+0	3.301310E+2	6.766900E+1	1.410000E+0
1.960700E+1	3.093142E-1	6.232671E+0	3.301310E+2	6.766900E+1	1.410000E+0
1.961600E+1	3.093142E-1	6.232671E+0	3.301310E+2	6.766900E+1	1.410000E+0
1.969700E+1	3.093367E-1	6.235735E+0	3.301310E+2	6.766900E+1	1.410000E+0
1.970600E+1	3.093367E-1	6.235735E+0	3.301310E+2	6.766900E+1	1.410000E+0
1.981800E+1	3.093295E-1	6.238269E+0	3.301310E+2	6.766900E+1	1.410000E+0
1.982700E+1	3.093295E-1	6.238269E+0	3.301310E+2	6.766900E+1	1.410000E+0
1.990700E+1	3.093321E-1	6.236495E+0	3.301310E+2	6.766900E+1	1.410000E+0
1.991600E+1	3.093321E-1	6.236495E+0	3.301310E+2	6.766900E+1	1.410000E+0
1.999700E+1	3.093405E-1	6.233187E+0	3.301310E+2	6.766900E+1	1.410000E+0
2.000600E+1	3.093405E-1	6.233187E+0	3.301310E+2	6.766900E+1	1.410000E+0
2.008700E+1	3.093343E-1	6.233517E+0	3.301310E+2	6.766900E+1	1.410000E+0
2.010100E+1	3.093343E-1	6.233517E+0	3.301310E+2	6.766900E+1	1.410000E+0
2.018400E+1	3.181755E-1	6.742083E+0	3.301310E+2	6.766900E+1	1.410000E+0
2.019200E+1	3.181755E-1	6.742083E+0	3.301310E+2	6.766900E+1	1.410000E+0
2.030800E+1	3.203582E-1	6.748399E+0	3.301310E+2	6.766900E+1	1.410000E+0
2.031700E+1	3.203582E-1	6.748399E+0	3.301310E+2	6.766900E+1	1.410000E+0
2.039800E+1	3.203606E-1	6.747392E+0	3.301310E+2	6.766900E+1	1.410000E+0
2.040700E+1	3.203606E-1	6.747392E+0	3.301310E+2	6.766900E+1	1.410000E+0
2.048700E+1	3.203620E-1	6.751828E+0	3.301310E+2	6.766900E+1	1.410000E+0
2.049600E+1	3.203620E-1	6.751828E+0	3.301310E+2	6.766900E+1	1.410000E+0
2.057700E+1	3.203610E-1	6.746772E+0	3.301310E+2	6.766900E+1	1.410000E+0
2.058600E+1	3.203610E-1	6.746772E+0	3.301310E+2	6.766900E+1	1.410000E+0
2.066700E+1	3.203792E-1	6.740498E+0	3.301310E+2	6.766900E+1	1.410000E+0
2.067600E+1	3.203792E-1	6.740498E+0	3.301310E+2	6.766900E+1	1.410000E+0
2.079100E+1	3.203726E-1	6.743479E+0	3.301310E+2	6.766900E+1	1.410000E+0
2.079900E+1	3.203726E-1	6.743479E+0	3.301310E+2	6.766900E+1	1.410000E+0
2.088400E+1	3.312411E-1	7.264034E+0	3.301310E+2	6.766900E+1	1.410000E+0
2.089200E+1	3.312411E-1	7.264034E+0	3.301310E+2	6.766900E+1	1.410000E+0
2.097700E+1	3.314332E-1	7.268427E+0	3.301310E+2	6.766900E+1	1.410000E+0
2.098700E+1	3.314332E-1	7.268427E+0	3.301310E+2	6.766900E+1	1.410000E+0
2.106700E+1	3.314362E-1	7.265015E+0	3.301310E+2	6.766900E+1	1.410000E+0
2.107600E+1	3.314362E-1	7.265015E+0	3.301310E+2	6.766900E+1	1.410000E+0
2.116100E+1	3.314216E-1	7.263456E+0	3.301310E+2	6.766900E+1	1.410000E+0
2.117800E+1	3.314216E-1	7.263456E+0	3.301310E+2	6.766900E+1	1.410000E+0
2.128400E+1	3.314226E-1	7.264117E+0	3.301310E+2	6.766900E+1	1.410000E+0
2.129200E+1	3.314226E-1	7.264117E+0	3.301310E+2	6.766900E+1	1.410000E+0
2.137700E+1	3.314162E-1	7.263720E+0	3.301310E+2	6.766900E+1	1.410000E+0
2.138600E+1	3.314162E-1	7.263720E+0	3.301310E+2	6.766900E+1	1.410000E+0
2.146800E+1	3.314252E-1	7.263017E+0	3.301310E+2	6.766900E+1	1.410000E+0
2.147700E+1	3.314252E-1	7.263017E+0	3.301310E+2	6.766900E+1	1.410000E+0
2.155800E+1	3.423856E-1	7.788538E+0	3.301310E+2	6.766900E+1	1.410000E+0
2.156700E+1	3.423856E-1	7.788538E+0	3.301310E+2	6.766900E+1	1.410000E+0
2.164800E+1	3.424012E-1	7.791641E+0	3.301310E+2	6.766900E+1	1.410000E+0
2.165600E+1	3.424012E-1	7.791641E+0	3.301310E+2	6.766900E+1	1.410000E+0
2.176800E+1	3.424052E-1	7.792383E+0	3.301310E+2	6.766900E+1	1.410000E+0
2.177700E+1	3.424052E-1	7.792383E+0	3.301310E+2	6.766900E+1	1.410000E+0
2.185700E+1	3.424096E-1	7.795144E+0	3.301310E+2	6.766900E+1	1.410000E+0
2.186600E+1	3.424096E-1	7.795144E+0	3.301310E+2	6.766900E+1	1.410000E+0
2.194800E+1	3.424130E-1	7.793307E+0	3.301310E+2	6.766900E+1	1.410000E+0
2.195700E+1	3.424130E-1	7.793307E+0	3.301310E+2	6.766900E+1	1.410000E+0
2.203700E+1	3.424124E-1	7.791341E+0	3.301310E+2	6.766900E+1	1.410000E+0
2.204600E+1	3.424124E-1	7.791341E+0	3.301310E+2	6.766900E+1	1.410000E+0
2.212800E+1	3.468590E-1	8.001633E+0	3.301310E+2	6.766900E+1	1.410000E+0
2.214100E+1	3.468590E-1	8.001633E+0	3.301310E+2	6.766900E+1	1.410000E+0
2.225400E+1	3.479663E-1	8.051908E+0	3.301310E+2	6.766900E+1	1.410000E+0
2.226300E+1	3.479663E-1	8.051908E+0	3.301310E+2	6.766900E+1	1.410000E+0
2.234700E+1	3.479653E-1	8.056292E+0	3.301310E+2	6.766900E+1	1.410000E+0
2.235500E+1	3.479653E-1	8.056292E+0	3.301310E+2	6.766900E+1	1.410000E+0
2.243800E+1	3.479613E-1	8.058369E+0	3.301310E+2	6.766900E+1	1.410000E+0
2.244700E+1	3.479613E-1	8.058369E+0	3.301310E+2	6.766900E+1	1.410000E+0
2.252800E+1	3.479677E-1	8.061143E+0	3.301310E+2	6.766900E+1	1.410000E+0
2.253600E+1	3.479677E-1	8.061143E+0	3.301310E+2	6.766900E+1	1.410000E+0
2.261700E+1	3.479653E-1	8.056616E+0	3.301310E+2	6.766900E+1	1.410000E+0
2.262600E+1	3.479653E-1	8.056616E+0	3.301310E+2	6.766900E+1	1.410000E+0
2.273900E+1	3.479621E-1	8.056586E+0	3.301310E+2	6.766900E+1	1.410000E+0
2.274800E+1	3.479621E-1	8.056586E+0	3.301310E+2	6.766900E+1	1.410000E+0
2.282800E+1	3.582803E-1	8.557433E+0	3.301310E+2	6.766900E+1	1.410000E+0
2.283700E+1	3.582803E-1	8.557433E+0	3.301310E+2	6.766900E+1	1.410000E+0
2.291800E+1	3.590014E-1	8.593693E+0	3.301310E+2	6.766900E+1	1.410000E+0
2.292600E+1	3.590014E-1	8.593693E+0	3.301310E+2	6.766900E+1	1.410000E+0
2.300800E+1	3.590010E-1	8.595698E+0	3.301310E+2	6.766900E+1	1.410000E+0
2.301600E+1	3.590010E-1	8.595698E+0	3.301310E+2	6.766900E+1	1.410000E+0
2.309800E+1	3.590000E-1	8.595396E+0	3.301310E+2	6.766900E+1	1.410000E+0
2.311100E+1	3.590000E-1	8.595396E+0	3.301310E+2	6.766900E+1	1.410000E+0
2.322600E+1	3.590068E-1	8.591811E+0	3.301310E+2	6.766900E+1	1.410000E+0
2.323400E+1	3.590068E-1	8.591811E+0	3.301310E+2	6.766900E+1	1.410000E+0
2.331900E+1	3.590078E-1	8.591808E+0	3.301310E+2	6.766900E+1	1.410000E+0
2.332800E+1	3.590078E-1	8.591808E+0	3.301310E+2	6.766900E+1	1.410000E+0
2.340900E+1	3.670840E-1	8.988801E+0	3.301310E+2	6.766900E+1	1.410000E+0
2.341800E+1	3.670840E-1	8.988801E+0	3.301310E+2	6.766900E+1	1.410000E+0
2.349800E+1	3.700286E-1	9.140914E+0	3.301310E+2	6.766900E+1	1.410000E+0
2.350700E+1	3.700286E-1	9.140914E+0	3.301310E+2	6.766900E+1	1.410000E+0
2.358800E+1	3.700147E-1	9.139327E+0	3.301310E+2	6.766900E+1	1.410000E+0
2.359700E+1	3.700147E-1	9.139327E+0	3.301310E+2	6.766900E+1	1.410000E+0
2.370900E+1	3.700057E-1	9.139514E+0	3.301310E+2	6.766900E+1	1.410000E+0
2.371900E+1	3.700057E-1	9.139514E+0	3.301310E+2	6.766900E+1	1.410000E+0
2.379800E+1	3.700392E-1	9.143418E+0	3.301310E+2	6.766900E+1	1.410000E+0
2.380700E+1	3.700392E-1	9.143418E+0	3.301310E+2	6.766900E+1	1.410000E+0
2.388700E+1	3.700322E-1	9.139901E+0	3.301310E+2	6.766900E+1	1.410000E+0
2.389600E+1	3.700322E-1	9.139901E+0	3.301310E+2	6.766900E+1	1.410000E+0
2.397800E+1	3.700288E-1	9.133190E+0	3.301310E+2	6.766900E+1	1.410000E+0
2.398700E+1	3.700288E-1	9.133190E+0	3.301310E+2	6.766900E+1	1.410000E+0
2.406800E+1	3.786232E-1	9.563865E+0	3.301310E+2	6.766900E+1	1.410000E+0
2.407700E+1	3.786232E-1	9.563865E+0	3.301310E+2	6.766900E+1	1.410000E+0
2.419300E+1	3.810312E-1	9.691273E+0	3.301310E+2	6.766900E+1	1.410000E+0
2.421800E+1	3.810312E-1	9.691273E+0	3.301310E+2	6.766900E+1	1.410000E+0
2.429800E+1	3.810400E-1	9.691417E+0	3.301310E+2	6.766900E+1	1.410000E+0
2.430700E+1	3.810400E-1	9.691417E+0	3.301310E+2	6.766900E+1	1.410000E+0
2.438800E+1	3.810342E-1	9.694504E+0	3.301310E+2	6.766900E+1	1.410000E+0
2.439600E+1	3.810342E-1	9.694504E+0	3.301310E+2	6.766900E+1	1.410000E+0
2.447900E+1	3.810364E-1	9.692477E+0	3.301310E+2	6.766900E+1	1.410000E+0
2.448700E+1	3.810364E-1	9.692477E+0	3.301310E+2	6.766900E+1	1.410000E+0
2.456800E+1	3.810407E-1	9.682050E+0	3.301310E+2	6.766900E+1	1.410000E+0
2.457700E+1	3.810407E-1	9.682050E+0	3.301310E+2	6.766900E+1	1.410000E+0
2.469100E+1	3.810413E-1	9.682166E+0	3.301310E+2	6.766900E+1	1.410000E+0
2.469900E+1	3.810413E-1	9.682166E+0	3.301310E+2	6.766900E+1	1.410000E+0
2.477800E+1	3.916646E-1	1.022415E+1	3.301310E+2	6.766900E+1	1.410000E+0
2.478700E+1	3.916646E-1	1.022415E+1	3.301310E+2	6.766900E+1	1.410000E+0
2.486900E+1	3.919760E-1	1.024825E+1	3.301310E+2	6.766900E+1	1.410000E+0
2.487800E+1	3.919760E-1	1.024825E+1	3.301310E+2	6.766900E+1	1.410000E+0
2.495800E+1	3.919774E-1	1.024822E+1	3.301310E+2	6.766900E+1	1.410000E+0
2.496700E+1	3.919774E-1	1.024822E+1	3.301310E+2	6.766900E+1	1.410000E+0
2.504900E+1	3.919786E-1	1.024869E+1	3.301310E+2	6.766900E+1	1.410000E+0
2.505700E+1	3.919786E-1	1.024869E+1	3.301310E+2	6.766900E+1	1.410000E+0
2.517000E+1	3.919731E-1	1.023201E+1	3.301310E+2	6.766900E+1	1.410000E+0
2.518300E+1	3.919731E-1	1.023201E+1	3.301310E+2	6.766900E+1	1.410000E+0
2.526800E+1	3.919798E-1	1.023477E+1	3.301310E+2	6.766900E+1	1.410000E+0
2.527700E+1	3.919798E-1	1.023477E+1	3.301310E+2	6.766900E+1	1.410000E+0
2.535700E+1	4.005445E-1	1.067604E+1	3.301310E+2	6.766900E+1	1.410000E+0
2.536600E+1	4.005445E-1	1.067604E+1	3.301310E+2	6.766900E+1	1.410000E+0
2.544700E+1	4.030075E-1	1.081557E+1	3.301310E+2	6.766900E+1	1.410000E+0
2.545600E+1	4.030075E-1	1.081557E+1	3.301310E+2	6.766900E+1	1.410000E+0
2.553900E+1	4.030039E-1	1.082128E+1	3.301310E+2	6.766900E+1	1.410000E+0
2.554800E+1	4.030039E-1	1.082128E+1	3.301310E+2	6.766900E+1	1.410000E+0
2.565900E+1	4.030087E-1	1.079701E+1	3.301310E+2	6.766900E+1	1.410000E+0
2.566800E+1	4.030087E-1	1.079701E+1	3.301310E+2	6.766900E+1	1.410000E+0
2.574900E+1	4.029991E-1	1.079847E+1	3.301310E+2	6.766900E+1	1.410000E+0
2.575800E+1	4.029991E-1	1.079847E+1	3.301310E+2	6.766900E+1	1.410000E+0
2.583800E+1	4.030055E-1	1.080524E+1	3.301310E+2	6.766900E+1	1.410000E+0
2.584700E+1	4.030055E-1	1.080524E+1	3.301310E+2	6.766900E+1	1.410000E+0
2.592800E+1	4.030099E-1	1.080179E+1	3.301310E+2	6.766900E+1	1.410000E+0
2.593600E+1	4.030099E-1	1.080179E+1	3.301310E+2	6.766900E+1	1.410000E+0
2.601900E+1	4.085014E-1	1.110034E+1	3.301310E+2	6.766900E+1	1.410000E+0
2.602800E+1	4.085014E-1	1.110034E+1	3.301310E+2	6.766900E+1	1.410000E+0
2.613900E+1	4.085086E-1	1.108335E+1	3.301310E+2	6.766900E+1	1.410000E+0
2.615300E+1	4.085086E-1	1.108335E+1	3.301310E+2	6.766900E+1	1.410000E+0
2.623400E+1	4.084988E-1	1.107769E+1	3.301310E+2	6.766900E+1	1.410000E+0
2.624300E+1	4.084988E-1	1.107769E+1	3.301310E+2	6.766900E+1	1.410000E+0
2.632800E+1	4.084992E-1	1.108260E+1	3.301310E+2	6.766900E+1	1.410000E+0
2.633700E+1	4.084992E-1	1.108260E+1	3.301310E+2	6.766900E+1	1.410000E+0
2.641800E+1	4.084946E-1	1.109611E+1	3.301310E+2	6.766900E+1	1.410000E+0
2.642700E+1	4.084946E-1	1.109611E+1	3.301310E+2	6.766900E+1	1.410000E+0
2.650900E+1	4.084910E-1	1.109534E+1	3.301310E+2	6.766900E+1	1.410000E+0
2.651800E+1	4.084910E-1	1.109534E+1	3.301310E+2	6.766900E+1	1.410000E+0
2.663000E+1	4.172845E-1	1.152459E+1	3.301310E+2	6.766900E+1	1.410000E+0
2.663800E+1	4.172845E-1	1.152459E+1	3.301310E+2	6.766900E+1	1.410000E+0
2.671800E+1	4.195346E-1	1.165151E+1	3.301310E+2	6.766900E+1	1.410000E+0
2.672700E+1	4.195346E-1	1.165151E+1	3.301310E+2	6.766900E+1	1.410000E+0
2.680800E+1	4.195283E-1	1.165290E+1	3.301310E+2	6.766900E+1	1.410000E+0
2.681700E+1	4.195283E-1	1.165290E+1	3.301310E+2	6.766900E+1	1.410000E+0
2.689800E+1	4.195261E-1	1.166226E+1	3.301310E+2	6.766900E+1	1.410000E+0
2.690700E+1	4.195261E-1	1.166226E+1	3.301310E+2	6.766900E+1	1.410000E+0
2.698900E+1	4.195356E-1	1.166780E+1	3.301310E+2	6.766900E+1	1.410000E+0
2.699800E+1	4.195356E-1	1.166780E+1	3.301310E+2	6.766900E+1	1.410000E+0
2.711100E+1	4.195474E-1	1.168353E+1	3.301310E+2	6.766900E+1	1.410000E+0
2.712400E+1	4.195474E-1	1.168353E+1	3.301310E+2	6.766900E+1	1.410000E+0
2.720900E+1	4.195235E-1	1.164036E+1	3.301310E+2	6.766900E+1	1.410000E+0
2.721700E+1	4.195235E-1	1.164036E+1	3.301310E+2	6.766900E+1	1.410000E+0
2.741500E+1	4.275368E-1	1.225179E+1	3.301310E+2	6.766900E+1	1.410000E+0
2.742400E+1	4.275368E-1	1.225179E+1	3.301310E+2	6.766900E+1	1.410000E+0
2.753600E+1	4.305092E-1	1.222459E+1	3.301310E+2	6.766900E+1	1.410000E+0
2.754400E+1	4.305092E-1	1.222459E+1	3.301310E+2	6.766900E+1	1.410000E+0
2.762900E+1	4.305074E-1	1.221033E+1	3.301310E+2	6.766900E+1	1.410000E+0
2.763800E+1	4.305074E-1	1.221033E+1	3.301310E+2	6.766900E+1	1.410000E+0
2.771900E+1	4.304975E-1	1.221299E+1	3.301310E+2	6.766900E+1	1.410000E+0
2.772800E+1	4.304975E-1	1.221299E+1	3.301310E+2	6.766900E+1	1.410000E+0
2.780900E+1	4.305064E-1	1.223665E+1	3.301310E+2	6.766900E+1	1.410000E+0
2.781800E+1	4.305064E-1	1.223665E+1	3.301310E+2	6.766900E+1	1.410000E+0
2.789900E+1	4.305120E-1	1.226245E+1	3.301310E+2	6.766900E+1	1.410000E+0
2.790800E+1	4.305120E-1	1.226245E+1	3.301310E+2	6.766900E+1	1.410000E+0
2.802300E+1	4.305145E-1	1.220556E+1	3.301310E+2	6.766900E+1	1.410000E+0
2.803200E+1	4.305145E-1	1.220556E+1	3.301310E+2	6.766900E+1	1.410000E+0
2.811000E+1	4.414600E-1	1.279242E+1	3.301310E+2	6.766900E+1	1.410000E+0
2.812300E+1	4.414600E-1	1.279242E+1	3.301310E+2	6.766900E+1	1.410000E+0
2.820600E+1	4.415362E-1	1.281005E+1	3.301310E+2	6.766900E+1	1.410000E+0
2.821500E+1	4.415362E-1	1.281005E+1	3.301310E+2	6.766900E+1	1.410000E+0
2.830000E+1	4.415276E-1	1.284990E+1	3.301310E+2	6.766900E+1	1.410000E+0
2.830900E+1	4.415276E-1	1.284990E+1	3.301310E+2	6.766900E+1	1.410000E+0
2.839000E+1	4.415546E-1	1.280245E+1	3.301310E+2	6.766900E+1	1.410000E+0
2.839800E+1	4.415546E-1	1.280245E+1	3.301310E+2	6.766900E+1	1.410000E+0
2.851100E+1	4.415512E-1	1.278651E+1	3.301310E+2	6.766900E+1	1.410000E+0
2.852000E+1	4.415512E-1	1.278651E+1	3.301310E+2	6.766900E+1	1.410000E+0
2.860000E+1	4.415422E-1	1.279440E+1	3.301310E+2	6.766900E+1	1.410000E+0
2.860900E+1	4.415422E-1	1.279440E+1	3.301310E+2	6.766900E+1	1.410000E+0
2.869000E+1	4.504380E-1	1.328350E+1	3.301310E+2	6.766900E+1	1.410000E+0
2.869900E+1	4.504380E-1	1.328350E+1	3.301310E+2	6.766900E+1	1.410000E+0
2.878000E+1	4.525531E-1	1.345370E+1	3.301310E+2	6.766900E+1	1.410000E+0
2.878900E+1	4.525531E-1	1.345370E+1	3.301310E+2	6.766900E+1	1.410000E+0
2.886900E+1	4.525695E-1	1.336852E+1	3.301310E+2	6.766900E+1	1.410000E+0
2.887800E+1	4.525695E-1	1.336852E+1	3.301310E+2	6.766900E+1	1.410000E+0
2.899100E+1	4.525583E-1	1.337103E+1	3.301310E+2	6.766900E+1	1.410000E+0
2.900000E+1	4.525583E-1	1.337103E+1	3.301310E+2	6.766900E+1	1.410000E+0
2.908100E+1	4.525587E-1	1.338338E+1	3.301310E+2	6.766900E+1	1.410000E+0
2.909500E+1	4.525587E-1	1.338338E+1	3.301310E+2	6.766900E+1	1.410000E+0
2.917700E+1	4.525633E-1	1.340518E+1	3.301310E+2	6.766900E+1	1.410000E+0
2.918600E+1	4.525633E-1	1.340518E+1	3.301310E+2	6.766900E+1	1.410000E+0
2.927100E+1	4.525591E-1	1.347062E+1	3.301310E+2	6.766900E+1	1.410000E+0
