Sample;s3(i3)
V-V length(cm);1.000000
Field (T);13.058663
Temp (K);4.200000
Angle (deg.);0.000000
Field(T)_memo;13.000000
Time(sec.)	Current(A)	Voltage(uV)	Temp.1(K)	Temp.2(K)	Temp.3(K)
0.000000E+0	6.917262E-4	-5.021409E-6	3.301310E+2	6.766900E+1	1.410000E+0
5.000000E-2	6.959364E-4	1.405995E-5	3.301310E+2	6.766900E+1	1.410000E+0
6.600000E-2	6.959364E-4	1.405995E-5	3.301310E+2	6.766900E+1	1.410000E+0
1.400000E-1	7.149826E-4	-7.532113E-6	3.301310E+2	6.766900E+1	1.410000E+0
1.490000E-1	7.149826E-4	-7.532113E-6	3.301310E+2	6.766900E+1	1.410000E+0
2.300000E-1	6.927286E-4	1.506423E-6	3.301310E+2	6.766900E+1	1.410000E+0
2.390000E-1	6.927286E-4	1.506423E-6	3.301310E+2	6.766900E+1	1.410000E+0
3.510000E-1	1.170463E-2	1.456209E-5	3.301310E+2	6.766900E+1	1.410000E+0
3.600000E-1	1.170463E-2	1.456209E-5	3.301310E+2	6.766900E+1	1.410000E+0
4.400000E-1	1.171966E-2	-5.021409E-6	3.301310E+2	6.766900E+1	1.410000E+0
4.490000E-1	1.171966E-2	-5.021409E-6	3.301310E+2	6.766900E+1	1.410000E+0
5.290000E-1	1.172447E-2	-5.021409E-6	3.301310E+2	6.766900E+1	1.410000E+0
5.370000E-1	1.172447E-2	-5.021409E-6	3.301310E+2	6.766900E+1	1.410000E+0
6.190000E-1	1.171766E-2	-1.205138E-5	3.301310E+2	6.766900E+1	1.410000E+0
6.280000E-1	1.171766E-2	-1.205138E-5	3.301310E+2	6.766900E+1	1.410000E+0
7.090000E-1	1.948228E-2	3.414558E-5	3.301310E+2	6.766900E+1	1.410000E+0
7.170000E-1	1.948228E-2	3.414558E-5	3.301310E+2	6.766900E+1	1.410000E+0
8.320000E-1	2.277468E-2	1.255406E-5	3.301310E+2	6.766900E+1	1.410000E+0
8.410000E-1	2.277468E-2	1.255406E-5	3.301310E+2	6.766900E+1	1.410000E+0
9.250000E-1	2.276205E-2	1.305620E-5	3.301310E+2	6.766900E+1	1.410000E+0
9.340000E-1	2.276205E-2	1.305620E-5	3.301310E+2	6.766900E+1	1.410000E+0
1.019000E+0	2.276105E-2	2.009099E-6	3.301310E+2	6.766900E+1	1.410000E+0
1.033000E+0	2.276105E-2	2.009099E-6	3.301310E+2	6.766900E+1	1.410000E+0
1.114000E+0	2.276005E-2	-1.355727E-5	3.301310E+2	6.766900E+1	1.410000E+0
1.123000E+0	2.276005E-2	-1.355727E-5	3.301310E+2	6.766900E+1	1.410000E+0
1.210000E+0	2.828585E-2	1.556691E-5	3.301310E+2	6.766900E+1	1.410000E+0
1.219000E+0	2.828585E-2	1.556691E-5	3.301310E+2	6.766900E+1	1.410000E+0
1.330000E+0	2.828244E-2	1.305620E-5	3.301310E+2	6.766900E+1	1.410000E+0
1.338000E+0	2.828244E-2	1.305620E-5	3.301310E+2	6.766900E+1	1.410000E+0
1.418000E+0	2.828866E-2	2.410330E-5	3.301310E+2	6.766900E+1	1.410000E+0
1.427000E+0	2.828866E-2	2.410330E-5	3.301310E+2	6.766900E+1	1.410000E+0
1.508000E+0	2.828164E-2	2.560973E-5	3.301310E+2	6.766900E+1	1.410000E+0
1.517000E+0	2.828164E-2	2.560973E-5	3.301310E+2	6.766900E+1	1.410000E+0
1.598000E+0	3.920854E-2	1.054550E-5	3.301310E+2	6.766900E+1	1.410000E+0
1.607000E+0	3.920854E-2	1.054550E-5	3.301310E+2	6.766900E+1	1.410000E+0
1.688000E+0	3.921114E-2	5.524087E-6	3.301310E+2	6.766900E+1	1.410000E+0
1.697000E+0	3.921114E-2	5.524087E-6	3.301310E+2	6.766900E+1	1.410000E+0
1.808000E+0	3.921495E-2	1.305620E-5	3.301310E+2	6.766900E+1	1.410000E+0
1.817000E+0	3.921495E-2	1.305620E-5	3.301310E+2	6.766900E+1	1.410000E+0
1.898000E+0	3.921094E-2	1.355834E-5	3.301310E+2	6.766900E+1	1.410000E+0
1.907000E+0	3.921094E-2	1.355834E-5	3.301310E+2	6.766900E+1	1.410000E+0
1.988000E+0	4.426600E-2	2.912471E-5	3.301310E+2	6.766900E+1	1.410000E+0
2.001000E+0	4.426600E-2	2.912471E-5	3.301310E+2	6.766900E+1	1.410000E+0
2.084000E+0	5.025312E-2	-2.159153E-5	3.301310E+2	6.766900E+1	1.410000E+0
2.094000E+0	5.025312E-2	-2.159153E-5	3.301310E+2	6.766900E+1	1.410000E+0
2.177000E+0	5.025172E-2	1.004817E-6	3.301310E+2	6.766900E+1	1.410000E+0
2.186000E+0	5.025172E-2	1.004817E-6	3.301310E+2	6.766900E+1	1.410000E+0
2.297000E+0	5.026215E-2	4.017663E-6	3.301310E+2	6.766900E+1	1.410000E+0
2.306000E+0	5.026215E-2	4.017663E-6	3.301310E+2	6.766900E+1	1.410000E+0
2.387000E+0	5.025012E-2	-1.456155E-5	3.301310E+2	6.766900E+1	1.410000E+0
2.396000E+0	5.025012E-2	-1.456155E-5	3.301310E+2	6.766900E+1	1.410000E+0
2.477000E+0	6.127666E-2	-3.012311E-6	3.301310E+2	6.766900E+1	1.410000E+0
2.487000E+0	6.127666E-2	-3.012311E-6	3.301310E+2	6.766900E+1	1.410000E+0
2.567000E+0	6.126704E-2	1.004336E-5	3.301310E+2	6.766900E+1	1.410000E+0
2.576000E+0	6.126704E-2	1.004336E-5	3.301310E+2	6.766900E+1	1.410000E+0
2.657000E+0	6.128167E-2	1.004817E-6	3.301310E+2	6.766900E+1	1.410000E+0
2.667000E+0	6.128167E-2	1.004817E-6	3.301310E+2	6.766900E+1	1.410000E+0
2.777000E+0	6.127866E-2	-1.857868E-5	3.301310E+2	6.766900E+1	1.410000E+0
2.786000E+0	6.127866E-2	-1.857868E-5	3.301310E+2	6.766900E+1	1.410000E+0
2.867000E+0	6.950782E-2	2.259688E-5	3.301310E+2	6.766900E+1	1.410000E+0
2.876000E+0	6.950782E-2	2.259688E-5	3.301310E+2	6.766900E+1	1.410000E+0
2.957000E+0	7.230160E-2	9.039074E-6	3.301310E+2	6.766900E+1	1.410000E+0
2.966000E+0	7.230160E-2	9.039074E-6	3.301310E+2	6.766900E+1	1.410000E+0
3.051000E+0	7.227794E-2	3.515522E-6	3.301310E+2	6.766900E+1	1.410000E+0
3.067000E+0	7.227794E-2	3.515522E-6	3.301310E+2	6.766900E+1	1.410000E+0
3.142000E+0	7.229338E-2	1.104764E-5	3.301310E+2	6.766900E+1	1.410000E+0
3.151000E+0	7.229338E-2	1.104764E-5	3.301310E+2	6.766900E+1	1.410000E+0
3.268000E+0	7.230240E-2	-3.012311E-6	3.301310E+2	6.766900E+1	1.410000E+0
3.277000E+0	7.230240E-2	-3.012311E-6	3.301310E+2	6.766900E+1	1.410000E+0
3.356000E+0	7.776204E-2	-1.505888E-6	3.301310E+2	6.766900E+1	1.410000E+0
3.365000E+0	7.776204E-2	-1.505888E-6	3.301310E+2	6.766900E+1	1.410000E+0
3.446000E+0	7.777567E-2	-7.531580E-6	3.301310E+2	6.766900E+1	1.410000E+0
3.455000E+0	7.777567E-2	-7.531580E-6	3.301310E+2	6.766900E+1	1.410000E+0
3.536000E+0	7.776104E-2	9.039074E-6	3.301310E+2	6.766900E+1	1.410000E+0
3.545000E+0	7.776104E-2	9.039074E-6	3.301310E+2	6.766900E+1	1.410000E+0
3.626000E+0	7.776926E-2	-3.012311E-6	3.301310E+2	6.766900E+1	1.410000E+0
3.635000E+0	7.776926E-2	-3.012311E-6	3.301310E+2	6.766900E+1	1.410000E+0
3.747000E+0	8.879660E-2	-2.510170E-6	3.301310E+2	6.766900E+1	1.410000E+0
3.756000E+0	8.879660E-2	-2.510170E-6	3.301310E+2	6.766900E+1	1.410000E+0
3.836000E+0	8.880121E-2	5.352020E-10	3.301310E+2	6.766900E+1	1.410000E+0
3.845000E+0	8.880121E-2	5.352020E-10	3.301310E+2	6.766900E+1	1.410000E+0
3.926000E+0	8.881144E-2	1.506477E-5	3.301310E+2	6.766900E+1	1.410000E+0
3.935000E+0	8.881144E-2	1.506477E-5	3.301310E+2	6.766900E+1	1.410000E+0
4.016000E+0	8.880442E-2	-8.535862E-6	3.301310E+2	6.766900E+1	1.410000E+0
4.029000E+0	8.880442E-2	-8.535862E-6	3.301310E+2	6.766900E+1	1.410000E+0
4.111000E+0	9.740969E-2	3.766111E-5	3.301310E+2	6.766900E+1	1.410000E+0
4.120000E+0	9.740969E-2	3.766111E-5	3.301310E+2	6.766900E+1	1.410000E+0
4.236000E+0	9.979487E-2	2.360116E-5	3.301310E+2	6.766900E+1	1.410000E+0
4.244000E+0	9.979487E-2	2.360116E-5	3.301310E+2	6.766900E+1	1.410000E+0
4.325000E+0	9.981392E-2	1.305620E-5	3.301310E+2	6.766900E+1	1.410000E+0
4.334000E+0	9.981392E-2	1.305620E-5	3.301310E+2	6.766900E+1	1.410000E+0
4.415000E+0	9.980971E-2	-7.531580E-6	3.301310E+2	6.766900E+1	1.410000E+0
4.424000E+0	9.980971E-2	-7.531580E-6	3.301310E+2	6.766900E+1	1.410000E+0
4.506000E+0	9.980770E-2	2.962686E-5	3.301310E+2	6.766900E+1	1.410000E+0
4.514000E+0	9.980770E-2	2.962686E-5	3.301310E+2	6.766900E+1	1.410000E+0
4.594000E+0	1.108342E-1	4.519323E-5	3.301310E+2	6.766900E+1	1.410000E+0
4.603000E+0	1.108342E-1	4.519323E-5	3.301310E+2	6.766900E+1	1.410000E+0
4.717000E+0	1.108385E-1	1.757547E-5	3.301310E+2	6.766900E+1	1.410000E+0
4.726000E+0	1.108385E-1	1.757547E-5	3.301310E+2	6.766900E+1	1.410000E+0
4.805000E+0	1.108389E-1	4.067396E-5	3.301310E+2	6.766900E+1	1.410000E+0
4.814000E+0	1.108389E-1	4.067396E-5	3.301310E+2	6.766900E+1	1.410000E+0
4.895000E+0	1.108411E-1	4.469109E-5	3.301310E+2	6.766900E+1	1.410000E+0
4.904000E+0	1.108411E-1	4.469109E-5	3.301310E+2	6.766900E+1	1.410000E+0
4.985000E+0	1.196592E-1	1.456214E-4	3.301310E+2	6.766900E+1	1.410000E+0
4.998000E+0	1.196592E-1	1.456214E-4	3.301310E+2	6.766900E+1	1.410000E+0
5.081000E+0	1.218171E-1	1.496386E-4	3.301310E+2	6.766900E+1	1.410000E+0
5.090000E+0	1.218171E-1	1.496386E-4	3.301310E+2	6.766900E+1	1.410000E+0
5.207000E+0	1.218069E-1	1.571707E-4	3.301310E+2	6.766900E+1	1.410000E+0
5.216000E+0	1.218069E-1	1.571707E-4	3.301310E+2	6.766900E+1	1.410000E+0
5.301000E+0	1.218036E-1	1.421064E-4	3.301310E+2	6.766900E+1	1.410000E+0
5.310000E+0	1.218036E-1	1.421064E-4	3.301310E+2	6.766900E+1	1.410000E+0
5.394000E+0	1.218049E-1	1.421064E-4	3.301310E+2	6.766900E+1	1.410000E+0
5.404000E+0	1.218049E-1	1.421064E-4	3.301310E+2	6.766900E+1	1.410000E+0
5.484000E+0	1.328448E-1	4.710088E-4	3.301310E+2	6.766900E+1	1.410000E+0
5.494000E+0	1.328448E-1	4.710088E-4	3.301310E+2	6.766900E+1	1.410000E+0
5.574000E+0	1.328653E-1	4.870773E-4	3.301310E+2	6.766900E+1	1.410000E+0
5.583000E+0	1.328653E-1	4.870773E-4	3.301310E+2	6.766900E+1	1.410000E+0
5.696000E+0	1.328603E-1	4.725152E-4	3.301310E+2	6.766900E+1	1.410000E+0
5.705000E+0	1.328603E-1	4.725152E-4	3.301310E+2	6.766900E+1	1.410000E+0
5.784000E+0	1.328524E-1	5.051544E-4	3.301310E+2	6.766900E+1	1.410000E+0
5.792000E+0	1.328524E-1	5.051544E-4	3.301310E+2	6.766900E+1	1.410000E+0
5.874000E+0	1.383692E-1	8.220054E-4	3.301310E+2	6.766900E+1	1.410000E+0
5.883000E+0	1.383692E-1	8.220054E-4	3.301310E+2	6.766900E+1	1.410000E+0
5.964000E+0	1.383518E-1	8.300397E-4	3.301310E+2	6.766900E+1	1.410000E+0
5.977000E+0	1.383518E-1	8.300397E-4	3.301310E+2	6.766900E+1	1.410000E+0
6.063000E+0	1.383718E-1	8.566531E-4	3.301310E+2	6.766900E+1	1.410000E+0
6.072000E+0	1.383718E-1	8.566531E-4	3.301310E+2	6.766900E+1	1.410000E+0
6.183000E+0	1.383762E-1	8.501253E-4	3.301310E+2	6.766900E+1	1.410000E+0
6.193000E+0	1.383762E-1	8.501253E-4	3.301310E+2	6.766900E+1	1.410000E+0
6.273000E+0	1.468157E-1	1.944793E-3	3.301310E+2	6.766900E+1	1.410000E+0
6.281000E+0	1.468157E-1	1.944793E-3	3.301310E+2	6.766900E+1	1.410000E+0
6.363000E+0	1.494108E-1	2.207412E-3	3.301310E+2	6.766900E+1	1.410000E+0
6.372000E+0	1.494108E-1	2.207412E-3	3.301310E+2	6.766900E+1	1.410000E+0
6.454000E+0	1.494030E-1	2.236537E-3	3.301310E+2	6.766900E+1	1.410000E+0
6.463000E+0	1.494030E-1	2.236537E-3	3.301310E+2	6.766900E+1	1.410000E+0
6.544000E+0	1.494166E-1	2.230009E-3	3.301310E+2	6.766900E+1	1.410000E+0
6.553000E+0	1.494166E-1	2.230009E-3	3.301310E+2	6.766900E+1	1.410000E+0
6.664000E+0	1.494162E-1	2.209421E-3	3.301310E+2	6.766900E+1	1.410000E+0
6.673000E+0	1.494162E-1	2.209421E-3	3.301310E+2	6.766900E+1	1.410000E+0
6.753000E+0	1.604335E-1	5.127363E-3	3.301310E+2	6.766900E+1	1.410000E+0
6.762000E+0	1.604335E-1	5.127363E-3	3.301310E+2	6.766900E+1	1.410000E+0
6.843000E+0	1.604406E-1	5.132384E-3	3.301310E+2	6.766900E+1	1.410000E+0
6.852000E+0	1.604406E-1	5.132384E-3	3.301310E+2	6.766900E+1	1.410000E+0
6.933000E+0	1.604353E-1	5.156487E-3	3.301310E+2	6.766900E+1	1.410000E+0
6.942000E+0	1.604353E-1	5.156487E-3	3.301310E+2	6.766900E+1	1.410000E+0
7.023000E+0	1.604393E-1	5.181092E-3	3.301310E+2	6.766900E+1	1.410000E+0
7.036000E+0	1.604393E-1	5.181092E-3	3.301310E+2	6.766900E+1	1.410000E+0
7.151000E+0	1.687998E-1	1.049123E-2	3.301310E+2	6.766900E+1	1.410000E+0
7.160000E+0	1.687998E-1	1.049123E-2	3.301310E+2	6.766900E+1	1.410000E+0
7.243000E+0	1.714334E-1	1.061526E-2	3.301310E+2	6.766900E+1	1.410000E+0
7.252000E+0	1.714334E-1	1.061526E-2	3.301310E+2	6.766900E+1	1.410000E+0
7.332000E+0	1.714489E-1	1.065342E-2	3.301310E+2	6.766900E+1	1.410000E+0
7.341000E+0	1.714489E-1	1.065342E-2	3.301310E+2	6.766900E+1	1.410000E+0
7.423000E+0	1.714404E-1	1.065845E-2	3.301310E+2	6.766900E+1	1.410000E+0
7.431000E+0	1.714404E-1	1.065845E-2	3.301310E+2	6.766900E+1	1.410000E+0
7.512000E+0	1.714302E-1	1.070314E-2	3.301310E+2	6.766900E+1	1.410000E+0
7.521000E+0	1.714302E-1	1.070314E-2	3.301310E+2	6.766900E+1	1.410000E+0
7.635000E+0	1.824299E-1	1.944792E-2	3.301310E+2	6.766900E+1	1.410000E+0
7.644000E+0	1.824299E-1	1.944792E-2	3.301310E+2	6.766900E+1	1.410000E+0
7.722000E+0	1.824531E-1	1.976879E-2	3.301310E+2	6.766900E+1	1.410000E+0
7.731000E+0	1.824531E-1	1.976879E-2	3.301310E+2	6.766900E+1	1.410000E+0
7.812000E+0	1.824549E-1	1.981147E-2	3.301310E+2	6.766900E+1	1.410000E+0
7.821000E+0	1.824549E-1	1.981147E-2	3.301310E+2	6.766900E+1	1.410000E+0
7.902000E+0	1.824569E-1	1.986269E-2	3.301310E+2	6.766900E+1	1.410000E+0
7.911000E+0	1.824569E-1	1.986269E-2	3.301310E+2	6.766900E+1	1.410000E+0
7.991000E+0	1.870826E-1	2.499056E-2	3.301310E+2	6.766900E+1	1.410000E+0
8.005000E+0	1.870826E-1	2.499056E-2	3.301310E+2	6.766900E+1	1.410000E+0
8.119000E+0	1.879585E-1	2.605459E-2	3.301310E+2	6.766900E+1	1.410000E+0
8.127000E+0	1.879585E-1	2.605459E-2	3.301310E+2	6.766900E+1	1.410000E+0
8.212000E+0	1.879390E-1	2.618414E-2	3.301310E+2	6.766900E+1	1.410000E+0
8.221000E+0	1.879390E-1	2.618414E-2	3.301310E+2	6.766900E+1	1.410000E+0
8.301000E+0	1.879324E-1	2.619369E-2	3.301310E+2	6.766900E+1	1.410000E+0
8.310000E+0	1.879324E-1	2.619369E-2	3.301310E+2	6.766900E+1	1.410000E+0
8.392000E+0	1.958023E-1	3.756869E-2	3.301310E+2	6.766900E+1	1.410000E+0
8.400000E+0	1.958023E-1	3.756869E-2	3.301310E+2	6.766900E+1	1.410000E+0
8.482000E+0	1.989710E-1	4.246908E-2	3.301310E+2	6.766900E+1	1.410000E+0
8.491000E+0	1.989710E-1	4.246908E-2	3.301310E+2	6.766900E+1	1.410000E+0
8.602000E+0	1.989754E-1	4.274124E-2	3.301310E+2	6.766900E+1	1.410000E+0
8.612000E+0	1.989754E-1	4.274124E-2	3.301310E+2	6.766900E+1	1.410000E+0
8.692000E+0	1.989818E-1	4.291749E-2	3.301310E+2	6.766900E+1	1.410000E+0
8.702000E+0	1.989818E-1	4.291749E-2	3.301310E+2	6.766900E+1	1.410000E+0
8.782000E+0	1.989694E-1	4.295013E-2	3.301310E+2	6.766900E+1	1.410000E+0
8.791000E+0	1.989694E-1	4.295013E-2	3.301310E+2	6.766900E+1	1.410000E+0
8.871000E+0	2.098907E-1	6.382213E-2	3.301310E+2	6.766900E+1	1.410000E+0
8.880000E+0	2.098907E-1	6.382213E-2	3.301310E+2	6.766900E+1	1.410000E+0
8.962000E+0	2.099039E-1	6.489420E-2	3.301310E+2	6.766900E+1	1.410000E+0
8.971000E+0	2.099039E-1	6.489420E-2	3.301310E+2	6.766900E+1	1.410000E+0
9.083000E+0	2.098989E-1	6.528436E-2	3.301310E+2	6.766900E+1	1.410000E+0
9.099000E+0	2.098989E-1	6.528436E-2	3.301310E+2	6.766900E+1	1.410000E+0
9.181000E+0	2.099165E-1	6.556958E-2	3.301310E+2	6.766900E+1	1.410000E+0
9.190000E+0	2.099165E-1	6.556958E-2	3.301310E+2	6.766900E+1	1.410000E+0
9.271000E+0	2.188312E-1	8.725755E-2	3.301310E+2	6.766900E+1	1.410000E+0
9.281000E+0	2.188312E-1	8.725755E-2	3.301310E+2	6.766900E+1	1.410000E+0
9.362000E+0	2.209280E-1	9.390037E-2	3.301310E+2	6.766900E+1	1.410000E+0
9.370000E+0	2.209280E-1	9.390037E-2	3.301310E+2	6.766900E+1	1.410000E+0
9.451000E+0	2.209417E-1	9.463501E-2	3.301310E+2	6.766900E+1	1.410000E+0
9.460000E+0	2.209417E-1	9.463501E-2	3.301310E+2	6.766900E+1	1.410000E+0
9.572000E+0	2.209389E-1	9.503119E-2	3.301310E+2	6.766900E+1	1.410000E+0
9.581000E+0	2.209389E-1	9.503119E-2	3.301310E+2	6.766900E+1	1.410000E+0
9.661000E+0	2.209605E-1	9.524762E-2	3.301310E+2	6.766900E+1	1.410000E+0
9.670000E+0	2.209605E-1	9.524762E-2	3.301310E+2	6.766900E+1	1.410000E+0
9.751000E+0	2.319518E-1	1.250773E-1	3.301310E+2	6.766900E+1	1.410000E+0
9.760000E+0	2.319518E-1	1.250773E-1	3.301310E+2	6.766900E+1	1.410000E+0
9.841000E+0	2.319702E-1	1.159795E-1	3.301310E+2	6.766900E+1	1.410000E+0
9.850000E+0	2.319702E-1	1.159795E-1	3.301310E+2	6.766900E+1	1.410000E+0
9.931000E+0	2.319784E-1	1.146313E-1	3.301310E+2	6.766900E+1	1.410000E+0
9.940000E+0	2.319784E-1	1.146313E-1	3.301310E+2	6.766900E+1	1.410000E+0
1.005200E+1	2.319738E-1	1.139669E-1	3.301310E+2	6.766900E+1	1.410000E+0
1.006500E+1	2.319738E-1	1.139669E-1	3.301310E+2	6.766900E+1	1.410000E+0
1.015000E+1	2.374976E-1	1.318607E-1	3.301310E+2	6.766900E+1	1.410000E+0
1.016000E+1	2.374976E-1	1.318607E-1	3.301310E+2	6.766900E+1	1.410000E+0
1.024000E+1	2.374996E-1	1.348881E-1	3.301310E+2	6.766900E+1	1.410000E+0
1.024900E+1	2.374996E-1	1.348881E-1	3.301310E+2	6.766900E+1	1.410000E+0
1.033100E+1	2.374908E-1	1.358769E-1	3.301310E+2	6.766900E+1	1.410000E+0
1.033900E+1	2.374908E-1	1.358769E-1	3.301310E+2	6.766900E+1	1.410000E+0
1.042100E+1	2.375081E-1	1.367335E-1	3.301310E+2	6.766900E+1	1.410000E+0
1.043000E+1	2.375081E-1	1.367335E-1	3.301310E+2	6.766900E+1	1.410000E+0
1.054400E+1	2.459515E-1	1.689172E-1	3.301310E+2	6.766900E+1	1.410000E+0
1.055300E+1	2.459515E-1	1.689172E-1	3.301310E+2	6.766900E+1	1.410000E+0
1.063600E+1	2.485325E-1	1.813061E-1	3.301310E+2	6.766900E+1	1.410000E+0
1.064500E+1	2.485325E-1	1.813061E-1	3.301310E+2	6.766900E+1	1.410000E+0
1.073000E+1	2.485355E-1	1.823349E-1	3.301310E+2	6.766900E+1	1.410000E+0
1.073800E+1	2.485355E-1	1.823349E-1	3.301310E+2	6.766900E+1	1.410000E+0
1.082000E+1	2.485285E-1	1.826011E-1	3.301310E+2	6.766900E+1	1.410000E+0
1.082900E+1	2.485285E-1	1.826011E-1	3.301310E+2	6.766900E+1	1.410000E+0
1.091000E+1	2.485337E-1	1.825785E-1	3.301310E+2	6.766900E+1	1.410000E+0
1.091900E+1	2.485337E-1	1.825785E-1	3.301310E+2	6.766900E+1	1.410000E+0
1.103100E+1	2.595248E-1	2.307609E-1	3.301310E+2	6.766900E+1	1.410000E+0
1.104500E+1	2.595248E-1	2.307609E-1	3.301310E+2	6.766900E+1	1.410000E+0
1.112700E+1	2.595172E-1	2.324376E-1	3.301310E+2	6.766900E+1	1.410000E+0
1.113400E+1	2.595172E-1	2.324376E-1	3.301310E+2	6.766900E+1	1.410000E+0
1.122100E+1	2.595194E-1	2.326209E-1	3.301310E+2	6.766900E+1	1.410000E+0
1.122900E+1	2.595194E-1	2.326209E-1	3.301310E+2	6.766900E+1	1.410000E+0
1.131000E+1	2.595170E-1	2.325912E-1	3.301310E+2	6.766900E+1	1.410000E+0
1.131900E+1	2.595170E-1	2.325912E-1	3.301310E+2	6.766900E+1	1.410000E+0
1.140000E+1	2.680795E-1	2.754419E-1	3.301310E+2	6.766900E+1	1.410000E+0
1.140900E+1	2.680795E-1	2.754419E-1	3.301310E+2	6.766900E+1	1.410000E+0
1.152100E+1	2.705499E-1	2.905624E-1	3.301310E+2	6.766900E+1	1.410000E+0
1.153000E+1	2.705499E-1	2.905624E-1	3.301310E+2	6.766900E+1	1.410000E+0
1.161000E+1	2.705517E-1	2.905077E-1	3.301310E+2	6.766900E+1	1.410000E+0
1.161800E+1	2.705517E-1	2.905077E-1	3.301310E+2	6.766900E+1	1.410000E+0
1.170000E+1	2.705491E-1	2.907618E-1	3.301310E+2	6.766900E+1	1.410000E+0
1.170800E+1	2.705491E-1	2.907618E-1	3.301310E+2	6.766900E+1	1.410000E+0
1.179000E+1	2.705417E-1	2.911047E-1	3.301310E+2	6.766900E+1	1.410000E+0
1.179900E+1	2.705417E-1	2.911047E-1	3.301310E+2	6.766900E+1	1.410000E+0
1.188000E+1	2.815667E-1	3.557775E-1	3.301310E+2	6.766900E+1	1.410000E+0
1.188900E+1	2.815667E-1	3.557775E-1	3.301310E+2	6.766900E+1	1.410000E+0
1.200100E+1	2.815843E-1	3.584694E-1	3.301310E+2	6.766900E+1	1.410000E+0
1.201400E+1	2.815843E-1	3.584694E-1	3.301310E+2	6.766900E+1	1.410000E+0
1.209600E+1	2.815907E-1	3.600462E-1	3.301310E+2	6.766900E+1	1.410000E+0
1.210500E+1	2.815907E-1	3.600462E-1	3.301310E+2	6.766900E+1	1.410000E+0
1.219000E+1	2.815927E-1	3.608873E-1	3.301310E+2	6.766900E+1	1.410000E+0
1.219900E+1	2.815927E-1	3.608873E-1	3.301310E+2	6.766900E+1	1.410000E+0
1.227900E+1	2.926351E-1	4.351589E-1	3.301310E+2	6.766900E+1	1.410000E+0
1.228800E+1	2.926351E-1	4.351589E-1	3.301310E+2	6.766900E+1	1.410000E+0
1.236900E+1	2.926283E-1	4.370761E-1	3.301310E+2	6.766900E+1	1.410000E+0
1.237800E+1	2.926283E-1	4.370761E-1	3.301310E+2	6.766900E+1	1.410000E+0
1.249100E+1	2.926245E-1	4.379257E-1	3.301310E+2	6.766900E+1	1.410000E+0
1.250000E+1	2.926245E-1	4.379257E-1	3.301310E+2	6.766900E+1	1.410000E+0
1.258000E+1	2.926323E-1	4.398469E-1	3.301310E+2	6.766900E+1	1.410000E+0
1.258900E+1	2.926323E-1	4.398469E-1	3.301310E+2	6.766900E+1	1.410000E+0
1.266900E+1	2.967950E-1	4.709651E-1	3.301310E+2	6.766900E+1	1.410000E+0
1.267800E+1	2.967950E-1	4.709651E-1	3.301310E+2	6.766900E+1	1.410000E+0
1.276000E+1	2.982726E-1	4.844576E-1	3.301310E+2	6.766900E+1	1.410000E+0
1.276900E+1	2.982726E-1	4.844576E-1	3.301310E+2	6.766900E+1	1.410000E+0
1.285000E+1	2.982812E-1	4.861047E-1	3.301310E+2	6.766900E+1	1.410000E+0
1.285900E+1	2.982812E-1	4.861047E-1	3.301310E+2	6.766900E+1	1.410000E+0
1.297100E+1	2.982960E-1	4.874941E-1	3.301310E+2	6.766900E+1	1.410000E+0
1.298400E+1	2.982960E-1	4.874941E-1	3.301310E+2	6.766900E+1	1.410000E+0
1.306900E+1	2.982938E-1	4.878215E-1	3.301310E+2	6.766900E+1	1.410000E+0
1.307800E+1	2.982938E-1	4.878215E-1	3.301310E+2	6.766900E+1	1.410000E+0
1.315900E+1	3.093543E-1	5.770720E-1	3.301310E+2	6.766900E+1	1.410000E+0
1.316800E+1	3.093543E-1	5.770720E-1	3.301310E+2	6.766900E+1	1.410000E+0
1.324900E+1	3.093735E-1	5.792870E-1	3.301310E+2	6.766900E+1	1.410000E+0
1.325800E+1	3.093735E-1	5.792870E-1	3.301310E+2	6.766900E+1	1.410000E+0
1.333900E+1	3.093755E-1	5.805167E-1	3.301310E+2	6.766900E+1	1.410000E+0
1.334800E+1	3.093755E-1	5.805167E-1	3.301310E+2	6.766900E+1	1.410000E+0
1.346100E+1	3.093771E-1	5.807447E-1	3.301310E+2	6.766900E+1	1.410000E+0
1.347000E+1	3.093771E-1	5.807447E-1	3.301310E+2	6.766900E+1	1.410000E+0
1.354900E+1	3.178238E-1	6.552594E-1	3.301310E+2	6.766900E+1	1.410000E+0
1.355800E+1	3.178238E-1	6.552594E-1	3.301310E+2	6.766900E+1	1.410000E+0
1.363900E+1	3.204069E-1	6.815741E-1	3.301310E+2	6.766900E+1	1.410000E+0
1.364800E+1	3.204069E-1	6.815741E-1	3.301310E+2	6.766900E+1	1.410000E+0
1.372900E+1	3.204267E-1	6.824277E-1	3.301310E+2	6.766900E+1	1.410000E+0
1.373800E+1	3.204267E-1	6.824277E-1	3.301310E+2	6.766900E+1	1.410000E+0
1.381900E+1	3.204195E-1	6.821867E-1	3.301310E+2	6.766900E+1	1.410000E+0
1.382800E+1	3.204195E-1	6.821867E-1	3.301310E+2	6.766900E+1	1.410000E+0
1.394000E+1	3.281669E-1	7.583002E-1	3.301310E+2	6.766900E+1	1.410000E+0
1.395000E+1	3.281669E-1	7.583002E-1	3.301310E+2	6.766900E+1	1.410000E+0
1.402900E+1	3.314839E-1	7.928355E-1	3.301310E+2	6.766900E+1	1.410000E+0
1.404300E+1	3.314839E-1	7.928355E-1	3.301310E+2	6.766900E+1	1.410000E+0
1.412600E+1	3.314801E-1	7.933823E-1	3.301310E+2	6.766900E+1	1.410000E+0
1.413500E+1	3.314801E-1	7.933823E-1	3.301310E+2	6.766900E+1	1.410000E+0
1.422000E+1	3.314867E-1	7.943249E-1	3.301310E+2	6.766900E+1	1.410000E+0
1.422900E+1	3.314867E-1	7.943249E-1	3.301310E+2	6.766900E+1	1.410000E+0
1.430900E+1	3.314845E-1	7.941014E-1	3.301310E+2	6.766900E+1	1.410000E+0
1.431800E+1	3.314845E-1	7.941014E-1	3.301310E+2	6.766900E+1	1.410000E+0
1.443000E+1	3.424515E-1	9.147217E-1	3.301310E+2	6.766900E+1	1.410000E+0
1.443900E+1	3.424515E-1	9.147217E-1	3.301310E+2	6.766900E+1	1.410000E+0
1.452000E+1	3.424728E-1	9.185088E-1	3.301310E+2	6.766900E+1	1.410000E+0
1.452900E+1	3.424728E-1	9.185088E-1	3.301310E+2	6.766900E+1	1.410000E+0
1.460800E+1	3.424774E-1	9.191415E-1	3.301310E+2	6.766900E+1	1.410000E+0
1.461700E+1	3.424774E-1	9.191415E-1	3.301310E+2	6.766900E+1	1.410000E+0
1.469800E+1	3.424816E-1	9.197341E-1	3.301310E+2	6.766900E+1	1.410000E+0
1.470600E+1	3.424816E-1	9.197341E-1	3.301310E+2	6.766900E+1	1.410000E+0
1.478900E+1	3.454604E-1	9.551908E-1	3.301310E+2	6.766900E+1	1.410000E+0
1.479800E+1	3.454604E-1	9.551908E-1	3.301310E+2	6.766900E+1	1.410000E+0
1.491100E+1	3.480076E-1	9.875045E-1	3.301310E+2	6.766900E+1	1.410000E+0
1.492000E+1	3.480076E-1	9.875045E-1	3.301310E+2	6.766900E+1	1.410000E+0
1.499900E+1	3.480084E-1	9.881377E-1	3.301310E+2	6.766900E+1	1.410000E+0
1.501300E+1	3.480084E-1	9.881377E-1	3.301310E+2	6.766900E+1	1.410000E+0
1.509500E+1	3.480062E-1	9.876019E-1	3.301310E+2	6.766900E+1	1.410000E+0
1.510400E+1	3.480062E-1	9.876019E-1	3.301310E+2	6.766900E+1	1.410000E+0
1.518900E+1	3.480102E-1	9.855698E-1	3.301310E+2	6.766900E+1	1.410000E+0
1.519800E+1	3.480102E-1	9.855698E-1	3.301310E+2	6.766900E+1	1.410000E+0
1.527900E+1	3.590410E-1	1.123691E+0	3.301310E+2	6.766900E+1	1.410000E+0
1.528700E+1	3.590410E-1	1.123691E+0	3.301310E+2	6.766900E+1	1.410000E+0
1.540000E+1	3.590394E-1	1.125370E+0	3.301310E+2	6.766900E+1	1.410000E+0
1.540900E+1	3.590394E-1	1.125370E+0	3.301310E+2	6.766900E+1	1.410000E+0
1.548900E+1	3.590594E-1	1.090604E+0	3.301310E+2	6.766900E+1	1.410000E+0
1.549800E+1	3.590594E-1	1.090604E+0	3.301310E+2	6.766900E+1	1.410000E+0
1.557900E+1	3.590432E-1	9.655851E-1	3.301310E+2	6.766900E+1	1.410000E+0
1.558800E+1	3.590432E-1	9.655851E-1	3.301310E+2	6.766900E+1	1.410000E+0
1.566900E+1	3.678822E-1	1.068936E+0	3.301310E+2	6.766900E+1	1.410000E+0
1.567800E+1	3.678822E-1	1.068936E+0	3.301310E+2	6.766900E+1	1.410000E+0
1.575900E+1	3.700607E-1	1.096260E+0	3.301310E+2	6.766900E+1	1.410000E+0
1.576700E+1	3.700607E-1	1.096260E+0	3.301310E+2	6.766900E+1	1.410000E+0
1.587900E+1	3.700457E-1	1.214512E+0	3.301310E+2	6.766900E+1	1.410000E+0
1.588800E+1	3.700457E-1	1.214512E+0	3.301310E+2	6.766900E+1	1.410000E+0
1.596900E+1	3.700553E-1	1.266753E+0	3.301310E+2	6.766900E+1	1.410000E+0
1.598200E+1	3.700553E-1	1.266753E+0	3.301310E+2	6.766900E+1	1.410000E+0
1.606500E+1	3.700557E-1	1.268528E+0	3.301310E+2	6.766900E+1	1.410000E+0
1.607300E+1	3.700557E-1	1.268528E+0	3.301310E+2	6.766900E+1	1.410000E+0
1.615900E+1	3.810772E-1	1.442419E+0	3.301310E+2	6.766900E+1	1.410000E+0
1.616700E+1	3.810772E-1	1.442419E+0	3.301310E+2	6.766900E+1	1.410000E+0
1.624800E+1	3.810899E-1	1.447509E+0	3.301310E+2	6.766900E+1	1.410000E+0
1.625700E+1	3.810899E-1	1.447509E+0	3.301310E+2	6.766900E+1	1.410000E+0
1.637000E+1	3.810859E-1	1.442184E+0	3.301310E+2	6.766900E+1	1.410000E+0
1.637900E+1	3.810859E-1	1.442184E+0	3.301310E+2	6.766900E+1	1.410000E+0
1.645900E+1	3.810811E-1	1.440276E+0	3.301310E+2	6.766900E+1	1.410000E+0
1.646800E+1	3.810811E-1	1.440276E+0	3.301310E+2	6.766900E+1	1.410000E+0
1.654900E+1	3.919999E-1	1.622899E+0	3.301310E+2	6.766900E+1	1.410000E+0
1.655800E+1	3.919999E-1	1.622899E+0	3.301310E+2	6.766900E+1	1.410000E+0
1.663900E+1	3.920174E-1	1.631610E+0	3.301310E+2	6.766900E+1	1.410000E+0
1.664700E+1	3.920174E-1	1.631610E+0	3.301310E+2	6.766900E+1	1.410000E+0
1.672900E+1	3.920172E-1	1.636293E+0	3.301310E+2	6.766900E+1	1.410000E+0
1.673800E+1	3.920172E-1	1.636293E+0	3.301310E+2	6.766900E+1	1.410000E+0
1.684900E+1	3.920146E-1	1.637537E+0	3.301310E+2	6.766900E+1	1.410000E+0
1.685800E+1	3.920146E-1	1.637537E+0	3.301310E+2	6.766900E+1	1.410000E+0
1.693700E+1	4.008406E-1	1.791791E+0	3.301310E+2	6.766900E+1	1.410000E+0
1.694700E+1	4.008406E-1	1.791791E+0	3.301310E+2	6.766900E+1	1.410000E+0
1.702800E+1	4.030618E-1	1.836161E+0	3.301310E+2	6.766900E+1	1.410000E+0
1.704100E+1	4.030618E-1	1.836161E+0	3.301310E+2	6.766900E+1	1.410000E+0
1.712400E+1	4.030574E-1	1.836600E+0	3.301310E+2	6.766900E+1	1.410000E+0
1.713300E+1	4.030574E-1	1.836600E+0	3.301310E+2	6.766900E+1	1.410000E+0
1.721800E+1	4.030523E-1	1.838221E+0	3.301310E+2	6.766900E+1	1.410000E+0
1.722700E+1	4.030523E-1	1.838221E+0	3.301310E+2	6.766900E+1	1.410000E+0
1.734000E+1	4.030584E-1	1.836857E+0	3.301310E+2	6.766900E+1	1.410000E+0
1.735000E+1	4.030584E-1	1.836857E+0	3.301310E+2	6.766900E+1	1.410000E+0
1.742700E+1	4.084314E-1	1.940209E+0	3.301310E+2	6.766900E+1	1.410000E+0
1.743700E+1	4.084314E-1	1.940209E+0	3.301310E+2	6.766900E+1	1.410000E+0
1.751700E+1	4.085379E-1	1.942805E+0	3.301310E+2	6.766900E+1	1.410000E+0
1.752600E+1	4.085379E-1	1.942805E+0	3.301310E+2	6.766900E+1	1.410000E+0
1.760800E+1	4.085352E-1	1.943778E+0	3.301310E+2	6.766900E+1	1.410000E+0
1.761700E+1	4.085352E-1	1.943778E+0	3.301310E+2	6.766900E+1	1.410000E+0
1.769700E+1	4.085340E-1	1.944873E+0	3.301310E+2	6.766900E+1	1.410000E+0
1.770600E+1	4.085340E-1	1.944873E+0	3.301310E+2	6.766900E+1	1.410000E+0
1.781900E+1	4.176313E-1	2.128741E+0	3.301310E+2	6.766900E+1	1.410000E+0
1.782800E+1	4.176313E-1	2.128741E+0	3.301310E+2	6.766900E+1	1.410000E+0
1.790800E+1	4.195636E-1	2.174283E+0	3.301310E+2	6.766900E+1	1.410000E+0
1.791700E+1	4.195636E-1	2.174283E+0	3.301310E+2	6.766900E+1	1.410000E+0
1.799800E+1	4.195484E-1	2.174776E+0	3.301310E+2	6.766900E+1	1.410000E+0
1.801100E+1	4.195484E-1	2.174776E+0	3.301310E+2	6.766900E+1	1.410000E+0
1.809400E+1	4.195588E-1	2.174111E+0	3.301310E+2	6.766900E+1	1.410000E+0
1.810400E+1	4.195588E-1	2.174111E+0	3.301310E+2	6.766900E+1	1.410000E+0
1.818800E+1	4.195572E-1	2.174845E+0	3.301310E+2	6.766900E+1	1.410000E+0
1.819700E+1	4.195572E-1	2.174845E+0	3.301310E+2	6.766900E+1	1.410000E+0
1.830800E+1	4.303826E-1	2.412594E+0	3.301310E+2	6.766900E+1	1.410000E+0
1.831700E+1	4.303826E-1	2.412594E+0	3.301310E+2	6.766900E+1	1.410000E+0
1.839800E+1	4.305360E-1	2.423673E+0	3.301310E+2	6.766900E+1	1.410000E+0
1.840600E+1	4.305360E-1	2.423673E+0	3.301310E+2	6.766900E+1	1.410000E+0
1.848800E+1	4.305382E-1	2.422261E+0	3.301310E+2	6.766900E+1	1.410000E+0
1.849600E+1	4.305382E-1	2.422261E+0	3.301310E+2	6.766900E+1	1.410000E+0
1.857800E+1	4.305280E-1	2.416813E+0	3.301310E+2	6.766900E+1	1.410000E+0
1.858600E+1	4.305280E-1	2.416813E+0	3.301310E+2	6.766900E+1	1.410000E+0
1.866800E+1	4.415555E-1	2.678080E+0	3.301310E+2	6.766900E+1	1.410000E+0
1.867700E+1	4.415555E-1	2.678080E+0	3.301310E+2	6.766900E+1	1.410000E+0
1.878800E+1	4.415810E-1	2.681008E+0	3.301310E+2	6.766900E+1	1.410000E+0
1.879700E+1	4.415810E-1	2.681008E+0	3.301310E+2	6.766900E+1	1.410000E+0
1.887800E+1	4.415722E-1	2.682355E+0	3.301310E+2	6.766900E+1	1.410000E+0
1.888600E+1	4.415722E-1	2.682355E+0	3.301310E+2	6.766900E+1	1.410000E+0
1.896800E+1	4.415636E-1	2.682899E+0	3.301310E+2	6.766900E+1	1.410000E+0
1.898100E+1	4.415636E-1	2.682899E+0	3.301310E+2	6.766900E+1	1.410000E+0
1.906400E+1	4.501440E-1	2.954884E+0	3.301310E+2	6.766900E+1	1.410000E+0
1.907200E+1	4.501440E-1	2.954884E+0	3.301310E+2	6.766900E+1	1.410000E+0
1.915700E+1	4.525717E-1	2.951037E+0	3.301310E+2	6.766900E+1	1.410000E+0
1.916600E+1	4.525717E-1	2.951037E+0	3.301310E+2	6.766900E+1	1.410000E+0
1.927900E+1	4.525733E-1	2.947051E+0	3.301310E+2	6.766900E+1	1.410000E+0
1.928800E+1	4.525733E-1	2.947051E+0	3.301310E+2	6.766900E+1	1.410000E+0
1.936700E+1	4.525779E-1	2.945764E+0	3.301310E+2	6.766900E+1	1.410000E+0
1.937600E+1	4.525779E-1	2.945764E+0	3.301310E+2	6.766900E+1	1.410000E+0
1.945800E+1	4.525667E-1	2.946168E+0	3.301310E+2	6.766900E+1	1.410000E+0
1.946600E+1	4.525667E-1	2.946168E+0	3.301310E+2	6.766900E+1	1.410000E+0
1.954700E+1	4.573314E-1	3.066496E+0	3.301310E+2	6.766900E+1	1.410000E+0
1.955600E+1	4.573314E-1	3.066496E+0	3.301310E+2	6.766900E+1	1.410000E+0
1.963800E+1	4.580999E-1	3.087098E+0	3.301310E+2	6.766900E+1	1.410000E+0
1.964700E+1	4.580999E-1	3.087098E+0	3.301310E+2	6.766900E+1	1.410000E+0
1.975800E+1	4.581131E-1	3.085309E+0	3.301310E+2	6.766900E+1	1.410000E+0
1.976700E+1	4.581131E-1	3.085309E+0	3.301310E+2	6.766900E+1	1.410000E+0
1.984700E+1	4.581031E-1	3.075443E+0	3.301310E+2	6.766900E+1	1.410000E+0
1.985600E+1	4.581031E-1	3.075443E+0	3.301310E+2	6.766900E+1	1.410000E+0
1.993700E+1	4.625415E-1	3.181798E+0	3.301310E+2	6.766900E+1	1.410000E+0
1.994600E+1	4.625415E-1	3.181798E+0	3.301310E+2	6.766900E+1	1.410000E+0
2.002700E+1	4.691342E-1	3.357752E+0	3.301310E+2	6.766900E+1	1.410000E+0
2.004100E+1	4.691342E-1	3.357752E+0	3.301310E+2	6.766900E+1	1.410000E+0
2.012400E+1	4.691260E-1	3.362678E+0	3.301310E+2	6.766900E+1	1.410000E+0
2.013300E+1	4.691260E-1	3.362678E+0	3.301310E+2	6.766900E+1	1.410000E+0
2.024400E+1	4.691350E-1	3.364549E+0	3.301310E+2	6.766900E+1	1.410000E+0
2.025300E+1	4.691350E-1	3.364549E+0	3.301310E+2	6.766900E+1	1.410000E+0
2.033700E+1	4.691302E-1	3.360740E+0	3.301310E+2	6.766900E+1	1.410000E+0
2.034600E+1	4.691302E-1	3.360740E+0	3.301310E+2	6.766900E+1	1.410000E+0
2.042700E+1	4.800882E-1	3.676985E+0	3.301310E+2	6.766900E+1	1.410000E+0
2.043600E+1	4.800882E-1	3.676985E+0	3.301310E+2	6.766900E+1	1.410000E+0
2.051800E+1	4.801186E-1	3.680936E+0	3.301310E+2	6.766900E+1	1.410000E+0
2.052700E+1	4.801186E-1	3.680936E+0	3.301310E+2	6.766900E+1	1.410000E+0
2.060700E+1	4.801239E-1	3.682933E+0	3.301310E+2	6.766900E+1	1.410000E+0
2.061600E+1	4.801239E-1	3.682933E+0	3.301310E+2	6.766900E+1	1.410000E+0
2.072800E+1	4.801289E-1	3.681957E+0	3.301310E+2	6.766900E+1	1.410000E+0
2.073700E+1	4.801289E-1	3.681957E+0	3.301310E+2	6.766900E+1	1.410000E+0
2.081700E+1	4.911265E-1	4.011795E+0	3.301310E+2	6.766900E+1	1.410000E+0
2.082700E+1	4.911265E-1	4.011795E+0	3.301310E+2	6.766900E+1	1.410000E+0
2.090800E+1	4.911582E-1	4.021225E+0	3.301310E+2	6.766900E+1	1.410000E+0
2.091500E+1	4.911582E-1	4.021225E+0	3.301310E+2	6.766900E+1	1.410000E+0
2.099800E+1	4.911560E-1	4.024458E+0	3.301310E+2	6.766900E+1	1.410000E+0
2.101100E+1	4.911560E-1	4.024458E+0	3.301310E+2	6.766900E+1	1.410000E+0
2.109300E+1	4.911642E-1	4.019712E+0	3.301310E+2	6.766900E+1	1.410000E+0
2.110200E+1	4.911642E-1	4.019712E+0	3.301310E+2	6.766900E+1	1.410000E+0
2.121900E+1	4.966425E-1	4.190384E+0	3.301310E+2	6.766900E+1	1.410000E+0
2.122800E+1	4.966425E-1	4.190384E+0	3.301310E+2	6.766900E+1	1.410000E+0
2.130700E+1	5.021848E-1	4.374012E+0	3.301310E+2	6.766900E+1	1.410000E+0
2.131600E+1	5.021848E-1	4.374012E+0	3.301310E+2	6.766900E+1	1.410000E+0
2.139700E+1	5.021844E-1	4.373142E+0	3.301310E+2	6.766900E+1	1.410000E+0
2.140600E+1	5.021844E-1	4.373142E+0	3.301310E+2	6.766900E+1	1.410000E+0
2.148700E+1	5.021982E-1	4.372569E+0	3.301310E+2	6.766900E+1	1.410000E+0
2.149600E+1	5.021982E-1	4.372569E+0	3.301310E+2	6.766900E+1	1.410000E+0
2.157700E+1	5.021874E-1	4.378417E+0	3.301310E+2	6.766900E+1	1.410000E+0
2.158500E+1	5.021874E-1	4.378417E+0	3.301310E+2	6.766900E+1	1.410000E+0
2.169900E+1	5.076795E-1	4.558392E+0	3.301310E+2	6.766900E+1	1.410000E+0
2.170800E+1	5.076795E-1	4.558392E+0	3.301310E+2	6.766900E+1	1.410000E+0
2.178700E+1	5.076993E-1	4.555961E+0	3.301310E+2	6.766900E+1	1.410000E+0
2.179600E+1	5.076993E-1	4.555961E+0	3.301310E+2	6.766900E+1	1.410000E+0
2.187800E+1	5.076895E-1	4.559019E+0	3.301310E+2	6.766900E+1	1.410000E+0
2.188600E+1	5.076895E-1	4.559019E+0	3.301310E+2	6.766900E+1	1.410000E+0
2.196700E+1	5.076963E-1	4.555067E+0	3.301310E+2	6.766900E+1	1.410000E+0
2.198000E+1	5.076963E-1	4.555067E+0	3.301310E+2	6.766900E+1	1.410000E+0
2.206400E+1	5.160566E-1	4.924169E+0	3.301310E+2	6.766900E+1	1.410000E+0
2.207200E+1	5.160566E-1	4.924169E+0	3.301310E+2	6.766900E+1	1.410000E+0
2.218800E+1	5.186894E-1	4.935922E+0	3.301310E+2	6.766900E+1	1.410000E+0
2.219700E+1	5.186894E-1	4.935922E+0	3.301310E+2	6.766900E+1	1.410000E+0
2.227700E+1	5.186866E-1	4.934775E+0	3.301310E+2	6.766900E+1	1.410000E+0
2.228600E+1	5.186866E-1	4.934775E+0	3.301310E+2	6.766900E+1	1.410000E+0
2.236800E+1	5.186996E-1	4.931334E+0	3.301310E+2	6.766900E+1	1.410000E+0
2.237700E+1	5.186996E-1	4.931334E+0	3.301310E+2	6.766900E+1	1.410000E+0
2.245700E+1	5.270547E-1	5.231329E+0	3.301310E+2	6.766900E+1	1.410000E+0
2.246600E+1	5.270547E-1	5.231329E+0	3.301310E+2	6.766900E+1	1.410000E+0
2.254700E+1	5.297344E-1	5.325539E+0	3.301310E+2	6.766900E+1	1.410000E+0
2.255600E+1	5.297344E-1	5.325539E+0	3.301310E+2	6.766900E+1	1.410000E+0
2.266800E+1	5.297228E-1	5.327242E+0	3.301310E+2	6.766900E+1	1.410000E+0
2.267700E+1	5.297228E-1	5.327242E+0	3.301310E+2	6.766900E+1	1.410000E+0
2.275700E+1	5.297336E-1	5.327573E+0	3.301310E+2	6.766900E+1	1.410000E+0
2.276600E+1	5.297336E-1	5.327573E+0	3.301310E+2	6.766900E+1	1.410000E+0
2.284700E+1	5.297364E-1	5.322262E+0	3.301310E+2	6.766900E+1	1.410000E+0
2.285600E+1	5.297364E-1	5.322262E+0	3.301310E+2	6.766900E+1	1.410000E+0
2.293700E+1	5.407331E-1	5.733906E+0	3.301310E+2	6.766900E+1	1.410000E+0
2.294600E+1	5.407331E-1	5.733906E+0	3.301310E+2	6.766900E+1	1.410000E+0
2.302800E+1	5.407575E-1	5.737244E+0	3.301310E+2	6.766900E+1	1.410000E+0
2.304000E+1	5.407575E-1	5.737244E+0	3.301310E+2	6.766900E+1	1.410000E+0
2.315500E+1	5.407481E-1	5.732190E+0	3.301310E+2	6.766900E+1	1.410000E+0
2.316300E+1	5.407481E-1	5.732190E+0	3.301310E+2	6.766900E+1	1.410000E+0
2.324700E+1	5.407435E-1	5.735196E+0	3.301310E+2	6.766900E+1	1.410000E+0
2.325600E+1	5.407435E-1	5.735196E+0	3.301310E+2	6.766900E+1	1.410000E+0
2.333700E+1	5.491032E-1	6.055189E+0	3.301310E+2	6.766900E+1	1.410000E+0
2.334500E+1	5.491032E-1	6.055189E+0	3.301310E+2	6.766900E+1	1.410000E+0
2.342700E+1	5.517736E-1	6.158398E+0	3.301310E+2	6.766900E+1	1.410000E+0
2.343600E+1	5.517736E-1	6.158398E+0	3.301310E+2	6.766900E+1	1.410000E+0
2.351600E+1	5.517728E-1	6.159308E+0	3.301310E+2	6.766900E+1	1.410000E+0
2.352500E+1	5.517728E-1	6.159308E+0	3.301310E+2	6.766900E+1	1.410000E+0
2.363800E+1	5.517702E-1	6.156304E+0	3.301310E+2	6.766900E+1	1.410000E+0
2.364600E+1	5.517702E-1	6.156304E+0	3.301310E+2	6.766900E+1	1.410000E+0
2.372700E+1	5.517692E-1	6.152170E+0	3.301310E+2	6.766900E+1	1.410000E+0
2.373600E+1	5.517692E-1	6.152170E+0	3.301310E+2	6.766900E+1	1.410000E+0
2.381800E+1	5.626797E-1	6.590782E+0	3.301310E+2	6.766900E+1	1.410000E+0
2.382700E+1	5.626797E-1	6.590782E+0	3.301310E+2	6.766900E+1	1.410000E+0
2.390700E+1	5.626929E-1	6.590273E+0	3.301310E+2	6.766900E+1	1.410000E+0
2.391600E+1	5.626929E-1	6.590273E+0	3.301310E+2	6.766900E+1	1.410000E+0
2.399800E+1	5.627034E-1	6.591264E+0	3.301310E+2	6.766900E+1	1.410000E+0
2.401100E+1	5.627034E-1	6.591264E+0	3.301310E+2	6.766900E+1	1.410000E+0
2.412600E+1	5.627026E-1	6.590104E+0	3.301310E+2	6.766900E+1	1.410000E+0
2.413500E+1	5.627026E-1	6.590104E+0	3.301310E+2	6.766900E+1	1.410000E+0
2.421600E+1	5.669581E-1	6.760673E+0	3.301310E+2	6.766900E+1	1.410000E+0
2.422500E+1	5.669581E-1	6.760673E+0	3.301310E+2	6.766900E+1	1.410000E+0
2.430700E+1	5.682300E-1	6.813191E+0	3.301310E+2	6.766900E+1	1.410000E+0
2.431600E+1	5.682300E-1	6.813191E+0	3.301310E+2	6.766900E+1	1.410000E+0
2.439700E+1	5.682250E-1	6.811977E+0	3.301310E+2	6.766900E+1	1.410000E+0
2.440700E+1	5.682250E-1	6.811977E+0	3.301310E+2	6.766900E+1	1.410000E+0
2.448700E+1	5.682207E-1	6.811494E+0	3.301310E+2	6.766900E+1	1.410000E+0
2.449500E+1	5.682207E-1	6.811494E+0	3.301310E+2	6.766900E+1	1.410000E+0
2.460900E+1	5.682227E-1	6.813240E+0	3.301310E+2	6.766900E+1	1.410000E+0
2.461800E+1	5.682227E-1	6.813240E+0	3.301310E+2	6.766900E+1	1.410000E+0
2.469700E+1	5.791410E-1	7.257641E+0	3.301310E+2	6.766900E+1	1.410000E+0
2.470500E+1	5.791410E-1	7.257641E+0	3.301310E+2	6.766900E+1	1.410000E+0
2.478800E+1	5.792453E-1	7.265413E+0	3.301310E+2	6.766900E+1	1.410000E+0
2.479600E+1	5.792453E-1	7.265413E+0	3.301310E+2	6.766900E+1	1.410000E+0
2.487700E+1	5.792461E-1	7.271262E+0	3.301310E+2	6.766900E+1	1.410000E+0
2.488600E+1	5.792461E-1	7.271262E+0	3.301310E+2	6.766900E+1	1.410000E+0
2.496800E+1	5.792617E-1	7.273814E+0	3.301310E+2	6.766900E+1	1.410000E+0
2.498100E+1	5.792617E-1	7.273814E+0	3.301310E+2	6.766900E+1	1.410000E+0
2.509500E+1	5.902602E-1	7.758186E+0	3.301310E+2	6.766900E+1	1.410000E+0
2.510400E+1	5.902602E-1	7.758186E+0	3.301310E+2	6.766900E+1	1.410000E+0
2.518700E+1	5.902825E-1	7.729076E+0	3.301310E+2	6.766900E+1	1.410000E+0
2.519600E+1	5.902825E-1	7.729076E+0	3.301310E+2	6.766900E+1	1.410000E+0
2.527700E+1	5.902780E-1	7.723660E+0	3.301310E+2	6.766900E+1	1.410000E+0
2.528600E+1	5.902780E-1	7.723660E+0	3.301310E+2	6.766900E+1	1.410000E+0
2.536700E+1	5.902660E-1	7.732601E+0	3.301310E+2	6.766900E+1	1.410000E+0
2.537600E+1	5.902660E-1	7.732601E+0	3.301310E+2	6.766900E+1	1.410000E+0
2.545700E+1	5.984813E-1	8.101441E+0	3.301310E+2	6.766900E+1	1.410000E+0
2.546600E+1	5.984813E-1	8.101441E+0	3.301310E+2	6.766900E+1	1.410000E+0
2.557800E+1	6.013084E-1	8.214884E+0	3.301310E+2	6.766900E+1	1.410000E+0
2.558700E+1	6.013084E-1	8.214884E+0	3.301310E+2	6.766900E+1	1.410000E+0
2.566800E+1	6.013048E-1	8.206078E+0	3.301310E+2	6.766900E+1	1.410000E+0
2.567700E+1	6.013048E-1	8.206078E+0	3.301310E+2	6.766900E+1	1.410000E+0
2.575800E+1	6.013138E-1	8.212427E+0	3.301310E+2	6.766900E+1	1.410000E+0
2.576600E+1	6.013138E-1	8.212427E+0	3.301310E+2	6.766900E+1	1.410000E+0
2.584800E+1	6.013146E-1	8.228193E+0	3.301310E+2	6.766900E+1	1.410000E+0
2.585700E+1	6.013146E-1	8.228193E+0	3.301310E+2	6.766900E+1	1.410000E+0
2.593800E+1	6.122706E-1	8.734774E+0	3.301310E+2	6.766900E+1	1.410000E+0
2.594700E+1	6.122706E-1	8.734774E+0	3.301310E+2	6.766900E+1	1.410000E+0
2.605800E+1	6.123097E-1	8.689228E+0	3.301310E+2	6.766900E+1	1.410000E+0
2.607100E+1	6.123097E-1	8.689228E+0	3.301310E+2	6.766900E+1	1.410000E+0
2.615700E+1	6.123115E-1	8.705357E+0	3.301310E+2	6.766900E+1	1.410000E+0
2.616600E+1	6.123115E-1	8.705357E+0	3.301310E+2	6.766900E+1	1.410000E+0
2.624800E+1	6.123145E-1	8.718042E+0	3.301310E+2	6.766900E+1	1.410000E+0
2.625700E+1	6.123145E-1	8.718042E+0	3.301310E+2	6.766900E+1	1.410000E+0
2.633700E+1	6.166033E-1	8.895205E+0	3.301310E+2	6.766900E+1	1.410000E+0
2.634600E+1	6.166033E-1	8.895205E+0	3.301310E+2	6.766900E+1	1.410000E+0
2.642700E+1	6.178355E-1	8.941443E+0	3.301310E+2	6.766900E+1	1.410000E+0
2.643600E+1	6.178355E-1	8.941443E+0	3.301310E+2	6.766900E+1	1.410000E+0
2.654900E+1	6.178367E-1	8.950401E+0	3.301310E+2	6.766900E+1	1.410000E+0
2.655700E+1	6.178367E-1	8.950401E+0	3.301310E+2	6.766900E+1	1.410000E+0
2.663700E+1	6.178295E-1	8.967768E+0	3.301310E+2	6.766900E+1	1.410000E+0
2.664600E+1	6.178295E-1	8.967768E+0	3.301310E+2	6.766900E+1	1.410000E+0
2.672800E+1	6.178267E-1	8.986522E+0	3.301310E+2	6.766900E+1	1.410000E+0
2.673700E+1	6.178267E-1	8.986522E+0	3.301310E+2	6.766900E+1	1.410000E+0
2.681800E+1	6.288165E-1	9.464730E+0	3.301310E+2	6.766900E+1	1.410000E+0
2.682700E+1	6.288165E-1	9.464730E+0	3.301310E+2	6.766900E+1	1.410000E+0
2.690700E+1	6.288514E-1	9.446076E+0	3.301310E+2	6.766900E+1	1.410000E+0
2.691600E+1	6.288514E-1	9.446076E+0	3.301310E+2	6.766900E+1	1.410000E+0
2.702900E+1	6.288542E-1	9.438237E+0	3.301310E+2	6.766900E+1	1.410000E+0
2.704200E+1	6.288542E-1	9.438237E+0	3.301310E+2	6.766900E+1	1.410000E+0
2.712400E+1	6.288542E-1	9.465832E+0	3.301310E+2	6.766900E+1	1.410000E+0
2.713300E+1	6.288542E-1	9.465832E+0	3.301310E+2	6.766900E+1	1.410000E+0
2.721800E+1	6.398846E-1	1.000220E+1	3.301310E+2	6.766900E+1	1.410000E+0
2.722700E+1	6.398846E-1	1.000220E+1	3.301310E+2	6.766900E+1	1.410000E+0
2.730800E+1	6.398856E-1	1.005447E+1	3.301310E+2	6.766900E+1	1.410000E+0
2.731700E+1	6.398856E-1	1.005447E+1	3.301310E+2	6.766900E+1	1.410000E+0
2.739800E+1	6.399130E-1	9.997850E+0	3.301310E+2	6.766900E+1	1.410000E+0
2.740700E+1	6.399130E-1	9.997850E+0	3.301310E+2	6.766900E+1	1.410000E+0
2.751900E+1	6.398996E-1	9.973378E+0	3.301310E+2	6.766900E+1	1.410000E+0
2.752800E+1	6.398996E-1	9.973378E+0	3.301310E+2	6.766900E+1	1.410000E+0
2.760800E+1	6.483976E-1	1.037239E+1	3.301310E+2	6.766900E+1	1.410000E+0
2.761700E+1	6.483976E-1	1.037239E+1	3.301310E+2	6.766900E+1	1.410000E+0
2.769900E+1	6.509151E-1	1.049144E+1	3.301310E+2	6.766900E+1	1.410000E+0
2.770800E+1	6.509151E-1	1.049144E+1	3.301310E+2	6.766900E+1	1.410000E+0
2.778800E+1	6.509171E-1	1.048531E+1	3.301310E+2	6.766900E+1	1.410000E+0
2.779600E+1	6.509171E-1	1.048531E+1	3.301310E+2	6.766900E+1	1.410000E+0
2.787800E+1	6.509149E-1	1.049153E+1	3.301310E+2	6.766900E+1	1.410000E+0
2.788700E+1	6.509149E-1	1.049153E+1	3.301310E+2	6.766900E+1	1.410000E+0
2.799900E+1	6.509254E-1	1.051419E+1	3.301310E+2	6.766900E+1	1.410000E+0
2.801200E+1	6.509254E-1	1.051419E+1	3.301310E+2	6.766900E+1	1.410000E+0
2.809400E+1	6.619902E-1	1.114319E+1	3.301310E+2	6.766900E+1	1.410000E+0
2.810300E+1	6.619902E-1	1.114319E+1	3.301310E+2	6.766900E+1	1.410000E+0
2.818700E+1	6.619888E-1	1.102724E+1	3.301310E+2	6.766900E+1	1.410000E+0
2.819600E+1	6.619888E-1	1.102724E+1	3.301310E+2	6.766900E+1	1.410000E+0
2.827800E+1	6.619705E-1	1.107054E+1	3.301310E+2	6.766900E+1	1.410000E+0
