Sample;s3(i3)
V-V length(cm);1.000000
Field (T);14.063409
Temp (K);4.200000
Angle (deg.);0.000000
Field(T)_memo;14.000000
Time(sec.)	Current(A)	Voltage(uV)	Temp.1(K)	Temp.2(K)	Temp.3(K)
0.000000E+0	6.568427E-4	1.355783E-5	3.301310E+2	6.766900E+1	1.410000E+0
1.020000E-1	6.616544E-4	-5.004074E-7	3.301310E+2	6.766900E+1	1.410000E+0
1.110000E-1	6.616544E-4	-5.004074E-7	3.301310E+2	6.766900E+1	1.410000E+0
1.900000E-1	6.696739E-4	3.014589E-6	3.301310E+2	6.766900E+1	1.410000E+0
1.980000E-1	6.696739E-4	3.014589E-6	3.301310E+2	6.766900E+1	1.410000E+0
2.810000E-1	6.666666E-4	2.460671E-5	3.301310E+2	6.766900E+1	1.410000E+0
2.900000E-1	6.666666E-4	2.460671E-5	3.301310E+2	6.766900E+1	1.410000E+0
3.700000E-1	9.048197E-3	5.373096E-5	3.301310E+2	6.766900E+1	1.410000E+0
3.790000E-1	9.048197E-3	5.373096E-5	3.301310E+2	6.766900E+1	1.410000E+0
4.600000E-1	1.168519E-2	1.707457E-5	3.301310E+2	6.766900E+1	1.410000E+0
4.690000E-1	1.168519E-2	1.707457E-5	3.301310E+2	6.766900E+1	1.410000E+0
5.840000E-1	1.168419E-2	1.305744E-5	3.301310E+2	6.766900E+1	1.410000E+0
5.930000E-1	1.168419E-2	1.305744E-5	3.301310E+2	6.766900E+1	1.410000E+0
6.770000E-1	1.168259E-2	1.707457E-5	3.301310E+2	6.766900E+1	1.410000E+0
6.860000E-1	1.168259E-2	1.707457E-5	3.301310E+2	6.766900E+1	1.410000E+0
7.720000E-1	1.168580E-2	6.027443E-6	3.301310E+2	6.766900E+1	1.410000E+0
7.800000E-1	1.168580E-2	6.027443E-6	3.301310E+2	6.766900E+1	1.410000E+0
8.610000E-1	1.168099E-2	2.862385E-5	3.301310E+2	6.766900E+1	1.410000E+0
8.700000E-1	1.168099E-2	2.862385E-5	3.301310E+2	6.766900E+1	1.410000E+0
9.500000E-1	2.270773E-2	1.958529E-5	3.301310E+2	6.766900E+1	1.410000E+0
9.580000E-1	2.270773E-2	1.958529E-5	3.301310E+2	6.766900E+1	1.410000E+0
1.071000E+0	2.271756E-2	7.533870E-6	3.301310E+2	6.766900E+1	1.410000E+0
1.084000E+0	2.271756E-2	7.533870E-6	3.301310E+2	6.766900E+1	1.410000E+0
1.170000E+0	2.271014E-2	3.364527E-5	3.301310E+2	6.766900E+1	1.410000E+0
1.179000E+0	2.271014E-2	3.364527E-5	3.301310E+2	6.766900E+1	1.410000E+0
1.259000E+0	2.272377E-2	2.360242E-5	3.301310E+2	6.766900E+1	1.410000E+0
1.268000E+0	2.272377E-2	2.360242E-5	3.301310E+2	6.766900E+1	1.410000E+0
1.349000E+0	2.271034E-2	2.561099E-5	3.301310E+2	6.766900E+1	1.410000E+0
1.358000E+0	2.271034E-2	2.561099E-5	3.301310E+2	6.766900E+1	1.410000E+0
1.439000E+0	2.546663E-2	3.264099E-5	3.301310E+2	6.766900E+1	1.410000E+0
1.448000E+0	2.546663E-2	3.264099E-5	3.301310E+2	6.766900E+1	1.410000E+0
1.561000E+0	2.823173E-2	1.456386E-5	3.301310E+2	6.766900E+1	1.410000E+0
1.570000E+0	2.823173E-2	1.456386E-5	3.301310E+2	6.766900E+1	1.410000E+0
1.649000E+0	2.822993E-2	2.159385E-5	3.301310E+2	6.766900E+1	1.410000E+0
1.658000E+0	2.822993E-2	2.159385E-5	3.301310E+2	6.766900E+1	1.410000E+0
1.740000E+0	2.823775E-2	6.027443E-6	3.301310E+2	6.766900E+1	1.410000E+0
1.748000E+0	2.823775E-2	6.027443E-6	3.301310E+2	6.766900E+1	1.410000E+0
1.829000E+0	2.824116E-2	1.506600E-5	3.301310E+2	6.766900E+1	1.410000E+0
1.838000E+0	2.824116E-2	1.506600E-5	3.301310E+2	6.766900E+1	1.410000E+0
1.920000E+0	2.824416E-2	8.538154E-6	3.301310E+2	6.766900E+1	1.410000E+0
1.928000E+0	2.824416E-2	8.538154E-6	3.301310E+2	6.766900E+1	1.410000E+0
2.041000E+0	3.917708E-2	3.515170E-5	3.301310E+2	6.766900E+1	1.410000E+0
2.053000E+0	3.917708E-2	3.515170E-5	3.301310E+2	6.766900E+1	1.410000E+0
2.139000E+0	3.918951E-2	4.318597E-5	3.301310E+2	6.766900E+1	1.410000E+0
2.148000E+0	3.918951E-2	4.318597E-5	3.301310E+2	6.766900E+1	1.410000E+0
2.229000E+0	3.918891E-2	5.975667E-5	3.301310E+2	6.766900E+1	1.410000E+0
2.238000E+0	3.918891E-2	5.975667E-5	3.301310E+2	6.766900E+1	1.410000E+0
2.319000E+0	3.918370E-2	5.525300E-6	3.301310E+2	6.766900E+1	1.410000E+0
2.328000E+0	3.918370E-2	5.525300E-6	3.301310E+2	6.766900E+1	1.410000E+0
2.410000E+0	3.918250E-2	1.054672E-5	3.301310E+2	6.766900E+1	1.410000E+0
2.419000E+0	3.918250E-2	1.054672E-5	3.301310E+2	6.766900E+1	1.410000E+0
2.530000E+0	4.750609E-2	4.820740E-5	3.301310E+2	6.766900E+1	1.410000E+0
2.539000E+0	4.750609E-2	4.820740E-5	3.301310E+2	6.766900E+1	1.410000E+0
2.619000E+0	5.022929E-2	4.870954E-5	3.301310E+2	6.766900E+1	1.410000E+0
2.628000E+0	5.022929E-2	4.870954E-5	3.301310E+2	6.766900E+1	1.410000E+0
2.709000E+0	5.023350E-2	4.318597E-5	3.301310E+2	6.766900E+1	1.410000E+0
2.718000E+0	5.023350E-2	4.318597E-5	3.301310E+2	6.766900E+1	1.410000E+0
2.799000E+0	5.023631E-2	3.013027E-5	3.301310E+2	6.766900E+1	1.410000E+0
2.808000E+0	5.023631E-2	3.013027E-5	3.301310E+2	6.766900E+1	1.410000E+0
2.888000E+0	5.023671E-2	2.360242E-5	3.301310E+2	6.766900E+1	1.410000E+0
2.898000E+0	5.023671E-2	2.360242E-5	3.301310E+2	6.766900E+1	1.410000E+0
3.010000E+0	5.023411E-2	3.766241E-5	3.301310E+2	6.766900E+1	1.410000E+0
3.023000E+0	5.023411E-2	3.766241E-5	3.301310E+2	6.766900E+1	1.410000E+0
3.105000E+0	6.126547E-2	3.364527E-5	3.301310E+2	6.766900E+1	1.410000E+0
3.113000E+0	6.126547E-2	3.364527E-5	3.301310E+2	6.766900E+1	1.410000E+0
3.199000E+0	6.126827E-2	5.322882E-5	3.301310E+2	6.766900E+1	1.410000E+0
3.208000E+0	6.126827E-2	5.322882E-5	3.301310E+2	6.766900E+1	1.410000E+0
3.289000E+0	6.126887E-2	1.079623E-4	3.301310E+2	6.766900E+1	1.410000E+0
3.298000E+0	6.126887E-2	1.079623E-4	3.301310E+2	6.766900E+1	1.410000E+0
3.378000E+0	6.127409E-2	6.477809E-5	3.301310E+2	6.766900E+1	1.410000E+0
3.387000E+0	6.127409E-2	6.477809E-5	3.301310E+2	6.766900E+1	1.410000E+0
3.499000E+0	6.127870E-2	6.176524E-5	3.301310E+2	6.766900E+1	1.410000E+0
3.507000E+0	6.127870E-2	6.176524E-5	3.301310E+2	6.766900E+1	1.410000E+0
3.588000E+0	6.986072E-2	2.440429E-4	3.301310E+2	6.766900E+1	1.410000E+0
3.597000E+0	6.986072E-2	2.440429E-4	3.301310E+2	6.766900E+1	1.410000E+0
3.679000E+0	7.231086E-2	2.781886E-4	3.301310E+2	6.766900E+1	1.410000E+0
3.688000E+0	7.231086E-2	2.781886E-4	3.301310E+2	6.766900E+1	1.410000E+0
3.769000E+0	7.230745E-2	2.681457E-4	3.301310E+2	6.766900E+1	1.410000E+0
3.778000E+0	7.230745E-2	2.681457E-4	3.301310E+2	6.766900E+1	1.410000E+0
3.858000E+0	7.230565E-2	2.832100E-4	3.301310E+2	6.766900E+1	1.410000E+0
3.867000E+0	7.230565E-2	2.832100E-4	3.301310E+2	6.766900E+1	1.410000E+0
3.979000E+0	7.231808E-2	2.756779E-4	3.301310E+2	6.766900E+1	1.410000E+0
3.992000E+0	7.231808E-2	2.756779E-4	3.301310E+2	6.766900E+1	1.410000E+0
4.079000E+0	7.230264E-2	2.832100E-4	3.301310E+2	6.766900E+1	1.410000E+0
4.088000E+0	7.230264E-2	2.832100E-4	3.301310E+2	6.766900E+1	1.410000E+0
4.168000E+0	7.776549E-2	5.945382E-4	3.301310E+2	6.766900E+1	1.410000E+0
4.177000E+0	7.776549E-2	5.945382E-4	3.301310E+2	6.766900E+1	1.410000E+0
4.259000E+0	7.777832E-2	5.804783E-4	3.301310E+2	6.766900E+1	1.410000E+0
4.268000E+0	7.777832E-2	5.804783E-4	3.301310E+2	6.766900E+1	1.410000E+0
4.349000E+0	7.777251E-2	5.794740E-4	3.301310E+2	6.766900E+1	1.410000E+0
4.357000E+0	7.777251E-2	5.794740E-4	3.301310E+2	6.766900E+1	1.410000E+0
4.470000E+0	7.778213E-2	5.739504E-4	3.301310E+2	6.766900E+1	1.410000E+0
4.479000E+0	7.778213E-2	5.739504E-4	3.301310E+2	6.766900E+1	1.410000E+0
4.557000E+0	7.778013E-2	6.111089E-4	3.301310E+2	6.766900E+1	1.410000E+0
4.566000E+0	7.778013E-2	6.111089E-4	3.301310E+2	6.766900E+1	1.410000E+0
4.648000E+0	8.702074E-2	1.988987E-3	3.301310E+2	6.766900E+1	1.410000E+0
4.657000E+0	8.702074E-2	1.988987E-3	3.301310E+2	6.766900E+1	1.410000E+0
4.738000E+0	8.883294E-2	2.310359E-3	3.301310E+2	6.766900E+1	1.410000E+0
4.747000E+0	8.883294E-2	2.310359E-3	3.301310E+2	6.766900E+1	1.410000E+0
4.827000E+0	8.884176E-2	2.314878E-3	3.301310E+2	6.766900E+1	1.410000E+0
4.836000E+0	8.884176E-2	2.314878E-3	3.301310E+2	6.766900E+1	1.410000E+0
4.950000E+0	8.883976E-2	2.330444E-3	3.301310E+2	6.766900E+1	1.410000E+0
4.959000E+0	8.883976E-2	2.330444E-3	3.301310E+2	6.766900E+1	1.410000E+0
5.037000E+0	8.883935E-2	2.328436E-3	3.301310E+2	6.766900E+1	1.410000E+0
5.050000E+0	8.883935E-2	2.328436E-3	3.301310E+2	6.766900E+1	1.410000E+0
5.133000E+0	8.883675E-2	2.334461E-3	3.301310E+2	6.766900E+1	1.410000E+0
5.142000E+0	8.883675E-2	2.334461E-3	3.301310E+2	6.766900E+1	1.410000E+0
5.227000E+0	9.984866E-2	6.978776E-3	3.301310E+2	6.766900E+1	1.410000E+0
5.237000E+0	9.984866E-2	6.978776E-3	3.301310E+2	6.766900E+1	1.410000E+0
5.317000E+0	9.985187E-2	7.026981E-3	3.301310E+2	6.766900E+1	1.410000E+0
5.326000E+0	9.985187E-2	7.026981E-3	3.301310E+2	6.766900E+1	1.410000E+0
5.438000E+0	9.984846E-2	7.013424E-3	3.301310E+2	6.766900E+1	1.410000E+0
5.447000E+0	9.984846E-2	7.013424E-3	3.301310E+2	6.766900E+1	1.410000E+0
5.527000E+0	9.985187E-2	7.043552E-3	3.301310E+2	6.766900E+1	1.410000E+0
5.536000E+0	9.985187E-2	7.043552E-3	3.301310E+2	6.766900E+1	1.410000E+0
5.617000E+0	9.985427E-2	7.055101E-3	3.301310E+2	6.766900E+1	1.410000E+0
5.626000E+0	9.985427E-2	7.055101E-3	3.301310E+2	6.766900E+1	1.410000E+0
5.707000E+0	1.080347E-1	1.391888E-2	3.301310E+2	6.766900E+1	1.410000E+0
5.716000E+0	1.080347E-1	1.391888E-2	3.301310E+2	6.766900E+1	1.410000E+0
5.796000E+0	1.108778E-1	1.687299E-2	3.301310E+2	6.766900E+1	1.410000E+0
5.805000E+0	1.108778E-1	1.687299E-2	3.301310E+2	6.766900E+1	1.410000E+0
5.919000E+0	1.108656E-1	1.689609E-2	3.301310E+2	6.766900E+1	1.410000E+0
5.928000E+0	1.108656E-1	1.689609E-2	3.301310E+2	6.766900E+1	1.410000E+0
6.007000E+0	1.108818E-1	1.696438E-2	3.301310E+2	6.766900E+1	1.410000E+0
6.021000E+0	1.108818E-1	1.696438E-2	3.301310E+2	6.766900E+1	1.410000E+0
6.103000E+0	1.108786E-1	1.697994E-2	3.301310E+2	6.766900E+1	1.410000E+0
6.112000E+0	1.108786E-1	1.697994E-2	3.301310E+2	6.766900E+1	1.410000E+0
6.196000E+0	1.108768E-1	1.697342E-2	3.301310E+2	6.766900E+1	1.410000E+0
6.205000E+0	1.108768E-1	1.697342E-2	3.301310E+2	6.766900E+1	1.410000E+0
6.287000E+0	1.218380E-1	3.331212E-2	3.301310E+2	6.766900E+1	1.410000E+0
6.296000E+0	1.218380E-1	3.331212E-2	3.301310E+2	6.766900E+1	1.410000E+0
6.407000E+0	1.218356E-1	3.368823E-2	3.301310E+2	6.766900E+1	1.410000E+0
6.416000E+0	1.218356E-1	3.368823E-2	3.301310E+2	6.766900E+1	1.410000E+0
6.496000E+0	1.218418E-1	3.382682E-2	3.301310E+2	6.766900E+1	1.410000E+0
6.505000E+0	1.218418E-1	3.382682E-2	3.301310E+2	6.766900E+1	1.410000E+0
6.587000E+0	1.218480E-1	3.384590E-2	3.301310E+2	6.766900E+1	1.410000E+0
6.596000E+0	1.218480E-1	3.384590E-2	3.301310E+2	6.766900E+1	1.410000E+0
6.676000E+0	1.218500E-1	3.393126E-2	3.301310E+2	6.766900E+1	1.410000E+0
6.685000E+0	1.218500E-1	3.393126E-2	3.301310E+2	6.766900E+1	1.410000E+0
6.766000E+0	1.301700E-1	5.183917E-2	3.301310E+2	6.766900E+1	1.410000E+0
6.774000E+0	1.301700E-1	5.183917E-2	3.301310E+2	6.766900E+1	1.410000E+0
6.888000E+0	1.328808E-1	5.893544E-2	3.301310E+2	6.766900E+1	1.410000E+0
6.897000E+0	1.328808E-1	5.893544E-2	3.301310E+2	6.766900E+1	1.410000E+0
6.976000E+0	1.328850E-1	5.924526E-2	3.301310E+2	6.766900E+1	1.410000E+0
6.989000E+0	1.328850E-1	5.924526E-2	3.301310E+2	6.766900E+1	1.410000E+0
7.072000E+0	1.328778E-1	5.938586E-2	3.301310E+2	6.766900E+1	1.410000E+0
7.081000E+0	1.328778E-1	5.938586E-2	3.301310E+2	6.766900E+1	1.410000E+0
7.166000E+0	1.328824E-1	5.947725E-2	3.301310E+2	6.766900E+1	1.410000E+0
7.175000E+0	1.328824E-1	5.947725E-2	3.301310E+2	6.766900E+1	1.410000E+0
7.255000E+0	1.328670E-1	5.945014E-2	3.301310E+2	6.766900E+1	1.410000E+0
7.264000E+0	1.328670E-1	5.945014E-2	3.301310E+2	6.766900E+1	1.410000E+0
7.378000E+0	1.384040E-1	7.508886E-2	3.301310E+2	6.766900E+1	1.410000E+0
7.387000E+0	1.384040E-1	7.508886E-2	3.301310E+2	6.766900E+1	1.410000E+0
7.472000E+0	1.383978E-1	7.560556E-2	3.301310E+2	6.766900E+1	1.410000E+0
7.480000E+0	1.383978E-1	7.560556E-2	3.301310E+2	6.766900E+1	1.410000E+0
7.566000E+0	1.384026E-1	7.577930E-2	3.301310E+2	6.766900E+1	1.410000E+0
7.575000E+0	1.384026E-1	7.577930E-2	3.301310E+2	6.766900E+1	1.410000E+0
7.655000E+0	1.383988E-1	7.580441E-2	3.301310E+2	6.766900E+1	1.410000E+0
7.665000E+0	1.383988E-1	7.580441E-2	3.301310E+2	6.766900E+1	1.410000E+0
7.745000E+0	1.384050E-1	7.587973E-2	3.301310E+2	6.766900E+1	1.410000E+0
7.754000E+0	1.384050E-1	7.587973E-2	3.301310E+2	6.766900E+1	1.410000E+0
7.866000E+0	1.456373E-1	1.010396E-1	3.301310E+2	6.766900E+1	1.410000E+0
7.875000E+0	1.456373E-1	1.010396E-1	3.301310E+2	6.766900E+1	1.410000E+0
7.955000E+0	1.494207E-1	1.152286E-1	3.301310E+2	6.766900E+1	1.410000E+0
7.965000E+0	1.494207E-1	1.152286E-1	3.301310E+2	6.766900E+1	1.410000E+0
8.049000E+0	1.494231E-1	1.157152E-1	3.301310E+2	6.766900E+1	1.410000E+0
8.065000E+0	1.494231E-1	1.157152E-1	3.301310E+2	6.766900E+1	1.410000E+0
8.141000E+0	1.494219E-1	1.159547E-1	3.301310E+2	6.766900E+1	1.410000E+0
8.150000E+0	1.494219E-1	1.159547E-1	3.301310E+2	6.766900E+1	1.410000E+0
8.235000E+0	1.494151E-1	1.160807E-1	3.301310E+2	6.766900E+1	1.410000E+0
8.244000E+0	1.494151E-1	1.160807E-1	3.301310E+2	6.766900E+1	1.410000E+0
8.355000E+0	1.494125E-1	1.162003E-1	3.301310E+2	6.766900E+1	1.410000E+0
8.364000E+0	1.494125E-1	1.162003E-1	3.301310E+2	6.766900E+1	1.410000E+0
8.444000E+0	1.604390E-1	1.645279E-1	3.301310E+2	6.766900E+1	1.410000E+0
8.453000E+0	1.604390E-1	1.645279E-1	3.301310E+2	6.766900E+1	1.410000E+0
8.534000E+0	1.604503E-1	1.661443E-1	3.301310E+2	6.766900E+1	1.410000E+0
8.543000E+0	1.604503E-1	1.661443E-1	3.301310E+2	6.766900E+1	1.410000E+0
8.625000E+0	1.604479E-1	1.666912E-1	3.301310E+2	6.766900E+1	1.410000E+0
8.634000E+0	1.604479E-1	1.666912E-1	3.301310E+2	6.766900E+1	1.410000E+0
8.715000E+0	1.604392E-1	1.668072E-1	3.301310E+2	6.766900E+1	1.410000E+0
8.723000E+0	1.604392E-1	1.668072E-1	3.301310E+2	6.766900E+1	1.410000E+0
8.834000E+0	1.604428E-1	1.666425E-1	3.301310E+2	6.766900E+1	1.410000E+0
8.844000E+0	1.604428E-1	1.666425E-1	3.301310E+2	6.766900E+1	1.410000E+0
8.925000E+0	1.691995E-1	2.129686E-1	3.301310E+2	6.766900E+1	1.410000E+0
8.933000E+0	1.691995E-1	2.129686E-1	3.301310E+2	6.766900E+1	1.410000E+0
9.014000E+0	1.714421E-1	2.240117E-1	3.301310E+2	6.766900E+1	1.410000E+0
9.027000E+0	1.714421E-1	2.240117E-1	3.301310E+2	6.766900E+1	1.410000E+0
9.110000E+0	1.714385E-1	2.142285E-1	3.301310E+2	6.766900E+1	1.410000E+0
9.119000E+0	1.714385E-1	2.142285E-1	3.301310E+2	6.766900E+1	1.410000E+0
9.204000E+0	1.714407E-1	2.126543E-1	3.301310E+2	6.766900E+1	1.410000E+0
9.213000E+0	1.714407E-1	2.126543E-1	3.301310E+2	6.766900E+1	1.410000E+0
9.325000E+0	1.714542E-1	2.119648E-1	3.301310E+2	6.766900E+1	1.410000E+0
9.334000E+0	1.714542E-1	2.119648E-1	3.301310E+2	6.766900E+1	1.410000E+0
9.414000E+0	1.714301E-1	2.117670E-1	3.301310E+2	6.766900E+1	1.410000E+0
9.422000E+0	1.714301E-1	2.117670E-1	3.301310E+2	6.766900E+1	1.410000E+0
9.504000E+0	1.824615E-1	2.829170E-1	3.301310E+2	6.766900E+1	1.410000E+0
9.513000E+0	1.824615E-1	2.829170E-1	3.301310E+2	6.766900E+1	1.410000E+0
9.594000E+0	1.824729E-1	2.874087E-1	3.301310E+2	6.766900E+1	1.410000E+0
9.603000E+0	1.824729E-1	2.874087E-1	3.301310E+2	6.766900E+1	1.410000E+0
9.683000E+0	1.824839E-1	2.886585E-1	3.301310E+2	6.766900E+1	1.410000E+0
9.692000E+0	1.824839E-1	2.886585E-1	3.301310E+2	6.766900E+1	1.410000E+0
9.804000E+0	1.824689E-1	2.897165E-1	3.301310E+2	6.766900E+1	1.410000E+0
9.813000E+0	1.824689E-1	2.897165E-1	3.301310E+2	6.766900E+1	1.410000E+0
9.893000E+0	1.824701E-1	2.911009E-1	3.301310E+2	6.766900E+1	1.410000E+0
9.902000E+0	1.824701E-1	2.911009E-1	3.301310E+2	6.766900E+1	1.410000E+0
9.983000E+0	1.867388E-1	3.233123E-1	3.301310E+2	6.766900E+1	1.410000E+0
9.997000E+0	1.867388E-1	3.233123E-1	3.301310E+2	6.766900E+1	1.410000E+0
1.008000E+1	1.879718E-1	3.341375E-1	3.301310E+2	6.766900E+1	1.410000E+0
1.008900E+1	1.879718E-1	3.341375E-1	3.301310E+2	6.766900E+1	1.410000E+0
1.017400E+1	1.879710E-1	3.340597E-1	3.301310E+2	6.766900E+1	1.410000E+0
1.018300E+1	1.879710E-1	3.340597E-1	3.301310E+2	6.766900E+1	1.410000E+0
1.029600E+1	1.879744E-1	3.339783E-1	3.301310E+2	6.766900E+1	1.410000E+0
1.030500E+1	1.879744E-1	3.339783E-1	3.301310E+2	6.766900E+1	1.410000E+0
1.038900E+1	1.879606E-1	3.330504E-1	3.301310E+2	6.766900E+1	1.410000E+0
1.039800E+1	1.879606E-1	3.330504E-1	3.301310E+2	6.766900E+1	1.410000E+0
1.048300E+1	1.879710E-1	3.325141E-1	3.301310E+2	6.766900E+1	1.410000E+0
1.049300E+1	1.879710E-1	3.325141E-1	3.301310E+2	6.766900E+1	1.410000E+0
1.057300E+1	1.989947E-1	4.249655E-1	3.301310E+2	6.766900E+1	1.410000E+0
1.058200E+1	1.989947E-1	4.249655E-1	3.301310E+2	6.766900E+1	1.410000E+0
1.066300E+1	1.989921E-1	4.261777E-1	3.301310E+2	6.766900E+1	1.410000E+0
1.067200E+1	1.989921E-1	4.261777E-1	3.301310E+2	6.766900E+1	1.410000E+0
1.078400E+1	1.989925E-1	4.266657E-1	3.301310E+2	6.766900E+1	1.410000E+0
1.079300E+1	1.989925E-1	4.266657E-1	3.301310E+2	6.766900E+1	1.410000E+0
1.087200E+1	1.989869E-1	4.269630E-1	3.301310E+2	6.766900E+1	1.410000E+0
1.088100E+1	1.989869E-1	4.269630E-1	3.301310E+2	6.766900E+1	1.410000E+0
1.096300E+1	1.989909E-1	4.273863E-1	3.301310E+2	6.766900E+1	1.410000E+0
1.097500E+1	1.989909E-1	4.273863E-1	3.301310E+2	6.766900E+1	1.410000E+0
1.106600E+1	2.077153E-1	5.143493E-1	3.301310E+2	6.766900E+1	1.410000E+0
1.107500E+1	2.077153E-1	5.143493E-1	3.301310E+2	6.766900E+1	1.410000E+0
1.115800E+1	2.099271E-1	5.393555E-1	3.301310E+2	6.766900E+1	1.410000E+0
1.116700E+1	2.099271E-1	5.393555E-1	3.301310E+2	6.766900E+1	1.410000E+0
1.125200E+1	2.099261E-1	5.399385E-1	3.301310E+2	6.766900E+1	1.410000E+0
1.126100E+1	2.099261E-1	5.399385E-1	3.301310E+2	6.766900E+1	1.410000E+0
1.134200E+1	2.099140E-1	5.402804E-1	3.301310E+2	6.766900E+1	1.410000E+0
1.135100E+1	2.099140E-1	5.402804E-1	3.301310E+2	6.766900E+1	1.410000E+0
1.143200E+1	2.099164E-1	5.410131E-1	3.301310E+2	6.766900E+1	1.410000E+0
1.144200E+1	2.099164E-1	5.410131E-1	3.301310E+2	6.766900E+1	1.410000E+0
1.155300E+1	2.099243E-1	5.414771E-1	3.301310E+2	6.766900E+1	1.410000E+0
1.156200E+1	2.099243E-1	5.414771E-1	3.301310E+2	6.766900E+1	1.410000E+0
1.164200E+1	2.209422E-1	6.706983E-1	3.301310E+2	6.766900E+1	1.410000E+0
1.165100E+1	2.209422E-1	6.706983E-1	3.301310E+2	6.766900E+1	1.410000E+0
1.173200E+1	2.209526E-1	6.742334E-1	3.301310E+2	6.766900E+1	1.410000E+0
1.174100E+1	2.209526E-1	6.742334E-1	3.301310E+2	6.766900E+1	1.410000E+0
1.182300E+1	2.209556E-1	6.756756E-1	3.301310E+2	6.766900E+1	1.410000E+0
1.183200E+1	2.209556E-1	6.756756E-1	3.301310E+2	6.766900E+1	1.410000E+0
1.191100E+1	2.209612E-1	6.763600E-1	3.301310E+2	6.766900E+1	1.410000E+0
1.192100E+1	2.209612E-1	6.763600E-1	3.301310E+2	6.766900E+1	1.410000E+0
1.203300E+1	2.209434E-1	6.769801E-1	3.301310E+2	6.766900E+1	1.410000E+0
1.204600E+1	2.209434E-1	6.769801E-1	3.301310E+2	6.766900E+1	1.410000E+0
1.212800E+1	2.288979E-1	8.211738E-1	3.301310E+2	6.766900E+1	1.410000E+0
1.213600E+1	2.288979E-1	8.211738E-1	3.301310E+2	6.766900E+1	1.410000E+0
1.222100E+1	2.319611E-1	8.303791E-1	3.301310E+2	6.766900E+1	1.410000E+0
1.223000E+1	2.319611E-1	8.303791E-1	3.301310E+2	6.766900E+1	1.410000E+0
1.231100E+1	2.319741E-1	8.313387E-1	3.301310E+2	6.766900E+1	1.410000E+0
1.231900E+1	2.319741E-1	8.313387E-1	3.301310E+2	6.766900E+1	1.410000E+0
1.240000E+1	2.319673E-1	8.327567E-1	3.301310E+2	6.766900E+1	1.410000E+0
1.240900E+1	2.319673E-1	8.327567E-1	3.301310E+2	6.766900E+1	1.410000E+0
1.252300E+1	2.319713E-1	8.337103E-1	3.301310E+2	6.766900E+1	1.410000E+0
1.253100E+1	2.319713E-1	8.337103E-1	3.301310E+2	6.766900E+1	1.410000E+0
1.261100E+1	2.319715E-1	8.348145E-1	3.301310E+2	6.766900E+1	1.410000E+0
1.262100E+1	2.319715E-1	8.348145E-1	3.301310E+2	6.766900E+1	1.410000E+0
1.270000E+1	2.374857E-1	9.189780E-1	3.301310E+2	6.766900E+1	1.410000E+0
1.271000E+1	2.374857E-1	9.189780E-1	3.301310E+2	6.766900E+1	1.410000E+0
1.279200E+1	2.374779E-1	9.215611E-1	3.301310E+2	6.766900E+1	1.410000E+0
1.280000E+1	2.374779E-1	9.215611E-1	3.301310E+2	6.766900E+1	1.410000E+0
1.288100E+1	2.374681E-1	9.227150E-1	3.301310E+2	6.766900E+1	1.410000E+0
1.288900E+1	2.374681E-1	9.227150E-1	3.301310E+2	6.766900E+1	1.410000E+0
1.300100E+1	2.374739E-1	9.232021E-1	3.301310E+2	6.766900E+1	1.410000E+0
1.301500E+1	2.374739E-1	9.232021E-1	3.301310E+2	6.766900E+1	1.410000E+0
1.309600E+1	2.374588E-1	9.241717E-1	3.301310E+2	6.766900E+1	1.410000E+0
1.310500E+1	2.374588E-1	9.241717E-1	3.301310E+2	6.766900E+1	1.410000E+0
1.319100E+1	2.466592E-1	1.076189E+0	3.301310E+2	6.766900E+1	1.410000E+0
1.320000E+1	2.466592E-1	1.076189E+0	3.301310E+2	6.766900E+1	1.410000E+0
1.328000E+1	2.484920E-1	1.112420E+0	3.301310E+2	6.766900E+1	1.410000E+0
1.328900E+1	2.484920E-1	1.112420E+0	3.301310E+2	6.766900E+1	1.410000E+0
1.337000E+1	2.485068E-1	1.113518E+0	3.301310E+2	6.766900E+1	1.410000E+0
1.338000E+1	2.485068E-1	1.113518E+0	3.301310E+2	6.766900E+1	1.410000E+0
1.349100E+1	2.485030E-1	1.114578E+0	3.301310E+2	6.766900E+1	1.410000E+0
1.350000E+1	2.485030E-1	1.114578E+0	3.301310E+2	6.766900E+1	1.410000E+0
1.358000E+1	2.484948E-1	1.115875E+0	3.301310E+2	6.766900E+1	1.410000E+0
1.358800E+1	2.484948E-1	1.115875E+0	3.301310E+2	6.766900E+1	1.410000E+0
1.366900E+1	2.485102E-1	1.116520E+0	3.301310E+2	6.766900E+1	1.410000E+0
1.367800E+1	2.485102E-1	1.116520E+0	3.301310E+2	6.766900E+1	1.410000E+0
1.376000E+1	2.594949E-1	1.324104E+0	3.301310E+2	6.766900E+1	1.410000E+0
1.376900E+1	2.594949E-1	1.324104E+0	3.301310E+2	6.766900E+1	1.410000E+0
1.385000E+1	2.595191E-1	1.298280E+0	3.301310E+2	6.766900E+1	1.410000E+0
1.385800E+1	2.595191E-1	1.298280E+0	3.301310E+2	6.766900E+1	1.410000E+0
1.397200E+1	2.594999E-1	1.241523E+0	3.301310E+2	6.766900E+1	1.410000E+0
1.398400E+1	2.594999E-1	1.241523E+0	3.301310E+2	6.766900E+1	1.410000E+0
1.406900E+1	2.595003E-1	1.222899E+0	3.301310E+2	6.766900E+1	1.410000E+0
1.407800E+1	2.595003E-1	1.222899E+0	3.301310E+2	6.766900E+1	1.410000E+0
1.415900E+1	2.595075E-1	1.222684E+0	3.301310E+2	6.766900E+1	1.410000E+0
1.416800E+1	2.595075E-1	1.222684E+0	3.301310E+2	6.766900E+1	1.410000E+0
1.424900E+1	2.680891E-1	1.469120E+0	3.301310E+2	6.766900E+1	1.410000E+0
1.425700E+1	2.680891E-1	1.469120E+0	3.301310E+2	6.766900E+1	1.410000E+0
1.433900E+1	2.705377E-1	1.543164E+0	3.301310E+2	6.766900E+1	1.410000E+0
1.434800E+1	2.705377E-1	1.543164E+0	3.301310E+2	6.766900E+1	1.410000E+0
1.446200E+1	2.705379E-1	1.549445E+0	3.301310E+2	6.766900E+1	1.410000E+0
1.447100E+1	2.705379E-1	1.549445E+0	3.301310E+2	6.766900E+1	1.410000E+0
1.454800E+1	2.705377E-1	1.554881E+0	3.301310E+2	6.766900E+1	1.410000E+0
1.455700E+1	2.705377E-1	1.554881E+0	3.301310E+2	6.766900E+1	1.410000E+0
1.463900E+1	2.705447E-1	1.548061E+0	3.301310E+2	6.766900E+1	1.410000E+0
1.464800E+1	2.705447E-1	1.548061E+0	3.301310E+2	6.766900E+1	1.410000E+0
1.473000E+1	2.705519E-1	1.548256E+0	3.301310E+2	6.766900E+1	1.410000E+0
1.473900E+1	2.705519E-1	1.548256E+0	3.301310E+2	6.766900E+1	1.410000E+0
1.481900E+1	2.815436E-1	1.801582E+0	3.301310E+2	6.766900E+1	1.410000E+0
1.482800E+1	2.815436E-1	1.801582E+0	3.301310E+2	6.766900E+1	1.410000E+0
1.494000E+1	2.815614E-1	1.806553E+0	3.301310E+2	6.766900E+1	1.410000E+0
1.494800E+1	2.815614E-1	1.806553E+0	3.301310E+2	6.766900E+1	1.410000E+0
1.502800E+1	2.815654E-1	1.806905E+0	3.301310E+2	6.766900E+1	1.410000E+0
1.504100E+1	2.815654E-1	1.806905E+0	3.301310E+2	6.766900E+1	1.410000E+0
1.512400E+1	2.815618E-1	1.807033E+0	3.301310E+2	6.766900E+1	1.410000E+0
1.513200E+1	2.815618E-1	1.807033E+0	3.301310E+2	6.766900E+1	1.410000E+0
1.521800E+1	2.815636E-1	1.806444E+0	3.301310E+2	6.766900E+1	1.410000E+0
1.522700E+1	2.815636E-1	1.806444E+0	3.301310E+2	6.766900E+1	1.410000E+0
1.530800E+1	2.900332E-1	2.018739E+0	3.301310E+2	6.766900E+1	1.410000E+0
1.531700E+1	2.900332E-1	2.018739E+0	3.301310E+2	6.766900E+1	1.410000E+0
1.542900E+1	2.926126E-1	2.089644E+0	3.301310E+2	6.766900E+1	1.410000E+0
1.543800E+1	2.926126E-1	2.089644E+0	3.301310E+2	6.766900E+1	1.410000E+0
1.551800E+1	2.926218E-1	2.088984E+0	3.301310E+2	6.766900E+1	1.410000E+0
1.552700E+1	2.926218E-1	2.088984E+0	3.301310E+2	6.766900E+1	1.410000E+0
1.560700E+1	2.926281E-1	2.089721E+0	3.301310E+2	6.766900E+1	1.410000E+0
1.561600E+1	2.926281E-1	2.089721E+0	3.301310E+2	6.766900E+1	1.410000E+0
1.569800E+1	2.926154E-1	2.088015E+0	3.301310E+2	6.766900E+1	1.410000E+0
1.570600E+1	2.926154E-1	2.088015E+0	3.301310E+2	6.766900E+1	1.410000E+0
1.578800E+1	2.926265E-1	2.088507E+0	3.301310E+2	6.766900E+1	1.410000E+0
1.579700E+1	2.926265E-1	2.088507E+0	3.301310E+2	6.766900E+1	1.410000E+0
1.590800E+1	2.982323E-1	2.239452E+0	3.301310E+2	6.766900E+1	1.410000E+0
1.591700E+1	2.982323E-1	2.239452E+0	3.301310E+2	6.766900E+1	1.410000E+0
1.599700E+1	2.982467E-1	2.242275E+0	3.301310E+2	6.766900E+1	1.410000E+0
1.601000E+1	2.982467E-1	2.242275E+0	3.301310E+2	6.766900E+1	1.410000E+0
1.609300E+1	2.982567E-1	2.241712E+0	3.301310E+2	6.766900E+1	1.410000E+0
1.610200E+1	2.982567E-1	2.241712E+0	3.301310E+2	6.766900E+1	1.410000E+0
1.618600E+1	2.982479E-1	2.238076E+0	3.301310E+2	6.766900E+1	1.410000E+0
1.619500E+1	2.982479E-1	2.238076E+0	3.301310E+2	6.766900E+1	1.410000E+0
1.627800E+1	2.982505E-1	2.236350E+0	3.301310E+2	6.766900E+1	1.410000E+0
1.628700E+1	2.982505E-1	2.236350E+0	3.301310E+2	6.766900E+1	1.410000E+0
1.639700E+1	3.066318E-1	2.471461E+0	3.301310E+2	6.766900E+1	1.410000E+0
1.640600E+1	3.066318E-1	2.471461E+0	3.301310E+2	6.766900E+1	1.410000E+0
1.648600E+1	3.093270E-1	2.553334E+0	3.301310E+2	6.766900E+1	1.410000E+0
1.649500E+1	3.093270E-1	2.553334E+0	3.301310E+2	6.766900E+1	1.410000E+0
1.657800E+1	3.093230E-1	2.553234E+0	3.301310E+2	6.766900E+1	1.410000E+0
1.658700E+1	3.093230E-1	2.553234E+0	3.301310E+2	6.766900E+1	1.410000E+0
1.666600E+1	3.093318E-1	2.553503E+0	3.301310E+2	6.766900E+1	1.410000E+0
1.667500E+1	3.093318E-1	2.553503E+0	3.301310E+2	6.766900E+1	1.410000E+0
1.675600E+1	3.093308E-1	2.553687E+0	3.301310E+2	6.766900E+1	1.410000E+0
1.676500E+1	3.093308E-1	2.553687E+0	3.301310E+2	6.766900E+1	1.410000E+0
1.687800E+1	3.093242E-1	2.553062E+0	3.301310E+2	6.766900E+1	1.410000E+0
1.688700E+1	3.093242E-1	2.553062E+0	3.301310E+2	6.766900E+1	1.410000E+0
1.697300E+1	3.203307E-1	2.889951E+0	3.301310E+2	6.766900E+1	1.410000E+0
1.698500E+1	3.203307E-1	2.889951E+0	3.301310E+2	6.766900E+1	1.410000E+0
1.706600E+1	3.203547E-1	2.893316E+0	3.301310E+2	6.766900E+1	1.410000E+0
1.707500E+1	3.203547E-1	2.893316E+0	3.301310E+2	6.766900E+1	1.410000E+0
1.715500E+1	3.203617E-1	2.893680E+0	3.301310E+2	6.766900E+1	1.410000E+0
1.716400E+1	3.203617E-1	2.893680E+0	3.301310E+2	6.766900E+1	1.410000E+0
1.724600E+1	3.203643E-1	2.894030E+0	3.301310E+2	6.766900E+1	1.410000E+0
1.725500E+1	3.203643E-1	2.894030E+0	3.301310E+2	6.766900E+1	1.410000E+0
1.736700E+1	3.203657E-1	2.895150E+0	3.301310E+2	6.766900E+1	1.410000E+0
1.737600E+1	3.203657E-1	2.895150E+0	3.301310E+2	6.766900E+1	1.410000E+0
1.745600E+1	3.281631E-1	3.144647E+0	3.301310E+2	6.766900E+1	1.410000E+0
1.746400E+1	3.281631E-1	3.144647E+0	3.301310E+2	6.766900E+1	1.410000E+0
1.754600E+1	3.314157E-1	3.255907E+0	3.301310E+2	6.766900E+1	1.410000E+0
1.755500E+1	3.314157E-1	3.255907E+0	3.301310E+2	6.766900E+1	1.410000E+0
1.763600E+1	3.314123E-1	3.252875E+0	3.301310E+2	6.766900E+1	1.410000E+0
1.764500E+1	3.314123E-1	3.252875E+0	3.301310E+2	6.766900E+1	1.410000E+0
1.772500E+1	3.314175E-1	3.250807E+0	3.301310E+2	6.766900E+1	1.410000E+0
1.773400E+1	3.314175E-1	3.250807E+0	3.301310E+2	6.766900E+1	1.410000E+0
1.784600E+1	3.314177E-1	3.251013E+0	3.301310E+2	6.766900E+1	1.410000E+0
1.785500E+1	3.314177E-1	3.251013E+0	3.301310E+2	6.766900E+1	1.410000E+0
1.793500E+1	3.314222E-1	3.253025E+0	3.301310E+2	6.766900E+1	1.410000E+0
1.794400E+1	3.314222E-1	3.253025E+0	3.301310E+2	6.766900E+1	1.410000E+0
1.802500E+1	3.423801E-1	3.627018E+0	3.301310E+2	6.766900E+1	1.410000E+0
1.803800E+1	3.423801E-1	3.627018E+0	3.301310E+2	6.766900E+1	1.410000E+0
1.812100E+1	3.424028E-1	3.631281E+0	3.301310E+2	6.766900E+1	1.410000E+0
1.813000E+1	3.424028E-1	3.631281E+0	3.301310E+2	6.766900E+1	1.410000E+0
1.821500E+1	3.424064E-1	3.631471E+0	3.301310E+2	6.766900E+1	1.410000E+0
1.822400E+1	3.424064E-1	3.631471E+0	3.301310E+2	6.766900E+1	1.410000E+0
1.833500E+1	3.424084E-1	3.634061E+0	3.301310E+2	6.766900E+1	1.410000E+0
1.834500E+1	3.424084E-1	3.634061E+0	3.301310E+2	6.766900E+1	1.410000E+0
1.842500E+1	3.424088E-1	3.634293E+0	3.301310E+2	6.766900E+1	1.410000E+0
1.843400E+1	3.424088E-1	3.634293E+0	3.301310E+2	6.766900E+1	1.410000E+0
1.851400E+1	3.464771E-1	3.775869E+0	3.301310E+2	6.766900E+1	1.410000E+0
1.852300E+1	3.464771E-1	3.775869E+0	3.301310E+2	6.766900E+1	1.410000E+0
1.860500E+1	3.479486E-1	3.831140E+0	3.301310E+2	6.766900E+1	1.410000E+0
1.861400E+1	3.479486E-1	3.831140E+0	3.301310E+2	6.766900E+1	1.410000E+0
1.869500E+1	3.479366E-1	3.827764E+0	3.301310E+2	6.766900E+1	1.410000E+0
1.870400E+1	3.479366E-1	3.827764E+0	3.301310E+2	6.766900E+1	1.410000E+0
1.881500E+1	3.479490E-1	3.824445E+0	3.301310E+2	6.766900E+1	1.410000E+0
1.882400E+1	3.479490E-1	3.824445E+0	3.301310E+2	6.766900E+1	1.410000E+0
1.890500E+1	3.479444E-1	3.822013E+0	3.301310E+2	6.766900E+1	1.410000E+0
1.891400E+1	3.479444E-1	3.822013E+0	3.301310E+2	6.766900E+1	1.410000E+0
1.899500E+1	3.479374E-1	3.824954E+0	3.301310E+2	6.766900E+1	1.410000E+0
1.900700E+1	3.479374E-1	3.824954E+0	3.301310E+2	6.766900E+1	1.410000E+0
1.908900E+1	3.589646E-1	4.231202E+0	3.301310E+2	6.766900E+1	1.410000E+0
1.909700E+1	3.589646E-1	4.231202E+0	3.301310E+2	6.766900E+1	1.410000E+0
1.918400E+1	3.589752E-1	4.227073E+0	3.301310E+2	6.766900E+1	1.410000E+0
1.919300E+1	3.589752E-1	4.227073E+0	3.301310E+2	6.766900E+1	1.410000E+0
1.930500E+1	3.589774E-1	4.223211E+0	3.301310E+2	6.766900E+1	1.410000E+0
1.931400E+1	3.589774E-1	4.223211E+0	3.301310E+2	6.766900E+1	1.410000E+0
1.939400E+1	3.589848E-1	4.210488E+0	3.301310E+2	6.766900E+1	1.410000E+0
1.940300E+1	3.589848E-1	4.210488E+0	3.301310E+2	6.766900E+1	1.410000E+0
1.948400E+1	3.589842E-1	4.193855E+0	3.301310E+2	6.766900E+1	1.410000E+0
1.949300E+1	3.589842E-1	4.193855E+0	3.301310E+2	6.766900E+1	1.410000E+0
1.957400E+1	3.665337E-1	4.472667E+0	3.301310E+2	6.766900E+1	1.410000E+0
1.958200E+1	3.665337E-1	4.472667E+0	3.301310E+2	6.766900E+1	1.410000E+0
1.966300E+1	3.700124E-1	4.613320E+0	3.301310E+2	6.766900E+1	1.410000E+0
1.967200E+1	3.700124E-1	4.613320E+0	3.301310E+2	6.766900E+1	1.410000E+0
1.978800E+1	3.699977E-1	4.608887E+0	3.301310E+2	6.766900E+1	1.410000E+0
1.979600E+1	3.699977E-1	4.608887E+0	3.301310E+2	6.766900E+1	1.410000E+0
1.988000E+1	3.700036E-1	4.610567E+0	3.301310E+2	6.766900E+1	1.410000E+0
1.988900E+1	3.700036E-1	4.610567E+0	3.301310E+2	6.766900E+1	1.410000E+0
1.997000E+1	3.700072E-1	4.610441E+0	3.301310E+2	6.766900E+1	1.410000E+0
1.998300E+1	3.700072E-1	4.610441E+0	3.301310E+2	6.766900E+1	1.410000E+0
2.006300E+1	3.699991E-1	4.620114E+0	3.301310E+2	6.766900E+1	1.410000E+0
2.007300E+1	3.699991E-1	4.620114E+0	3.301310E+2	6.766900E+1	1.410000E+0
2.015400E+1	3.810044E-1	5.056199E+0	3.301310E+2	6.766900E+1	1.410000E+0
2.016200E+1	3.810044E-1	5.056199E+0	3.301310E+2	6.766900E+1	1.410000E+0
2.027400E+1	3.810323E-1	5.062279E+0	3.301310E+2	6.766900E+1	1.410000E+0
2.028300E+1	3.810323E-1	5.062279E+0	3.301310E+2	6.766900E+1	1.410000E+0
2.036300E+1	3.810427E-1	5.061379E+0	3.301310E+2	6.766900E+1	1.410000E+0
2.037200E+1	3.810427E-1	5.061379E+0	3.301310E+2	6.766900E+1	1.410000E+0
2.045300E+1	3.810500E-1	5.044481E+0	3.301310E+2	6.766900E+1	1.410000E+0
2.046200E+1	3.810500E-1	5.044481E+0	3.301310E+2	6.766900E+1	1.410000E+0
2.054300E+1	3.810373E-1	5.040551E+0	3.301310E+2	6.766900E+1	1.410000E+0
2.055100E+1	3.810373E-1	5.040551E+0	3.301310E+2	6.766900E+1	1.410000E+0
2.063300E+1	3.894078E-1	5.383376E+0	3.301310E+2	6.766900E+1	1.410000E+0
2.064200E+1	3.894078E-1	5.383376E+0	3.301310E+2	6.766900E+1	1.410000E+0
2.075400E+1	3.919891E-1	5.485810E+0	3.301310E+2	6.766900E+1	1.410000E+0
2.076300E+1	3.919891E-1	5.485810E+0	3.301310E+2	6.766900E+1	1.410000E+0
2.084300E+1	3.919777E-1	5.490962E+0	3.301310E+2	6.766900E+1	1.410000E+0
2.085200E+1	3.919777E-1	5.490962E+0	3.301310E+2	6.766900E+1	1.410000E+0
2.093300E+1	3.919849E-1	5.499597E+0	3.301310E+2	6.766900E+1	1.410000E+0
2.094200E+1	3.919849E-1	5.499597E+0	3.301310E+2	6.766900E+1	1.410000E+0
2.102200E+1	3.919823E-1	5.502053E+0	3.301310E+2	6.766900E+1	1.410000E+0
2.103600E+1	3.919823E-1	5.502053E+0	3.301310E+2	6.766900E+1	1.410000E+0
2.111800E+1	3.919815E-1	5.500154E+0	3.301310E+2	6.766900E+1	1.410000E+0
2.112700E+1	3.919815E-1	5.500154E+0	3.301310E+2	6.766900E+1	1.410000E+0
2.124300E+1	4.030130E-1	5.948184E+0	3.301310E+2	6.766900E+1	1.410000E+0
2.125200E+1	4.030130E-1	5.948184E+0	3.301310E+2	6.766900E+1	1.410000E+0
2.133200E+1	4.030194E-1	5.948464E+0	3.301310E+2	6.766900E+1	1.410000E+0
2.134200E+1	4.030194E-1	5.948464E+0	3.301310E+2	6.766900E+1	1.410000E+0
2.142200E+1	4.030108E-1	5.949084E+0	3.301310E+2	6.766900E+1	1.410000E+0
2.143000E+1	4.030108E-1	5.949084E+0	3.301310E+2	6.766900E+1	1.410000E+0
2.151100E+1	4.029984E-1	5.946152E+0	3.301310E+2	6.766900E+1	1.410000E+0
2.152000E+1	4.029984E-1	5.946152E+0	3.301310E+2	6.766900E+1	1.410000E+0
2.160200E+1	4.030104E-1	5.949297E+0	3.301310E+2	6.766900E+1	1.410000E+0
2.161200E+1	4.030104E-1	5.949297E+0	3.301310E+2	6.766900E+1	1.410000E+0
2.172300E+1	4.066541E-1	6.102477E+0	3.301310E+2	6.766900E+1	1.410000E+0
2.173100E+1	4.066541E-1	6.102477E+0	3.301310E+2	6.766900E+1	1.410000E+0
2.181100E+1	4.085062E-1	6.181257E+0	3.301310E+2	6.766900E+1	1.410000E+0
2.182000E+1	4.085062E-1	6.181257E+0	3.301310E+2	6.766900E+1	1.410000E+0
2.190100E+1	4.085074E-1	6.180307E+0	3.301310E+2	6.766900E+1	1.410000E+0
2.191000E+1	4.085074E-1	6.180307E+0	3.301310E+2	6.766900E+1	1.410000E+0
2.199200E+1	4.085015E-1	6.179071E+0	3.301310E+2	6.766900E+1	1.410000E+0
2.200400E+1	4.085015E-1	6.179071E+0	3.301310E+2	6.766900E+1	1.410000E+0
2.208700E+1	4.084975E-1	6.183889E+0	3.301310E+2	6.766900E+1	1.410000E+0
2.209600E+1	4.084975E-1	6.183889E+0	3.301310E+2	6.766900E+1	1.410000E+0
2.221200E+1	4.084957E-1	6.186367E+0	3.301310E+2	6.766900E+1	1.410000E+0
2.222200E+1	4.084957E-1	6.186367E+0	3.301310E+2	6.766900E+1	1.410000E+0
2.230200E+1	4.195044E-1	6.663076E+0	3.301310E+2	6.766900E+1	1.410000E+0
2.231100E+1	4.195044E-1	6.663076E+0	3.301310E+2	6.766900E+1	1.410000E+0
2.239100E+1	4.195309E-1	6.665072E+0	3.301310E+2	6.766900E+1	1.410000E+0
2.239900E+1	4.195309E-1	6.665072E+0	3.301310E+2	6.766900E+1	1.410000E+0
2.248100E+1	4.195269E-1	6.659865E+0	3.301310E+2	6.766900E+1	1.410000E+0
2.249000E+1	4.195269E-1	6.659865E+0	3.301310E+2	6.766900E+1	1.410000E+0
2.257100E+1	4.195135E-1	6.657612E+0	3.301310E+2	6.766900E+1	1.410000E+0
2.258100E+1	4.195135E-1	6.657612E+0	3.301310E+2	6.766900E+1	1.410000E+0
2.269200E+1	4.195269E-1	6.653010E+0	3.301310E+2	6.766900E+1	1.410000E+0
2.270100E+1	4.195269E-1	6.653010E+0	3.301310E+2	6.766900E+1	1.410000E+0
2.278200E+1	4.283479E-1	7.039664E+0	3.301310E+2	6.766900E+1	1.410000E+0
2.279100E+1	4.283479E-1	7.039664E+0	3.301310E+2	6.766900E+1	1.410000E+0
2.287100E+1	4.304971E-1	7.144830E+0	3.301310E+2	6.766900E+1	1.410000E+0
2.288000E+1	4.304971E-1	7.144830E+0	3.301310E+2	6.766900E+1	1.410000E+0
2.296100E+1	4.305139E-1	7.143088E+0	3.301310E+2	6.766900E+1	1.410000E+0
2.297000E+1	4.305139E-1	7.143088E+0	3.301310E+2	6.766900E+1	1.410000E+0
2.305100E+1	4.305001E-1	7.141658E+0	3.301310E+2	6.766900E+1	1.410000E+0
2.306700E+1	4.305001E-1	7.141658E+0	3.301310E+2	6.766900E+1	1.410000E+0
2.318200E+1	4.305023E-1	7.142483E+0	3.301310E+2	6.766900E+1	1.410000E+0
2.319100E+1	4.305023E-1	7.142483E+0	3.301310E+2	6.766900E+1	1.410000E+0
2.327200E+1	4.304941E-1	7.141323E+0	3.301310E+2	6.766900E+1	1.410000E+0
2.328100E+1	4.304941E-1	7.141323E+0	3.301310E+2	6.766900E+1	1.410000E+0
2.336100E+1	4.361775E-1	7.400101E+0	3.301310E+2	6.766900E+1	1.410000E+0
2.337000E+1	4.361775E-1	7.400101E+0	3.301310E+2	6.766900E+1	1.410000E+0
2.345100E+1	4.415331E-1	7.646553E+0	3.301310E+2	6.766900E+1	1.410000E+0
2.346000E+1	4.415331E-1	7.646553E+0	3.301310E+2	6.766900E+1	1.410000E+0
2.354000E+1	4.415369E-1	7.644861E+0	3.301310E+2	6.766900E+1	1.410000E+0
2.355000E+1	4.415369E-1	7.644861E+0	3.301310E+2	6.766900E+1	1.410000E+0
2.366200E+1	4.415387E-1	7.645216E+0	3.301310E+2	6.766900E+1	1.410000E+0
2.367100E+1	4.415387E-1	7.645216E+0	3.301310E+2	6.766900E+1	1.410000E+0
2.375000E+1	4.415453E-1	7.645238E+0	3.301310E+2	6.766900E+1	1.410000E+0
2.375900E+1	4.415453E-1	7.645238E+0	3.301310E+2	6.766900E+1	1.410000E+0
2.384000E+1	4.501660E-1	8.034989E+0	3.301310E+2	6.766900E+1	1.410000E+0
2.384900E+1	4.501660E-1	8.034989E+0	3.301310E+2	6.766900E+1	1.410000E+0
2.393100E+1	4.525514E-1	8.145489E+0	3.301310E+2	6.766900E+1	1.410000E+0
2.394000E+1	4.525514E-1	8.145489E+0	3.301310E+2	6.766900E+1	1.410000E+0
2.402000E+1	4.525396E-1	8.147334E+0	3.301310E+2	6.766900E+1	1.410000E+0
2.403400E+1	4.525396E-1	8.147334E+0	3.301310E+2	6.766900E+1	1.410000E+0
2.414900E+1	4.525452E-1	8.148523E+0	3.301310E+2	6.766900E+1	1.410000E+0
2.415800E+1	4.525452E-1	8.148523E+0	3.301310E+2	6.766900E+1	1.410000E+0
2.424000E+1	4.525430E-1	8.148807E+0	3.301310E+2	6.766900E+1	1.410000E+0
2.424900E+1	4.525430E-1	8.148807E+0	3.301310E+2	6.766900E+1	1.410000E+0
2.433000E+1	4.525366E-1	8.150380E+0	3.301310E+2	6.766900E+1	1.410000E+0
2.433900E+1	4.525366E-1	8.150380E+0	3.301310E+2	6.766900E+1	1.410000E+0
2.442100E+1	4.580445E-1	8.402907E+0	3.301310E+2	6.766900E+1	1.410000E+0
2.443000E+1	4.580445E-1	8.402907E+0	3.301310E+2	6.766900E+1	1.410000E+0
2.451000E+1	4.580547E-1	8.399760E+0	3.301310E+2	6.766900E+1	1.410000E+0
2.451900E+1	4.580547E-1	8.399760E+0	3.301310E+2	6.766900E+1	1.410000E+0
2.463100E+1	4.580589E-1	8.403746E+0	3.301310E+2	6.766900E+1	1.410000E+0
2.464000E+1	4.580589E-1	8.403746E+0	3.301310E+2	6.766900E+1	1.410000E+0
2.472000E+1	4.580535E-1	8.405787E+0	3.301310E+2	6.766900E+1	1.410000E+0
2.472900E+1	4.580535E-1	8.405787E+0	3.301310E+2	6.766900E+1	1.410000E+0
2.481000E+1	4.580529E-1	8.413713E+0	3.301310E+2	6.766900E+1	1.410000E+0
2.481900E+1	4.580529E-1	8.413713E+0	3.301310E+2	6.766900E+1	1.410000E+0
2.490100E+1	4.663960E-1	8.795534E+0	3.301310E+2	6.766900E+1	1.410000E+0
2.491000E+1	4.663960E-1	8.795534E+0	3.301310E+2	6.766900E+1	1.410000E+0
2.499000E+1	4.690909E-1	8.910063E+0	3.301310E+2	6.766900E+1	1.410000E+0
2.500400E+1	4.690909E-1	8.910063E+0	3.301310E+2	6.766900E+1	1.410000E+0
2.511700E+1	4.690685E-1	8.915322E+0	3.301310E+2	6.766900E+1	1.410000E+0
2.512500E+1	4.690685E-1	8.915322E+0	3.301310E+2	6.766900E+1	1.410000E+0
2.521000E+1	4.690835E-1	8.919183E+0	3.301310E+2	6.766900E+1	1.410000E+0
2.522000E+1	4.690835E-1	8.919183E+0	3.301310E+2	6.766900E+1	1.410000E+0
2.529900E+1	4.690889E-1	8.916223E+0	3.301310E+2	6.766900E+1	1.410000E+0
2.530800E+1	4.690889E-1	8.916223E+0	3.301310E+2	6.766900E+1	1.410000E+0
2.539100E+1	4.690849E-1	8.918950E+0	3.301310E+2	6.766900E+1	1.410000E+0
2.540000E+1	4.690849E-1	8.918950E+0	3.301310E+2	6.766900E+1	1.410000E+0
2.548100E+1	4.800154E-1	9.458365E+0	3.301310E+2	6.766900E+1	1.410000E+0
2.549000E+1	4.800154E-1	9.458365E+0	3.301310E+2	6.766900E+1	1.410000E+0
2.560100E+1	4.800655E-1	9.440043E+0	3.301310E+2	6.766900E+1	1.410000E+0
2.561000E+1	4.800655E-1	9.440043E+0	3.301310E+2	6.766900E+1	1.410000E+0
2.569000E+1	4.800725E-1	9.437924E+0	3.301310E+2	6.766900E+1	1.410000E+0
2.569900E+1	4.800725E-1	9.437924E+0	3.301310E+2	6.766900E+1	1.410000E+0
2.578000E+1	4.800748E-1	9.440594E+0	3.301310E+2	6.766900E+1	1.410000E+0
2.578800E+1	4.800748E-1	9.440594E+0	3.301310E+2	6.766900E+1	1.410000E+0
2.586900E+1	4.800687E-1	9.457207E+0	3.301310E+2	6.766900E+1	1.410000E+0
2.587800E+1	4.800687E-1	9.457207E+0	3.301310E+2	6.766900E+1	1.410000E+0
2.596100E+1	4.886297E-1	9.877898E+0	3.301310E+2	6.766900E+1	1.410000E+0
2.597000E+1	4.886297E-1	9.877898E+0	3.301310E+2	6.766900E+1	1.410000E+0
2.608200E+1	4.911033E-1	9.975595E+0	3.301310E+2	6.766900E+1	1.410000E+0
2.609700E+1	4.911033E-1	9.975595E+0	3.301310E+2	6.766900E+1	1.410000E+0
2.618000E+1	4.911019E-1	9.976421E+0	3.301310E+2	6.766900E+1	1.410000E+0
2.619000E+1	4.911019E-1	9.976421E+0	3.301310E+2	6.766900E+1	1.410000E+0
2.627000E+1	4.910993E-1	9.979182E+0	3.301310E+2	6.766900E+1	1.410000E+0
2.627900E+1	4.910993E-1	9.979182E+0	3.301310E+2	6.766900E+1	1.410000E+0
2.636000E+1	4.910941E-1	9.998077E+0	3.301310E+2	6.766900E+1	1.410000E+0
2.636900E+1	4.910941E-1	9.998077E+0	3.301310E+2	6.766900E+1	1.410000E+0
2.645000E+1	4.911177E-1	9.980253E+0	3.301310E+2	6.766900E+1	1.410000E+0
2.645800E+1	4.911177E-1	9.980253E+0	3.301310E+2	6.766900E+1	1.410000E+0
2.657100E+1	5.020936E-1	1.051715E+1	3.301310E+2	6.766900E+1	1.410000E+0
2.658000E+1	5.020936E-1	1.051715E+1	3.301310E+2	6.766900E+1	1.410000E+0
2.665900E+1	5.021282E-1	1.052818E+1	3.301310E+2	6.766900E+1	1.410000E+0
2.666800E+1	5.021282E-1	1.052818E+1	3.301310E+2	6.766900E+1	1.410000E+0
2.674900E+1	5.021212E-1	1.055118E+1	3.301310E+2	6.766900E+1	1.410000E+0
2.675800E+1	5.021212E-1	1.055118E+1	3.301310E+2	6.766900E+1	1.410000E+0
2.684000E+1	5.021297E-1	1.053230E+1	3.301310E+2	6.766900E+1	1.410000E+0
2.684900E+1	5.021297E-1	1.053230E+1	3.301310E+2	6.766900E+1	1.410000E+0
2.693000E+1	5.021268E-1	1.051006E+1	3.301310E+2	6.766900E+1	1.410000E+0
2.693800E+1	5.021268E-1	1.051006E+1	3.301310E+2	6.766900E+1	1.410000E+0
2.705100E+1	5.061739E-1	1.072221E+1	3.301310E+2	6.766900E+1	1.410000E+0
2.706400E+1	5.061739E-1	1.072221E+1	3.301310E+2	6.766900E+1	1.410000E+0
2.714600E+1	5.076332E-1	1.078853E+1	3.301310E+2	6.766900E+1	1.410000E+0
2.715500E+1	5.076332E-1	1.078853E+1	3.301310E+2	6.766900E+1	1.410000E+0
2.724000E+1	5.076559E-1	1.078985E+1	3.301310E+2	6.766900E+1	1.410000E+0
2.724900E+1	5.076559E-1	1.078985E+1	3.301310E+2	6.766900E+1	1.410000E+0
2.732900E+1	5.076356E-1	1.078651E+1	3.301310E+2	6.766900E+1	1.410000E+0
2.733800E+1	5.076356E-1	1.078651E+1	3.301310E+2	6.766900E+1	1.410000E+0
2.741900E+1	5.076268E-1	1.079117E+1	3.301310E+2	6.766900E+1	1.410000E+0
2.742900E+1	5.076268E-1	1.079117E+1	3.301310E+2	6.766900E+1	1.410000E+0
2.754000E+1	5.076424E-1	1.080884E+1	3.301310E+2	6.766900E+1	1.410000E+0
2.754900E+1	5.076424E-1	1.080884E+1	3.301310E+2	6.766900E+1	1.410000E+0
2.762900E+1	5.185798E-1	1.140790E+1	3.301310E+2	6.766900E+1	1.410000E+0
2.763700E+1	5.185798E-1	1.140790E+1	3.301310E+2	6.766900E+1	1.410000E+0
2.771900E+1	5.186313E-1	1.134895E+1	3.301310E+2	6.766900E+1	1.410000E+0
2.772800E+1	5.186313E-1	1.134895E+1	3.301310E+2	6.766900E+1	1.410000E+0
2.780900E+1	5.186166E-1	1.133661E+1	3.301310E+2	6.766900E+1	1.410000E+0
2.781800E+1	5.186166E-1	1.133661E+1	3.301310E+2	6.766900E+1	1.410000E+0
2.789800E+1	5.186098E-1	1.135499E+1	3.301310E+2	6.766900E+1	1.410000E+0
2.790700E+1	5.186098E-1	1.135499E+1	3.301310E+2	6.766900E+1	1.410000E+0
2.802000E+1	5.186120E-1	1.140625E+1	3.301310E+2	6.766900E+1	1.410000E+0
2.803300E+1	5.186120E-1	1.140625E+1	3.301310E+2	6.766900E+1	1.410000E+0
2.811500E+1	5.272777E-1	1.188732E+1	3.301310E+2	6.766900E+1	1.410000E+0
2.812400E+1	5.272777E-1	1.188732E+1	3.301310E+2	6.766900E+1	1.410000E+0
2.821000E+1	5.296566E-1	1.191191E+1	3.301310E+2	6.766900E+1	1.410000E+0
2.821900E+1	5.296566E-1	1.191191E+1	3.301310E+2	6.766900E+1	1.410000E+0
2.829800E+1	5.296693E-1	1.193423E+1	3.301310E+2	6.766900E+1	1.410000E+0
2.830700E+1	5.296693E-1	1.193423E+1	3.301310E+2	6.766900E+1	1.410000E+0
2.853500E+1	5.296761E-1	1.189710E+1	3.301310E+2	6.766900E+1	1.410000E+0
2.854400E+1	5.296761E-1	1.189710E+1	3.301310E+2	6.766900E+1	1.410000E+0
2.862800E+1	5.296627E-1	1.189727E+1	3.301310E+2	6.766900E+1	1.410000E+0
2.863700E+1	5.296627E-1	1.189727E+1	3.301310E+2	6.766900E+1	1.410000E+0
2.871900E+1	5.296605E-1	1.199005E+1	3.301310E+2	6.766900E+1	1.410000E+0
2.872700E+1	5.296605E-1	1.199005E+1	3.301310E+2	6.766900E+1	1.410000E+0
2.880900E+1	5.406479E-1	1.245015E+1	3.301310E+2	6.766900E+1	1.410000E+0
2.881700E+1	5.406479E-1	1.245015E+1	3.301310E+2	6.766900E+1	1.410000E+0
2.892900E+1	5.406772E-1	1.246994E+1	3.301310E+2	6.766900E+1	1.410000E+0
2.893800E+1	5.406772E-1	1.246994E+1	3.301310E+2	6.766900E+1	1.410000E+0
2.901800E+1	5.406698E-1	1.248728E+1	3.301310E+2	6.766900E+1	1.410000E+0
2.903100E+1	5.406698E-1	1.248728E+1	3.301310E+2	6.766900E+1	1.410000E+0
2.910900E+1	5.406758E-1	1.263335E+1	3.301310E+2	6.766900E+1	1.410000E+0
2.911700E+1	5.406758E-1	1.263335E+1	3.301310E+2	6.766900E+1	1.410000E+0
2.919900E+1	5.406794E-1	1.244544E+1	3.301310E+2	6.766900E+1	1.410000E+0
2.920800E+1	5.406794E-1	1.244544E+1	3.301310E+2	6.766900E+1	1.410000E+0
2.928900E+1	5.484320E-1	1.287051E+1	3.301310E+2	6.766900E+1	1.410000E+0
2.929800E+1	5.484320E-1	1.287051E+1	3.301310E+2	6.766900E+1	1.410000E+0
2.940900E+1	5.517154E-1	1.303253E+1	3.301310E+2	6.766900E+1	1.410000E+0
2.941900E+1	5.517154E-1	1.303253E+1	3.301310E+2	6.766900E+1	1.410000E+0
2.949900E+1	5.517322E-1	1.317279E+1	3.301310E+2	6.766900E+1	1.410000E+0
2.950800E+1	5.517322E-1	1.317279E+1	3.301310E+2	6.766900E+1	1.410000E+0
2.958800E+1	5.517204E-1	1.301989E+1	3.301310E+2	6.766900E+1	1.410000E+0
2.959700E+1	5.517204E-1	1.301989E+1	3.301310E+2	6.766900E+1	1.410000E+0
2.967900E+1	5.517256E-1	1.303038E+1	3.301310E+2	6.766900E+1	1.410000E+0
2.968700E+1	5.517256E-1	1.303038E+1	3.301310E+2	6.766900E+1	1.410000E+0
2.976800E+1	5.517210E-1	1.303134E+1	3.301310E+2	6.766900E+1	1.410000E+0
2.977700E+1	5.517210E-1	1.303134E+1	3.301310E+2	6.766900E+1	1.410000E+0
2.988900E+1	5.626214E-1	1.374746E+1	3.301310E+2	6.766900E+1	1.410000E+0
2.989800E+1	5.626214E-1	1.374746E+1	3.301310E+2	6.766900E+1	1.410000E+0
2.997900E+1	5.626501E-1	1.360201E+1	3.301310E+2	6.766900E+1	1.410000E+0
2.999200E+1	5.626501E-1	1.360201E+1	3.301310E+2	6.766900E+1	1.410000E+0
3.006800E+1	5.626553E-1	1.359925E+1	3.301310E+2	6.766900E+1	1.410000E+0
3.007700E+1	5.626553E-1	1.359925E+1	3.301310E+2	6.766900E+1	1.410000E+0
3.015800E+1	5.626547E-1	1.363889E+1	3.301310E+2	6.766900E+1	1.410000E+0
3.016700E+1	5.626547E-1	1.363889E+1	3.301310E+2	6.766900E+1	1.410000E+0
3.024800E+1	5.626742E-1	1.385062E+1	3.301310E+2	6.766900E+1	1.410000E+0
3.025700E+1	5.626742E-1	1.385062E+1	3.301310E+2	6.766900E+1	1.410000E+0
3.036900E+1	5.664487E-1	1.378502E+1	3.301310E+2	6.766900E+1	1.410000E+0
3.037800E+1	5.664487E-1	1.378502E+1	3.301310E+2	6.766900E+1	1.410000E+0
3.045900E+1	5.681928E-1	1.388645E+1	3.301310E+2	6.766900E+1	1.410000E+0
3.046800E+1	5.681928E-1	1.388645E+1	3.301310E+2	6.766900E+1	1.410000E+0
3.054800E+1	5.681799E-1	1.398276E+1	3.301310E+2	6.766900E+1	1.410000E+0
3.055700E+1	5.681799E-1	1.398276E+1	3.301310E+2	6.766900E+1	1.410000E+0
3.063800E+1	5.682194E-1	1.401335E+1	3.301310E+2	6.766900E+1	1.410000E+0
3.064700E+1	5.682194E-1	1.401335E+1	3.301310E+2	6.766900E+1	1.410000E+0
3.072900E+1	5.681892E-1	1.388868E+1	3.301310E+2	6.766900E+1	1.410000E+0
3.073800E+1	5.681892E-1	1.388868E+1	3.301310E+2	6.766900E+1	1.410000E+0
3.084900E+1	5.681918E-1	1.389119E+1	3.301310E+2	6.766900E+1	1.410000E+0
3.085700E+1	5.681918E-1	1.389119E+1	3.301310E+2	6.766900E+1	1.410000E+0
3.093800E+1	5.790110E-1	1.476089E+1	3.301310E+2	6.766900E+1	1.410000E+0
3.094700E+1	5.790110E-1	1.476089E+1	3.301310E+2	6.766900E+1	1.410000E+0
3.102800E+1	5.792446E-1	1.448114E+1	3.301310E+2	6.766900E+1	1.410000E+0
3.104100E+1	5.792446E-1	1.448114E+1	3.301310E+2	6.766900E+1	1.410000E+0
3.111800E+1	5.792231E-1	1.445352E+1	3.301310E+2	6.766900E+1	1.410000E+0
3.112700E+1	5.792231E-1	1.445352E+1	3.301310E+2	6.766900E+1	1.410000E+0
3.120900E+1	5.792341E-1	1.445449E+1	3.301310E+2	6.766900E+1	1.410000E+0
3.121800E+1	5.792341E-1	1.445449E+1	3.301310E+2	6.766900E+1	1.410000E+0
3.133000E+1	5.792191E-1	1.445799E+1	3.301310E+2	6.766900E+1	1.410000E+0
3.133900E+1	5.792191E-1	1.445799E+1	3.301310E+2	6.766900E+1	1.410000E+0
3.141900E+1	5.875002E-1	1.489522E+1	3.301310E+2	6.766900E+1	1.410000E+0
3.142800E+1	5.875002E-1	1.489522E+1	3.301310E+2	6.766900E+1	1.410000E+0
3.150800E+1	5.902290E-1	1.508949E+1	3.301310E+2	6.766900E+1	1.410000E+0
3.151700E+1	5.902290E-1	1.508949E+1	3.301310E+2	6.766900E+1	1.410000E+0
3.159800E+1	5.901997E-1	1.549533E+1	3.301310E+2	6.766900E+1	1.410000E+0
3.160600E+1	5.901997E-1	1.549533E+1	3.301310E+2	6.766900E+1	1.410000E+0
3.168700E+1	5.903036E-1	1.510263E+1	3.301310E+2	6.766900E+1	1.410000E+0
3.169600E+1	5.903036E-1	1.510263E+1	3.301310E+2	6.766900E+1	1.410000E+0
3.181100E+1	5.902453E-1	1.505550E+1	3.301310E+2	6.766900E+1	1.410000E+0
3.182000E+1	5.902453E-1	1.505550E+1	3.301310E+2	6.766900E+1	1.410000E+0
3.189800E+1	5.902110E-1	1.521616E+1	3.301310E+2	6.766900E+1	1.410000E+0
3.190700E+1	5.902110E-1	1.521616E+1	3.301310E+2	6.766900E+1	1.410000E+0
3.198800E+1	6.013755E-1	1.639328E+1	3.301310E+2	6.766900E+1	1.410000E+0
3.200100E+1	6.013755E-1	1.639328E+1	3.301310E+2	6.766900E+1	1.410000E+0
3.207900E+1	6.012830E-1	1.562835E+1	3.301310E+2	6.766900E+1	1.410000E+0
3.208700E+1	6.012830E-1	1.562835E+1	3.301310E+2	6.766900E+1	1.410000E+0
3.216800E+1	6.012913E-1	1.565524E+1	3.301310E+2	6.766900E+1	1.410000E+0
3.217700E+1	6.012913E-1	1.565524E+1	3.301310E+2	6.766900E+1	1.410000E+0
3.228800E+1	6.013019E-1	1.563397E+1	3.301310E+2	6.766900E+1	1.410000E+0
3.229700E+1	6.013019E-1	1.563397E+1	3.301310E+2	6.766900E+1	1.410000E+0
3.237800E+1	6.012965E-1	1.566356E+1	3.301310E+2	6.766900E+1	1.410000E+0
3.238700E+1	6.012965E-1	1.566356E+1	3.301310E+2	6.766900E+1	1.410000E+0
3.246800E+1	6.097049E-1	1.642777E+1	3.301310E+2	6.766900E+1	1.410000E+0
3.247700E+1	6.097049E-1	1.642777E+1	3.301310E+2	6.766900E+1	1.410000E+0
3.255600E+1	6.122675E-1	1.787475E+1	3.301310E+2	6.766900E+1	1.410000E+0
3.256500E+1	6.122675E-1	1.787475E+1	3.301310E+2	6.766900E+1	1.410000E+0
3.264800E+1	6.122883E-1	1.622211E+1	3.301310E+2	6.766900E+1	1.410000E+0
