Sample;s3(i3)
V-V length(cm);1.000000
Field (T);12.053777
Temp (K);4.200000
Angle (deg.);0.000000
Field(T)_memo;12.000000
Time(sec.)	Current(A)	Voltage(uV)	Temp.1(K)	Temp.2(K)	Temp.3(K)
0.000000E+0	6.548325E-4	1.305560E-5	3.301310E+2	6.766900E+1	1.410000E+0
8.000000E-2	6.702699E-4	1.305560E-5	3.301310E+2	6.766900E+1	1.410000E+0
8.700000E-2	6.702699E-4	1.004277E-5	3.301310E+2	6.766900E+1	1.410000E+0
9.600000E-2	6.702699E-4	1.004277E-5	3.301310E+2	6.766900E+1	1.410000E+0
1.800000E-1	1.022379E-2	2.711548E-5	3.301310E+2	6.766900E+1	1.410000E+0
1.880000E-1	1.022379E-2	2.711548E-5	3.301310E+2	6.766900E+1	1.410000E+0
2.740000E-1	2.175009E-2	1.908126E-5	3.301310E+2	6.766900E+1	1.410000E+0
2.830000E-1	2.175009E-2	1.908126E-5	3.301310E+2	6.766900E+1	1.410000E+0
3.640000E-1	2.271663E-2	1.908126E-5	3.301310E+2	6.766900E+1	1.410000E+0
3.730000E-1	2.271663E-2	1.908126E-5	3.301310E+2	6.766900E+1	1.410000E+0
4.850000E-1	2.716479E-2	1.004277E-6	3.301310E+2	6.766900E+1	1.410000E+0
4.940000E-1	2.716479E-2	1.004277E-6	3.301310E+2	6.766900E+1	1.410000E+0
5.740000E-1	2.824521E-2	2.159196E-5	3.301310E+2	6.766900E+1	1.410000E+0
5.830000E-1	2.824521E-2	2.159196E-5	3.301310E+2	6.766900E+1	1.410000E+0
6.640000E-1	3.919792E-2	-2.008554E-6	3.301310E+2	6.766900E+1	1.410000E+0
6.730000E-1	3.919792E-2	-2.008554E-6	3.301310E+2	6.766900E+1	1.410000E+0
7.520000E-1	4.550498E-2	3.414542E-5	3.301310E+2	6.766900E+1	1.410000E+0
7.610000E-1	4.550498E-2	3.414542E-5	3.301310E+2	6.766900E+1	1.410000E+0
8.430000E-1	5.024104E-2	7.029940E-6	3.301310E+2	6.766900E+1	1.410000E+0
8.520000E-1	5.024104E-2	7.029940E-6	3.301310E+2	6.766900E+1	1.410000E+0
9.640000E-1	5.533317E-2	3.766039E-5	3.301310E+2	6.766900E+1	1.410000E+0
9.730000E-1	5.533317E-2	3.766039E-5	3.301310E+2	6.766900E+1	1.410000E+0
1.053000E+0	6.126352E-2	2.460479E-5	3.301310E+2	6.766900E+1	1.410000E+0
1.066000E+0	6.126352E-2	2.460479E-5	3.301310E+2	6.766900E+1	1.410000E+0
1.150000E+0	7.228800E-2	9.038494E-6	3.301310E+2	6.766900E+1	1.410000E+0
1.158000E+0	7.228800E-2	9.038494E-6	3.301310E+2	6.766900E+1	1.410000E+0
1.243000E+0	7.680313E-2	2.159196E-5	3.301310E+2	6.766900E+1	1.410000E+0
1.251000E+0	7.680313E-2	2.159196E-5	3.301310E+2	6.766900E+1	1.410000E+0
1.334000E+0	7.776726E-2	2.711548E-5	3.301310E+2	6.766900E+1	1.410000E+0
1.343000E+0	7.776726E-2	2.711548E-5	3.301310E+2	6.766900E+1	1.410000E+0
1.454000E+0	8.613171E-2	4.669888E-5	3.301310E+2	6.766900E+1	1.410000E+0
1.463000E+0	8.613171E-2	4.669888E-5	3.301310E+2	6.766900E+1	1.410000E+0
1.543000E+0	8.880959E-2	1.857913E-5	3.301310E+2	6.766900E+1	1.410000E+0
1.553000E+0	8.880959E-2	1.857913E-5	3.301310E+2	6.766900E+1	1.410000E+0
1.632000E+0	9.979297E-2	3.514970E-5	3.301310E+2	6.766900E+1	1.410000E+0
1.641000E+0	9.979297E-2	3.514970E-5	3.301310E+2	6.766900E+1	1.410000E+0
1.723000E+0	1.082420E-1	9.038494E-6	3.301310E+2	6.766900E+1	1.410000E+0
1.733000E+0	1.082420E-1	9.038494E-6	3.301310E+2	6.766900E+1	1.410000E+0
1.813000E+0	1.108443E-1	8.034217E-6	3.301310E+2	6.766900E+1	1.410000E+0
1.822000E+0	1.108443E-1	8.034217E-6	3.301310E+2	6.766900E+1	1.410000E+0
1.936000E+0	1.218172E-1	3.213723E-5	3.301310E+2	6.766900E+1	1.410000E+0
1.944000E+0	1.218172E-1	3.213723E-5	3.301310E+2	6.766900E+1	1.410000E+0
2.030000E+0	1.218218E-1	1.707307E-5	3.301310E+2	6.766900E+1	1.410000E+0
2.043000E+0	1.218218E-1	1.707307E-5	3.301310E+2	6.766900E+1	1.410000E+0
2.123000E+0	1.328586E-1	1.657093E-5	3.301310E+2	6.766900E+1	1.410000E+0
2.132000E+0	1.328586E-1	1.657093E-5	3.301310E+2	6.766900E+1	1.410000E+0
2.213000E+0	1.371840E-1	2.360088E-5	3.301310E+2	6.766900E+1	1.410000E+0
2.222000E+0	1.371840E-1	2.360088E-5	3.301310E+2	6.766900E+1	1.410000E+0
2.302000E+0	1.383936E-1	1.807735E-5	3.301310E+2	6.766900E+1	1.410000E+0
2.311000E+0	1.383936E-1	1.807735E-5	3.301310E+2	6.766900E+1	1.410000E+0
2.424000E+0	1.474685E-1	4.218001E-5	3.301310E+2	6.766900E+1	1.410000E+0
2.432000E+0	1.474685E-1	4.218001E-5	3.301310E+2	6.766900E+1	1.410000E+0
2.513000E+0	1.494122E-1	1.857949E-5	3.301310E+2	6.766900E+1	1.410000E+0
2.521000E+0	1.494122E-1	1.857949E-5	3.301310E+2	6.766900E+1	1.410000E+0
2.603000E+0	1.587001E-1	5.975486E-5	3.301310E+2	6.766900E+1	1.410000E+0
2.611000E+0	1.587001E-1	5.975486E-5	3.301310E+2	6.766900E+1	1.410000E+0
2.692000E+0	1.691524E-1	2.661371E-5	3.301310E+2	6.766900E+1	1.410000E+0
2.701000E+0	1.691524E-1	2.661371E-5	3.301310E+2	6.766900E+1	1.410000E+0
2.781000E+0	1.714419E-1	2.109018E-5	3.301310E+2	6.766900E+1	1.410000E+0
2.790000E+0	1.714419E-1	2.109018E-5	3.301310E+2	6.766900E+1	1.410000E+0
2.903000E+0	1.824674E-1	6.527838E-5	3.301310E+2	6.766900E+1	1.410000E+0
2.912000E+0	1.824674E-1	6.527838E-5	3.301310E+2	6.766900E+1	1.410000E+0
2.992000E+0	1.824814E-1	2.761798E-5	3.301310E+2	6.766900E+1	1.410000E+0
3.005000E+0	1.824814E-1	2.761798E-5	3.301310E+2	6.766900E+1	1.410000E+0
3.089000E+0	1.879681E-1	3.916717E-5	3.301310E+2	6.766900E+1	1.410000E+0
3.098000E+0	1.879681E-1	3.916717E-5	3.301310E+2	6.766900E+1	1.410000E+0
3.183000E+0	1.963117E-1	1.144880E-4	3.301310E+2	6.766900E+1	1.410000E+0
3.191000E+0	1.963117E-1	1.144880E-4	3.301310E+2	6.766900E+1	1.410000E+0
3.273000E+0	1.990074E-1	1.139858E-4	3.301310E+2	6.766900E+1	1.410000E+0
3.282000E+0	1.990074E-1	1.139858E-4	3.301310E+2	6.766900E+1	1.410000E+0
3.393000E+0	2.099305E-1	1.918173E-4	3.301310E+2	6.766900E+1	1.410000E+0
3.402000E+0	2.099305E-1	1.918173E-4	3.301310E+2	6.766900E+1	1.410000E+0
3.482000E+0	2.181726E-1	3.951835E-4	3.301310E+2	6.766900E+1	1.410000E+0
3.491000E+0	2.181726E-1	3.951835E-4	3.301310E+2	6.766900E+1	1.410000E+0
3.573000E+0	2.209752E-1	4.584529E-4	3.301310E+2	6.766900E+1	1.410000E+0
3.582000E+0	2.209752E-1	4.584529E-4	3.301310E+2	6.766900E+1	1.410000E+0
3.663000E+0	2.282969E-1	7.943837E-4	3.301310E+2	6.766900E+1	1.410000E+0
3.672000E+0	2.282969E-1	7.943837E-4	3.301310E+2	6.766900E+1	1.410000E+0
3.752000E+0	2.319890E-1	9.721408E-4	3.301310E+2	6.766900E+1	1.410000E+0
3.761000E+0	2.319890E-1	9.721408E-4	3.301310E+2	6.766900E+1	1.410000E+0
3.873000E+0	2.375168E-1	1.400967E-3	3.301310E+2	6.766900E+1	1.410000E+0
3.882000E+0	2.375168E-1	1.400967E-3	3.301310E+2	6.766900E+1	1.410000E+0
3.962000E+0	2.457698E-1	2.345992E-3	3.301310E+2	6.766900E+1	1.410000E+0
3.972000E+0	2.457698E-1	2.345992E-3	3.301310E+2	6.766900E+1	1.410000E+0
4.052000E+0	2.485539E-1	2.719583E-3	3.301310E+2	6.766900E+1	1.410000E+0
4.065000E+0	2.485539E-1	2.719583E-3	3.301310E+2	6.766900E+1	1.410000E+0
4.148000E+0	2.573306E-1	4.951590E-3	3.301310E+2	6.766900E+1	1.410000E+0
4.157000E+0	2.573306E-1	4.951590E-3	3.301310E+2	6.766900E+1	1.410000E+0
4.242000E+0	2.595341E-1	5.023395E-3	3.301310E+2	6.766900E+1	1.410000E+0
4.251000E+0	2.595341E-1	5.023395E-3	3.301310E+2	6.766900E+1	1.410000E+0
4.362000E+0	2.705594E-1	8.681475E-3	3.301310E+2	6.766900E+1	1.410000E+0
4.371000E+0	2.705594E-1	8.681475E-3	3.301310E+2	6.766900E+1	1.410000E+0
4.452000E+0	2.760870E-1	1.156676E-2	3.301310E+2	6.766900E+1	1.410000E+0
4.461000E+0	2.760870E-1	1.156676E-2	3.301310E+2	6.766900E+1	1.410000E+0
4.542000E+0	2.815971E-1	1.456955E-2	3.301310E+2	6.766900E+1	1.410000E+0
4.550000E+0	2.815971E-1	1.456955E-2	3.301310E+2	6.766900E+1	1.410000E+0
4.633000E+0	2.860296E-1	1.779379E-2	3.301310E+2	6.766900E+1	1.410000E+0
4.642000E+0	2.860296E-1	1.779379E-2	3.301310E+2	6.766900E+1	1.410000E+0
4.722000E+0	2.926248E-1	2.306674E-2	3.301310E+2	6.766900E+1	1.410000E+0
4.731000E+0	2.926248E-1	2.306674E-2	3.301310E+2	6.766900E+1	1.410000E+0
4.843000E+0	2.982644E-1	2.854809E-2	3.301310E+2	6.766900E+1	1.410000E+0
4.852000E+0	2.982644E-1	2.854809E-2	3.301310E+2	6.766900E+1	1.410000E+0
4.932000E+0	3.068183E-1	3.901366E-2	3.301310E+2	6.766900E+1	1.410000E+0
4.941000E+0	3.068183E-1	3.901366E-2	3.301310E+2	6.766900E+1	1.410000E+0
5.022000E+0	3.093517E-1	4.290725E-2	3.301310E+2	6.766900E+1	1.410000E+0
5.036000E+0	3.093517E-1	4.290725E-2	3.301310E+2	6.766900E+1	1.410000E+0
5.118000E+0	3.203653E-1	6.042335E-2	3.301310E+2	6.766900E+1	1.410000E+0
5.126000E+0	3.203653E-1	6.042335E-2	3.301310E+2	6.766900E+1	1.410000E+0
5.212000E+0	3.203693E-1	6.185645E-2	3.301310E+2	6.766900E+1	1.410000E+0
5.221000E+0	3.203693E-1	6.185645E-2	3.301310E+2	6.766900E+1	1.410000E+0
5.333000E+0	3.314140E-1	7.862537E-2	3.301310E+2	6.766900E+1	1.410000E+0
5.342000E+0	3.314140E-1	7.862537E-2	3.301310E+2	6.766900E+1	1.410000E+0
5.422000E+0	3.389631E-1	8.590990E-2	3.301310E+2	6.766900E+1	1.410000E+0
5.431000E+0	3.389631E-1	8.590990E-2	3.301310E+2	6.766900E+1	1.410000E+0
5.512000E+0	3.423886E-1	9.139375E-2	3.301310E+2	6.766900E+1	1.410000E+0
5.521000E+0	3.423886E-1	9.139375E-2	3.301310E+2	6.766900E+1	1.410000E+0
5.602000E+0	3.479282E-1	1.046839E-1	3.301310E+2	6.766900E+1	1.410000E+0
5.611000E+0	3.479282E-1	1.046839E-1	3.301310E+2	6.766900E+1	1.410000E+0
5.692000E+0	3.479346E-1	1.100939E-1	3.301310E+2	6.766900E+1	1.410000E+0
5.701000E+0	3.479346E-1	1.100939E-1	3.301310E+2	6.766900E+1	1.410000E+0
5.814000E+0	3.589802E-1	1.433099E-1	3.301310E+2	6.766900E+1	1.410000E+0
5.823000E+0	3.589802E-1	1.433099E-1	3.301310E+2	6.766900E+1	1.410000E+0
5.901000E+0	3.663095E-1	1.730184E-1	3.301310E+2	6.766900E+1	1.410000E+0
5.910000E+0	3.663095E-1	1.730184E-1	3.301310E+2	6.766900E+1	1.410000E+0
5.992000E+0	3.699876E-1	1.910859E-1	3.301310E+2	6.766900E+1	1.410000E+0
6.004000E+0	3.699876E-1	1.910859E-1	3.301310E+2	6.766900E+1	1.410000E+0
6.088000E+0	3.810061E-1	2.372721E-1	3.301310E+2	6.766900E+1	1.410000E+0
6.097000E+0	3.810061E-1	2.372721E-1	3.301310E+2	6.766900E+1	1.410000E+0
6.182000E+0	3.810193E-1	2.374840E-1	3.301310E+2	6.766900E+1	1.410000E+0
6.191000E+0	3.810193E-1	2.374840E-1	3.301310E+2	6.766900E+1	1.410000E+0
6.305000E+0	3.919489E-1	2.837098E-1	3.301310E+2	6.766900E+1	1.410000E+0
6.314000E+0	3.919489E-1	2.837098E-1	3.301310E+2	6.766900E+1	1.410000E+0
6.397000E+0	3.999711E-1	3.381261E-1	3.301310E+2	6.766900E+1	1.410000E+0
6.406000E+0	3.999711E-1	3.381261E-1	3.301310E+2	6.766900E+1	1.410000E+0
6.491000E+0	4.029953E-1	3.429743E-1	3.301310E+2	6.766900E+1	1.410000E+0
6.500000E+0	4.029953E-1	3.429743E-1	3.301310E+2	6.766900E+1	1.410000E+0
6.580000E+0	4.084743E-1	3.744086E-1	3.301310E+2	6.766900E+1	1.410000E+0
6.589000E+0	4.084743E-1	3.744086E-1	3.301310E+2	6.766900E+1	1.410000E+0
6.671000E+0	4.167868E-1	4.245617E-1	3.301310E+2	6.766900E+1	1.410000E+0
6.680000E+0	4.167868E-1	4.245617E-1	3.301310E+2	6.766900E+1	1.410000E+0
6.791000E+0	4.195183E-1	4.465042E-1	3.301310E+2	6.766900E+1	1.410000E+0
6.800000E+0	4.195183E-1	4.465042E-1	3.301310E+2	6.766900E+1	1.410000E+0
6.881000E+0	4.267955E-1	4.945102E-1	3.301310E+2	6.766900E+1	1.410000E+0
6.890000E+0	4.267955E-1	4.945102E-1	3.301310E+2	6.766900E+1	1.410000E+0
6.970000E+0	4.304962E-1	5.245662E-1	3.301310E+2	6.766900E+1	1.410000E+0
6.979000E+0	4.304962E-1	5.245662E-1	3.301310E+2	6.766900E+1	1.410000E+0
7.061000E+0	4.415339E-1	6.035712E-1	3.301310E+2	6.766900E+1	1.410000E+0
7.074000E+0	4.415339E-1	6.035712E-1	3.301310E+2	6.766900E+1	1.410000E+0
7.158000E+0	4.503042E-1	6.871265E-1	3.301310E+2	6.766900E+1	1.410000E+0
7.168000E+0	4.503042E-1	6.871265E-1	3.301310E+2	6.766900E+1	1.410000E+0
7.282000E+0	4.525492E-1	6.916302E-1	3.301310E+2	6.766900E+1	1.410000E+0
7.291000E+0	4.525492E-1	6.916302E-1	3.301310E+2	6.766900E+1	1.410000E+0
7.371000E+0	4.567072E-1	7.238951E-1	3.301310E+2	6.766900E+1	1.410000E+0
7.380000E+0	4.567072E-1	7.238951E-1	3.301310E+2	6.766900E+1	1.410000E+0
7.460000E+0	4.580746E-1	7.360675E-1	3.301310E+2	6.766900E+1	1.410000E+0
7.469000E+0	4.580746E-1	7.360675E-1	3.301310E+2	6.766900E+1	1.410000E+0
7.551000E+0	4.690866E-1	8.253522E-1	3.301310E+2	6.766900E+1	1.410000E+0
7.561000E+0	4.690866E-1	8.253522E-1	3.301310E+2	6.766900E+1	1.410000E+0
7.642000E+0	4.779186E-1	9.008759E-1	3.301310E+2	6.766900E+1	1.410000E+0
7.651000E+0	4.779186E-1	9.008759E-1	3.301310E+2	6.766900E+1	1.410000E+0
7.762000E+0	4.800700E-1	9.219989E-1	3.301310E+2	6.766900E+1	1.410000E+0
7.771000E+0	4.800700E-1	9.219989E-1	3.301310E+2	6.766900E+1	1.410000E+0
7.851000E+0	4.883803E-1	9.964048E-1	3.301310E+2	6.766900E+1	1.410000E+0
7.859000E+0	4.883803E-1	9.964048E-1	3.301310E+2	6.766900E+1	1.410000E+0
7.941000E+0	4.911075E-1	1.023728E+0	3.301310E+2	6.766900E+1	1.410000E+0
7.950000E+0	4.911075E-1	1.023728E+0	3.301310E+2	6.766900E+1	1.410000E+0
8.031000E+0	5.021221E-1	1.123549E+0	3.301310E+2	6.766900E+1	1.410000E+0
8.044000E+0	5.021221E-1	1.123549E+0	3.301310E+2	6.766900E+1	1.410000E+0
8.127000E+0	5.060186E-1	1.183555E+0	3.301310E+2	6.766900E+1	1.410000E+0
8.136000E+0	5.060186E-1	1.183555E+0	3.301310E+2	6.766900E+1	1.410000E+0
8.252000E+0	5.076379E-1	1.188787E+0	3.301310E+2	6.766900E+1	1.410000E+0
8.261000E+0	5.076379E-1	1.188787E+0	3.301310E+2	6.766900E+1	1.410000E+0
8.340000E+0	5.185966E-1	1.257295E+0	3.301310E+2	6.766900E+1	1.410000E+0
8.350000E+0	5.185966E-1	1.257295E+0	3.301310E+2	6.766900E+1	1.410000E+0
8.431000E+0	5.186209E-1	1.303890E+0	3.301310E+2	6.766900E+1	1.410000E+0
8.439000E+0	5.186209E-1	1.303890E+0	3.301310E+2	6.766900E+1	1.410000E+0
8.521000E+0	5.296526E-1	1.436830E+0	3.301310E+2	6.766900E+1	1.410000E+0
8.529000E+0	5.296526E-1	1.436830E+0	3.301310E+2	6.766900E+1	1.410000E+0
8.611000E+0	5.387556E-1	1.542818E+0	3.301310E+2	6.766900E+1	1.410000E+0
8.619000E+0	5.387556E-1	1.542818E+0	3.301310E+2	6.766900E+1	1.410000E+0
8.734000E+0	5.406849E-1	1.468618E+0	3.301310E+2	6.766900E+1	1.410000E+0
8.742000E+0	5.406849E-1	1.468618E+0	3.301310E+2	6.766900E+1	1.410000E+0
8.821000E+0	5.516829E-1	1.362636E+0	3.301310E+2	6.766900E+1	1.410000E+0
8.830000E+0	5.516829E-1	1.362636E+0	3.301310E+2	6.766900E+1	1.410000E+0
8.911000E+0	5.517140E-1	1.311901E+0	3.301310E+2	6.766900E+1	1.410000E+0
8.920000E+0	5.517140E-1	1.311901E+0	3.301310E+2	6.766900E+1	1.410000E+0
9.001000E+0	5.625885E-1	1.625406E+0	3.301310E+2	6.766900E+1	1.410000E+0
9.014000E+0	5.625885E-1	1.625406E+0	3.301310E+2	6.766900E+1	1.410000E+0
9.096000E+0	5.668831E-1	1.916068E+0	3.301310E+2	6.766900E+1	1.410000E+0
9.106000E+0	5.668831E-1	1.916068E+0	3.301310E+2	6.766900E+1	1.410000E+0
9.223000E+0	5.681565E-1	1.921784E+0	3.301310E+2	6.766900E+1	1.410000E+0
9.231000E+0	5.681565E-1	1.921784E+0	3.301310E+2	6.766900E+1	1.410000E+0
9.311000E+0	5.791732E-1	2.086114E+0	3.301310E+2	6.766900E+1	1.410000E+0
9.319000E+0	5.791732E-1	2.086114E+0	3.301310E+2	6.766900E+1	1.410000E+0
9.400000E+0	5.791961E-1	2.092222E+0	3.301310E+2	6.766900E+1	1.410000E+0
9.409000E+0	5.791961E-1	2.092222E+0	3.301310E+2	6.766900E+1	1.410000E+0
9.491000E+0	5.902065E-1	2.281046E+0	3.301310E+2	6.766900E+1	1.410000E+0
9.499000E+0	5.902065E-1	2.281046E+0	3.301310E+2	6.766900E+1	1.410000E+0
9.581000E+0	5.945857E-1	2.356105E+0	3.301310E+2	6.766900E+1	1.410000E+0
9.590000E+0	5.945857E-1	2.356105E+0	3.301310E+2	6.766900E+1	1.410000E+0
9.702000E+0	6.012466E-1	2.474527E+0	3.301310E+2	6.766900E+1	1.410000E+0
9.710000E+0	6.012466E-1	2.474527E+0	3.301310E+2	6.766900E+1	1.410000E+0
9.791000E+0	6.122220E-1	2.673171E+0	3.301310E+2	6.766900E+1	1.410000E+0
9.800000E+0	6.122220E-1	2.673171E+0	3.301310E+2	6.766900E+1	1.410000E+0
9.881000E+0	6.165144E-1	2.753724E+0	3.301310E+2	6.766900E+1	1.410000E+0
9.890000E+0	6.165144E-1	2.753724E+0	3.301310E+2	6.766900E+1	1.410000E+0
9.970000E+0	6.177556E-1	2.782464E+0	3.301310E+2	6.766900E+1	1.410000E+0
9.979000E+0	6.177556E-1	2.782464E+0	3.301310E+2	6.766900E+1	1.410000E+0
1.006000E+1	6.260553E-1	2.939944E+0	3.301310E+2	6.766900E+1	1.410000E+0
1.007300E+1	6.260553E-1	2.939944E+0	3.301310E+2	6.766900E+1	1.410000E+0
1.018800E+1	6.287819E-1	2.997151E+0	3.301310E+2	6.766900E+1	1.410000E+0
1.019600E+1	6.287819E-1	2.997151E+0	3.301310E+2	6.766900E+1	1.410000E+0
1.028100E+1	6.398045E-1	3.212348E+0	3.301310E+2	6.766900E+1	1.410000E+0
1.028900E+1	6.398045E-1	3.212348E+0	3.301310E+2	6.766900E+1	1.410000E+0
1.037100E+1	6.471389E-1	3.367565E+0	3.301310E+2	6.766900E+1	1.410000E+0
1.038000E+1	6.471389E-1	3.367565E+0	3.301310E+2	6.766900E+1	1.410000E+0
1.046000E+1	6.508440E-1	3.446838E+0	3.301310E+2	6.766900E+1	1.410000E+0
1.046900E+1	6.508440E-1	3.446838E+0	3.301310E+2	6.766900E+1	1.410000E+0
1.055000E+1	6.596465E-1	3.644610E+0	3.301310E+2	6.766900E+1	1.410000E+0
1.055900E+1	6.596465E-1	3.644610E+0	3.301310E+2	6.766900E+1	1.410000E+0
1.067200E+1	6.619114E-1	3.686916E+0	3.301310E+2	6.766900E+1	1.410000E+0
1.068100E+1	6.619114E-1	3.686916E+0	3.301310E+2	6.766900E+1	1.410000E+0
1.076100E+1	6.729271E-1	3.936697E+0	3.301310E+2	6.766900E+1	1.410000E+0
1.077000E+1	6.729271E-1	3.936697E+0	3.301310E+2	6.766900E+1	1.410000E+0
1.085100E+1	6.768815E-1	4.020443E+0	3.301310E+2	6.766900E+1	1.410000E+0
1.086000E+1	6.768815E-1	4.020443E+0	3.301310E+2	6.766900E+1	1.410000E+0
1.094100E+1	6.784749E-1	4.059379E+0	3.301310E+2	6.766900E+1	1.410000E+0
1.095000E+1	6.784749E-1	4.059379E+0	3.301310E+2	6.766900E+1	1.410000E+0
1.103100E+1	6.838575E-1	4.190349E+0	3.301310E+2	6.766900E+1	1.410000E+0
1.104400E+1	6.838575E-1	4.190349E+0	3.301310E+2	6.766900E+1	1.410000E+0
1.115700E+1	6.895253E-1	4.333057E+0	3.301310E+2	6.766900E+1	1.410000E+0
1.116600E+1	6.895253E-1	4.333057E+0	3.301310E+2	6.766900E+1	1.410000E+0
1.125100E+1	6.999182E-1	4.609481E+0	3.301310E+2	6.766900E+1	1.410000E+0
1.126000E+1	6.999182E-1	4.609481E+0	3.301310E+2	6.766900E+1	1.410000E+0
1.134000E+1	7.091940E-1	4.867357E+0	3.301310E+2	6.766900E+1	1.410000E+0
1.134900E+1	7.091940E-1	4.867357E+0	3.301310E+2	6.766900E+1	1.410000E+0
1.143000E+1	7.115680E-1	4.937881E+0	3.301310E+2	6.766900E+1	1.410000E+0
1.144000E+1	7.115680E-1	4.937881E+0	3.301310E+2	6.766900E+1	1.410000E+0
1.152100E+1	7.225612E-1	5.259973E+0	3.301310E+2	6.766900E+1	1.410000E+0
1.153000E+1	7.225612E-1	5.259973E+0	3.301310E+2	6.766900E+1	1.410000E+0
1.164400E+1	7.225921E-1	5.257966E+0	3.301310E+2	6.766900E+1	1.410000E+0
1.165300E+1	7.225921E-1	5.257966E+0	3.301310E+2	6.766900E+1	1.410000E+0
1.173600E+1	7.280052E-1	5.431251E+0	3.301310E+2	6.766900E+1	1.410000E+0
1.174500E+1	7.280052E-1	5.431251E+0	3.301310E+2	6.766900E+1	1.410000E+0
1.183100E+1	7.372947E-1	5.702358E+0	3.301310E+2	6.766900E+1	1.410000E+0
1.184000E+1	7.372947E-1	5.702358E+0	3.301310E+2	6.766900E+1	1.410000E+0
1.192100E+1	7.390106E-1	5.771271E+0	3.301310E+2	6.766900E+1	1.410000E+0
1.193000E+1	7.390106E-1	5.771271E+0	3.301310E+2	6.766900E+1	1.410000E+0
1.201000E+1	7.500357E-1	6.126468E+0	3.301310E+2	6.766900E+1	1.410000E+0
1.202400E+1	7.500357E-1	6.126468E+0	3.301310E+2	6.766900E+1	1.410000E+0
1.213800E+1	7.500702E-1	6.122143E+0	3.301310E+2	6.766900E+1	1.410000E+0
1.214700E+1	7.500702E-1	6.122143E+0	3.301310E+2	6.766900E+1	1.410000E+0
1.223100E+1	7.610618E-1	6.509215E+0	3.301310E+2	6.766900E+1	1.410000E+0
1.223900E+1	7.610618E-1	6.509215E+0	3.301310E+2	6.766900E+1	1.410000E+0
1.232100E+1	7.676260E-1	6.757002E+0	3.301310E+2	6.766900E+1	1.410000E+0
1.232900E+1	7.676260E-1	6.757002E+0	3.301310E+2	6.766900E+1	1.410000E+0
1.241100E+1	7.721249E-1	6.885102E+0	3.301310E+2	6.766900E+1	1.410000E+0
1.242000E+1	7.721249E-1	6.885102E+0	3.301310E+2	6.766900E+1	1.410000E+0
1.250000E+1	7.775996E-1	7.111864E+0	3.301310E+2	6.766900E+1	1.410000E+0
1.250900E+1	7.775996E-1	7.111864E+0	3.301310E+2	6.766900E+1	1.410000E+0
1.262000E+1	7.776541E-1	7.067634E+0	3.301310E+2	6.766900E+1	1.410000E+0
1.262900E+1	7.776541E-1	7.067634E+0	3.301310E+2	6.766900E+1	1.410000E+0
1.271100E+1	7.886022E-1	7.482925E+0	3.301310E+2	6.766900E+1	1.410000E+0
1.272000E+1	7.886022E-1	7.482925E+0	3.301310E+2	6.766900E+1	1.410000E+0
1.280000E+1	7.970009E-1	7.815333E+0	3.301310E+2	6.766900E+1	1.410000E+0
1.280900E+1	7.970009E-1	7.815333E+0	3.301310E+2	6.766900E+1	1.410000E+0
1.289000E+1	7.996856E-1	7.975372E+0	3.301310E+2	6.766900E+1	1.410000E+0
1.289900E+1	7.996856E-1	7.975372E+0	3.301310E+2	6.766900E+1	1.410000E+0
1.298000E+1	8.106515E-1	8.350693E+0	3.301310E+2	6.766900E+1	1.410000E+0
1.299000E+1	8.106515E-1	8.350693E+0	3.301310E+2	6.766900E+1	1.410000E+0
1.310200E+1	8.189364E-1	8.718310E+0	3.301310E+2	6.766900E+1	1.410000E+0
1.312700E+1	8.189364E-1	8.718310E+0	3.301310E+2	6.766900E+1	1.410000E+0
1.321000E+1	8.217289E-1	8.933816E+0	3.301310E+2	6.766900E+1	1.410000E+0
1.321800E+1	8.217289E-1	8.933816E+0	3.301310E+2	6.766900E+1	1.410000E+0
1.330100E+1	8.295601E-1	9.116041E+0	3.301310E+2	6.766900E+1	1.410000E+0
1.331000E+1	8.295601E-1	9.116041E+0	3.301310E+2	6.766900E+1	1.410000E+0
1.339000E+1	8.326939E-1	9.332423E+0	3.301310E+2	6.766900E+1	1.410000E+0
1.339900E+1	8.326939E-1	9.332423E+0	3.301310E+2	6.766900E+1	1.410000E+0
1.348000E+1	8.381888E-1	9.692674E+0	3.301310E+2	6.766900E+1	1.410000E+0
1.348800E+1	8.381888E-1	9.692674E+0	3.301310E+2	6.766900E+1	1.410000E+0
1.360100E+1	8.466931E-1	9.978139E+0	3.301310E+2	6.766900E+1	1.410000E+0
1.361000E+1	8.466931E-1	9.978139E+0	3.301310E+2	6.766900E+1	1.410000E+0
1.369000E+1	8.492006E-1	1.022253E+1	3.301310E+2	6.766900E+1	1.410000E+0
1.369900E+1	8.492006E-1	1.022253E+1	3.301310E+2	6.766900E+1	1.410000E+0
1.378000E+1	8.581988E-1	1.073634E+1	3.301310E+2	6.766900E+1	1.410000E+0
1.378900E+1	8.581988E-1	1.073634E+1	3.301310E+2	6.766900E+1	1.410000E+0
1.400700E+1	8.599833E-1	1.696253E+1	3.301310E+2	6.766900E+1	1.410000E+0
1.402000E+1	8.599833E-1	1.696253E+1	3.301310E+2	6.766900E+1	1.410000E+0
1.410000E+1	8.713606E-1	1.681293E+1	3.301310E+2	6.766900E+1	1.410000E+0
1.410900E+1	8.713606E-1	1.681293E+1	3.301310E+2	6.766900E+1	1.410000E+0
1.419000E+1	8.762342E-1	1.403637E+1	3.301310E+2	6.766900E+1	1.410000E+0
1.419900E+1	8.762342E-1	1.403637E+1	3.301310E+2	6.766900E+1	1.410000E+0
1.428000E+1	8.824176E-1	1.205579E+1	3.301310E+2	6.766900E+1	1.410000E+0
1.428900E+1	8.824176E-1	1.205579E+1	3.301310E+2	6.766900E+1	1.410000E+0
1.437000E+1	8.864026E-1	1.169413E+1	3.301310E+2	6.766900E+1	1.410000E+0
1.438000E+1	8.864026E-1	1.169413E+1	3.301310E+2	6.766900E+1	1.410000E+0
1.449100E+1	8.878040E-1	1.177295E+1	3.301310E+2	6.766900E+1	1.410000E+0
1.450000E+1	8.878040E-1	1.177295E+1	3.301310E+2	6.766900E+1	1.410000E+0
1.458000E+1	8.985520E-1	1.566546E+1	3.301310E+2	6.766900E+1	1.410000E+0
