Sample;s3(i3)
V-V length(cm);1.000000
Field (T);11.049559
Temp (K);4.200000
Angle (deg.);0.000000
Field(T)_memo;11.000000
Time(sec.)	Current(A)	Voltage(uV)	Temp.1(K)	Temp.2(K)	Temp.3(K)
0.000000E+0	6.636552E-4	1.004275E-6	3.301310E+2	6.766900E+1	1.410000E+0
6.700000E-2	6.626527E-4	7.029926E-6	3.301310E+2	6.766900E+1	1.410000E+0
7.600000E-2	6.626527E-4	7.029926E-6	3.301310E+2	6.766900E+1	1.410000E+0
1.600000E-1	1.017850E-2	4.469024E-5	3.301310E+2	6.766900E+1	1.410000E+0
1.680000E-1	1.017850E-2	4.469024E-5	3.301310E+2	6.766900E+1	1.410000E+0
2.810000E-1	1.167813E-2	-6.527788E-6	3.301310E+2	6.766900E+1	1.410000E+0
2.900000E-1	1.167813E-2	-6.527788E-6	3.301310E+2	6.766900E+1	1.410000E+0
3.700000E-1	2.014242E-2	2.058764E-5	3.301310E+2	6.766900E+1	1.410000E+0
3.790000E-1	2.014242E-2	2.058764E-5	3.301310E+2	6.766900E+1	1.410000E+0
4.590000E-1	2.271285E-2	-4.017100E-6	3.301310E+2	6.766900E+1	1.410000E+0
4.670000E-1	2.271285E-2	-4.017100E-6	3.301310E+2	6.766900E+1	1.410000E+0
5.500000E-1	2.822981E-2	1.305558E-5	3.301310E+2	6.766900E+1	1.410000E+0
5.590000E-1	2.822981E-2	1.305558E-5	3.301310E+2	6.766900E+1	1.410000E+0
6.400000E-1	3.660108E-2	2.560902E-5	3.301310E+2	6.766900E+1	1.410000E+0
6.490000E-1	3.660108E-2	2.560902E-5	3.301310E+2	6.766900E+1	1.410000E+0
7.600000E-1	3.917972E-2	1.054489E-5	3.301310E+2	6.766900E+1	1.410000E+0
7.700000E-1	3.917972E-2	1.054489E-5	3.301310E+2	6.766900E+1	1.410000E+0
8.490000E-1	5.021905E-2	1.908123E-5	3.301310E+2	6.766900E+1	1.410000E+0
8.620000E-1	5.021905E-2	1.908123E-5	3.301310E+2	6.766900E+1	1.410000E+0
9.460000E-1	5.022828E-2	1.355771E-5	3.301310E+2	6.766900E+1	1.410000E+0
9.540000E-1	5.022828E-2	1.355771E-5	3.301310E+2	6.766900E+1	1.410000E+0
1.039000E+0	6.123974E-2	-1.958336E-5	3.301310E+2	6.766900E+1	1.410000E+0
1.047000E+0	6.123974E-2	-1.958336E-5	3.301310E+2	6.766900E+1	1.410000E+0
1.130000E+0	6.937324E-2	2.811970E-5	3.301310E+2	6.766900E+1	1.410000E+0
1.138000E+0	6.937324E-2	2.811970E-5	3.301310E+2	6.766900E+1	1.410000E+0
1.250000E+0	7.227246E-2	1.205130E-5	3.301310E+2	6.766900E+1	1.410000E+0
1.259000E+0	7.227246E-2	1.205130E-5	3.301310E+2	6.766900E+1	1.410000E+0
1.339000E+0	7.773468E-2	-1.004275E-5	3.301310E+2	6.766900E+1	1.410000E+0
1.348000E+0	7.773468E-2	-1.004275E-5	3.301310E+2	6.766900E+1	1.410000E+0
1.430000E+0	7.773889E-2	1.054489E-5	3.301310E+2	6.766900E+1	1.410000E+0
1.438000E+0	7.773889E-2	1.054489E-5	3.301310E+2	6.766900E+1	1.410000E+0
1.519000E+0	8.876038E-2	1.205130E-5	3.301310E+2	6.766900E+1	1.410000E+0
1.528000E+0	8.876038E-2	1.205130E-5	3.301310E+2	6.766900E+1	1.410000E+0
1.608000E+0	9.307904E-2	2.460474E-5	3.301310E+2	6.766900E+1	1.410000E+0
1.617000E+0	9.307904E-2	2.460474E-5	3.301310E+2	6.766900E+1	1.410000E+0
1.729000E+0	9.978748E-2	-3.012825E-6	3.301310E+2	6.766900E+1	1.410000E+0
1.738000E+0	9.978748E-2	-3.012825E-6	3.301310E+2	6.766900E+1	1.410000E+0
1.819000E+0	1.108108E-1	5.523513E-6	3.301310E+2	6.766900E+1	1.410000E+0
1.832000E+0	1.108108E-1	5.523513E-6	3.301310E+2	6.766900E+1	1.410000E+0
1.915000E+0	1.198238E-1	2.209405E-5	3.301310E+2	6.766900E+1	1.410000E+0
1.923000E+0	1.198238E-1	2.209405E-5	3.301310E+2	6.766900E+1	1.410000E+0
2.008000E+0	1.217787E-1	2.912398E-5	3.301310E+2	6.766900E+1	1.410000E+0
2.017000E+0	1.217787E-1	2.912398E-5	3.301310E+2	6.766900E+1	1.410000E+0
2.099000E+0	1.307609E-1	1.506413E-5	3.301310E+2	6.766900E+1	1.410000E+0
2.108000E+0	1.307609E-1	1.506413E-5	3.301310E+2	6.766900E+1	1.410000E+0
2.219000E+0	1.328229E-1	1.606840E-5	3.301310E+2	6.766900E+1	1.410000E+0
2.228000E+0	1.328229E-1	1.606840E-5	3.301310E+2	6.766900E+1	1.410000E+0
2.308000E+0	1.383551E-1	-2.008550E-6	3.301310E+2	6.766900E+1	1.410000E+0
2.317000E+0	1.383551E-1	-2.008550E-6	3.301310E+2	6.766900E+1	1.410000E+0
2.397000E+0	1.466041E-1	1.355771E-5	3.301310E+2	6.766900E+1	1.410000E+0
2.406000E+0	1.466041E-1	1.355771E-5	3.301310E+2	6.766900E+1	1.410000E+0
2.488000E+0	1.493922E-1	2.159191E-5	3.301310E+2	6.766900E+1	1.410000E+0
2.497000E+0	1.493922E-1	2.159191E-5	3.301310E+2	6.766900E+1	1.410000E+0
2.578000E+0	1.581634E-1	3.263894E-5	3.301310E+2	6.766900E+1	1.410000E+0
2.587000E+0	1.581634E-1	3.263894E-5	3.301310E+2	6.766900E+1	1.410000E+0
2.700000E+0	1.604190E-1	2.209442E-5	3.301310E+2	6.766900E+1	1.410000E+0
2.709000E+0	1.604190E-1	2.209442E-5	3.301310E+2	6.766900E+1	1.410000E+0
2.793000E+0	1.714098E-1	-1.506377E-5	3.301310E+2	6.766900E+1	1.410000E+0
2.807000E+0	1.714098E-1	-1.506377E-5	3.301310E+2	6.766900E+1	1.410000E+0
2.895000E+0	1.807466E-1	2.711580E-5	3.301310E+2	6.766900E+1	1.410000E+0
2.904000E+0	1.807466E-1	2.711580E-5	3.301310E+2	6.766900E+1	1.410000E+0
2.988000E+0	1.824598E-1	2.309870E-5	3.301310E+2	6.766900E+1	1.410000E+0
2.997000E+0	1.824598E-1	2.309870E-5	3.301310E+2	6.766900E+1	1.410000E+0
3.077000E+0	1.856068E-1	1.908160E-5	3.301310E+2	6.766900E+1	1.410000E+0
3.086000E+0	1.856068E-1	1.908160E-5	3.301310E+2	6.766900E+1	1.410000E+0
3.197000E+0	1.879493E-1	2.309870E-5	3.301310E+2	6.766900E+1	1.410000E+0
3.206000E+0	1.879493E-1	2.309870E-5	3.301310E+2	6.766900E+1	1.410000E+0
3.286000E+0	1.989705E-1	1.857946E-5	3.301310E+2	6.766900E+1	1.410000E+0
3.295000E+0	1.989705E-1	1.857946E-5	3.301310E+2	6.766900E+1	1.410000E+0
3.376000E+0	2.079322E-1	2.661366E-5	3.301310E+2	6.766900E+1	1.410000E+0
3.386000E+0	2.079322E-1	2.661366E-5	3.301310E+2	6.766900E+1	1.410000E+0
3.466000E+0	2.099207E-1	1.908160E-5	3.301310E+2	6.766900E+1	1.410000E+0
3.475000E+0	2.099207E-1	1.908160E-5	3.301310E+2	6.766900E+1	1.410000E+0
3.556000E+0	2.209317E-1	1.456236E-5	3.301310E+2	6.766900E+1	1.410000E+0
3.566000E+0	2.209317E-1	1.456236E-5	3.301310E+2	6.766900E+1	1.410000E+0
3.677000E+0	2.209508E-1	-7.029563E-6	3.301310E+2	6.766900E+1	1.410000E+0
3.686000E+0	2.209508E-1	-7.029563E-6	3.301310E+2	6.766900E+1	1.410000E+0
3.767000E+0	2.319502E-1	8.034567E-6	3.301310E+2	6.766900E+1	1.410000E+0
3.775000E+0	2.319502E-1	8.034567E-6	3.301310E+2	6.766900E+1	1.410000E+0
3.856000E+0	2.361951E-1	4.368634E-5	3.301310E+2	6.766900E+1	1.410000E+0
3.869000E+0	2.361951E-1	4.368634E-5	3.301310E+2	6.766900E+1	1.410000E+0
3.952000E+0	2.375038E-1	-9.038114E-6	3.301310E+2	6.766900E+1	1.410000E+0
3.962000E+0	2.375038E-1	-9.038114E-6	3.301310E+2	6.766900E+1	1.410000E+0
4.045000E+0	2.485269E-1	1.807732E-5	3.301310E+2	6.766900E+1	1.410000E+0
4.054000E+0	2.485269E-1	1.807732E-5	3.301310E+2	6.766900E+1	1.410000E+0
4.167000E+0	2.485414E-1	2.611152E-5	3.301310E+2	6.766900E+1	1.410000E+0
4.176000E+0	2.485414E-1	2.611152E-5	3.301310E+2	6.766900E+1	1.410000E+0
4.255000E+0	2.595123E-1	2.962649E-5	3.301310E+2	6.766900E+1	1.410000E+0
4.264000E+0	2.595123E-1	2.962649E-5	3.301310E+2	6.766900E+1	1.410000E+0
4.346000E+0	2.682260E-1	3.364359E-5	3.301310E+2	6.766900E+1	1.410000E+0
4.355000E+0	2.682260E-1	3.364359E-5	3.301310E+2	6.766900E+1	1.410000E+0
4.434000E+0	2.705550E-1	5.523879E-6	3.301310E+2	6.766900E+1	1.410000E+0
4.443000E+0	2.705550E-1	5.523879E-6	3.301310E+2	6.766900E+1	1.410000E+0
4.526000E+0	2.815611E-1	1.757518E-5	3.301310E+2	6.766900E+1	1.410000E+0
4.535000E+0	2.815611E-1	1.757518E-5	3.301310E+2	6.766900E+1	1.410000E+0
4.646000E+0	2.815793E-1	2.259656E-5	3.301310E+2	6.766900E+1	1.410000E+0
4.655000E+0	2.815793E-1	2.259656E-5	3.301310E+2	6.766900E+1	1.410000E+0
4.735000E+0	2.922696E-1	3.364359E-5	3.301310E+2	6.766900E+1	1.410000E+0
4.745000E+0	2.922696E-1	3.364359E-5	3.301310E+2	6.766900E+1	1.410000E+0
4.825000E+0	2.969728E-1	3.916710E-5	3.301310E+2	6.766900E+1	1.410000E+0
4.838000E+0	2.969728E-1	3.916710E-5	3.301310E+2	6.766900E+1	1.410000E+0
4.922000E+0	2.982587E-1	3.163504E-5	3.301310E+2	6.766900E+1	1.410000E+0
4.931000E+0	2.982587E-1	3.163504E-5	3.301310E+2	6.766900E+1	1.410000E+0
5.016000E+0	3.093249E-1	2.360084E-5	3.301310E+2	6.766900E+1	1.410000E+0
5.024000E+0	3.093249E-1	2.360084E-5	3.301310E+2	6.766900E+1	1.410000E+0
5.136000E+0	3.174937E-1	5.824833E-5	3.301310E+2	6.766900E+1	1.410000E+0
5.144000E+0	3.174937E-1	5.824833E-5	3.301310E+2	6.766900E+1	1.410000E+0
5.224000E+0	3.203592E-1	5.272482E-5	3.301310E+2	6.766900E+1	1.410000E+0
5.233000E+0	3.203592E-1	5.272482E-5	3.301310E+2	6.766900E+1	1.410000E+0
5.315000E+0	3.243529E-1	9.791721E-5	3.301310E+2	6.766900E+1	1.410000E+0
5.324000E+0	3.243529E-1	9.791721E-5	3.301310E+2	6.766900E+1	1.410000E+0
5.405000E+0	3.314082E-1	9.088728E-5	3.301310E+2	6.766900E+1	1.410000E+0
5.414000E+0	3.314082E-1	9.088728E-5	3.301310E+2	6.766900E+1	1.410000E+0
5.494000E+0	3.423912E-1	1.847870E-4	3.301310E+2	6.766900E+1	1.410000E+0
5.503000E+0	3.423912E-1	1.847870E-4	3.301310E+2	6.766900E+1	1.410000E+0
5.615000E+0	3.468081E-1	2.239538E-4	3.301310E+2	6.766900E+1	1.410000E+0
5.624000E+0	3.468081E-1	2.239538E-4	3.301310E+2	6.766900E+1	1.410000E+0
5.704000E+0	3.479500E-1	2.269666E-4	3.301310E+2	6.766900E+1	1.410000E+0
5.712000E+0	3.479500E-1	2.269666E-4	3.301310E+2	6.766900E+1	1.410000E+0
5.794000E+0	3.565488E-1	4.132597E-4	3.301310E+2	6.766900E+1	1.410000E+0
5.808000E+0	3.565488E-1	4.132597E-4	3.301310E+2	6.766900E+1	1.410000E+0
5.891000E+0	3.589727E-1	4.479072E-4	3.301310E+2	6.766900E+1	1.410000E+0
5.900000E+0	3.589727E-1	4.479072E-4	3.301310E+2	6.766900E+1	1.410000E+0
5.983000E+0	3.699876E-1	7.517005E-4	3.301310E+2	6.766900E+1	1.410000E+0
5.992000E+0	3.699876E-1	7.517005E-4	3.301310E+2	6.766900E+1	1.410000E+0
6.105000E+0	3.790992E-1	1.214169E-3	3.301310E+2	6.766900E+1	1.410000E+0
6.114000E+0	3.790992E-1	1.214169E-3	3.301310E+2	6.766900E+1	1.410000E+0
6.194000E+0	3.809956E-1	1.296520E-3	3.301310E+2	6.766900E+1	1.410000E+0
6.203000E+0	3.809956E-1	1.296520E-3	3.301310E+2	6.766900E+1	1.410000E+0
6.283000E+0	3.897193E-1	2.005036E-3	3.301310E+2	6.766900E+1	1.410000E+0
6.292000E+0	3.897193E-1	2.005036E-3	3.301310E+2	6.766900E+1	1.410000E+0
6.374000E+0	3.919355E-1	2.162707E-3	3.301310E+2	6.766900E+1	1.410000E+0
6.384000E+0	3.919355E-1	2.162707E-3	3.301310E+2	6.766900E+1	1.410000E+0
6.462000E+0	4.029674E-1	3.511951E-3	3.301310E+2	6.766900E+1	1.410000E+0
6.473000E+0	4.029674E-1	3.511951E-3	3.301310E+2	6.766900E+1	1.410000E+0
6.584000E+0	4.050354E-1	3.882027E-3	3.301310E+2	6.766900E+1	1.410000E+0
6.593000E+0	4.050354E-1	3.882027E-3	3.301310E+2	6.766900E+1	1.410000E+0
6.673000E+0	4.084667E-1	4.458481E-3	3.301310E+2	6.766900E+1	1.410000E+0
6.682000E+0	4.084667E-1	4.458481E-3	3.301310E+2	6.766900E+1	1.410000E+0
6.762000E+0	4.194916E-1	6.913432E-3	3.301310E+2	6.766900E+1	1.410000E+0
6.771000E+0	4.194916E-1	6.913432E-3	3.301310E+2	6.766900E+1	1.410000E+0
6.853000E+0	4.194824E-1	6.989255E-3	3.301310E+2	6.766900E+1	1.410000E+0
6.866000E+0	4.194824E-1	6.989255E-3	3.301310E+2	6.766900E+1	1.410000E+0
6.949000E+0	4.304750E-1	1.049568E-2	3.301310E+2	6.766900E+1	1.410000E+0
6.958000E+0	4.304750E-1	1.049568E-2	3.301310E+2	6.766900E+1	1.410000E+0
7.076000E+0	4.404776E-1	1.487934E-2	3.301310E+2	6.766900E+1	1.410000E+0
7.084000E+0	4.404776E-1	1.487934E-2	3.301310E+2	6.766900E+1	1.410000E+0
7.162000E+0	4.415193E-1	1.576963E-2	3.301310E+2	6.766900E+1	1.410000E+0
7.171000E+0	4.415193E-1	1.576963E-2	3.301310E+2	6.766900E+1	1.410000E+0
7.252000E+0	4.525192E-1	2.242246E-2	3.301310E+2	6.766900E+1	1.410000E+0
7.261000E+0	4.525192E-1	2.242246E-2	3.301310E+2	6.766900E+1	1.410000E+0
7.343000E+0	4.525184E-1	2.293665E-2	3.301310E+2	6.766900E+1	1.410000E+0
7.351000E+0	4.525184E-1	2.293665E-2	3.301310E+2	6.766900E+1	1.410000E+0
7.433000E+0	4.580510E-1	2.724649E-2	3.301310E+2	6.766900E+1	1.410000E+0
7.441000E+0	4.580510E-1	2.724649E-2	3.301310E+2	6.766900E+1	1.410000E+0
7.552000E+0	4.668384E-1	3.537911E-2	3.301310E+2	6.766900E+1	1.410000E+0
7.561000E+0	4.668384E-1	3.537911E-2	3.301310E+2	6.766900E+1	1.410000E+0
7.642000E+0	4.690694E-1	3.897542E-2	3.301310E+2	6.766900E+1	1.410000E+0
7.651000E+0	4.690694E-1	3.897542E-2	3.301310E+2	6.766900E+1	1.410000E+0
7.731000E+0	4.800504E-1	4.848089E-2	3.301310E+2	6.766900E+1	1.410000E+0
7.740000E+0	4.800504E-1	4.848089E-2	3.301310E+2	6.766900E+1	1.410000E+0
7.822000E+0	4.800454E-1	4.346303E-2	3.301310E+2	6.766900E+1	1.410000E+0
7.835000E+0	4.800454E-1	4.346303E-2	3.301310E+2	6.766900E+1	1.410000E+0
7.918000E+0	4.910801E-1	5.489419E-2	3.301310E+2	6.766900E+1	1.410000E+0
7.926000E+0	4.910801E-1	5.489419E-2	3.301310E+2	6.766900E+1	1.410000E+0
8.041000E+0	4.966464E-1	6.155907E-2	3.301310E+2	6.766900E+1	1.410000E+0
8.051000E+0	4.966464E-1	6.155907E-2	3.301310E+2	6.766900E+1	1.410000E+0
8.131000E+0	5.021156E-1	7.244441E-2	3.301310E+2	6.766900E+1	1.410000E+0
8.140000E+0	5.021156E-1	7.244441E-2	3.301310E+2	6.766900E+1	1.410000E+0
8.221000E+0	5.066683E-1	8.378217E-2	3.301310E+2	6.766900E+1	1.410000E+0
8.230000E+0	5.066683E-1	8.378217E-2	3.301310E+2	6.766900E+1	1.410000E+0
8.311000E+0	5.166478E-1	1.095062E-1	3.301310E+2	6.766900E+1	1.410000E+0
8.320000E+0	5.166478E-1	1.095062E-1	3.301310E+2	6.766900E+1	1.410000E+0
8.401000E+0	5.186294E-1	1.193250E-1	3.301310E+2	6.766900E+1	1.410000E+0
8.410000E+0	5.186294E-1	1.193250E-1	3.301310E+2	6.766900E+1	1.410000E+0
8.522000E+0	5.279478E-1	1.472609E-1	3.301310E+2	6.766900E+1	1.410000E+0
8.530000E+0	5.279478E-1	1.472609E-1	3.301310E+2	6.766900E+1	1.410000E+0
8.610000E+0	5.296501E-1	1.568241E-1	3.301310E+2	6.766900E+1	1.410000E+0
8.619000E+0	5.296501E-1	1.568241E-1	3.301310E+2	6.766900E+1	1.410000E+0
8.701000E+0	5.406680E-1	1.956529E-1	3.301310E+2	6.766900E+1	1.410000E+0
8.710000E+0	5.406680E-1	1.956529E-1	3.301310E+2	6.766900E+1	1.410000E+0
8.790000E+0	5.491176E-1	2.331415E-1	3.301310E+2	6.766900E+1	1.410000E+0
8.799000E+0	5.491176E-1	2.331415E-1	3.301310E+2	6.766900E+1	1.410000E+0
8.884000E+0	5.516871E-1	2.488268E-1	3.301310E+2	6.766900E+1	1.410000E+0
8.901000E+0	5.516871E-1	2.488268E-1	3.301310E+2	6.766900E+1	1.410000E+0
9.011000E+0	5.617087E-1	2.986373E-1	3.301310E+2	6.766900E+1	1.410000E+0
9.020000E+0	5.617087E-1	2.986373E-1	3.301310E+2	6.766900E+1	1.410000E+0
9.100000E+0	5.626293E-1	3.129011E-1	3.301310E+2	6.766900E+1	1.410000E+0
9.109000E+0	5.626293E-1	3.129011E-1	3.301310E+2	6.766900E+1	1.410000E+0
9.190000E+0	5.681555E-1	3.473106E-1	3.301310E+2	6.766900E+1	1.410000E+0
9.200000E+0	5.681555E-1	3.473106E-1	3.301310E+2	6.766900E+1	1.410000E+0
9.279000E+0	5.767369E-1	4.012040E-1	3.301310E+2	6.766900E+1	1.410000E+0
9.288000E+0	5.767369E-1	4.012040E-1	3.301310E+2	6.766900E+1	1.410000E+0
9.370000E+0	5.791808E-1	4.269360E-1	3.301310E+2	6.766900E+1	1.410000E+0
9.379000E+0	5.791808E-1	4.269360E-1	3.301310E+2	6.766900E+1	1.410000E+0
9.492000E+0	5.851615E-1	4.683950E-1	3.301310E+2	6.766900E+1	1.410000E+0
9.500000E+0	5.851615E-1	4.683950E-1	3.301310E+2	6.766900E+1	1.410000E+0
9.579000E+0	5.901941E-1	5.082221E-1	3.301310E+2	6.766900E+1	1.410000E+0
9.588000E+0	5.901941E-1	5.082221E-1	3.301310E+2	6.766900E+1	1.410000E+0
9.669000E+0	6.011997E-1	5.820795E-1	3.301310E+2	6.766900E+1	1.410000E+0
9.678000E+0	6.011997E-1	5.820795E-1	3.301310E+2	6.766900E+1	1.410000E+0
9.759000E+0	6.098230E-1	6.449562E-1	3.301310E+2	6.766900E+1	1.410000E+0
9.768000E+0	6.098230E-1	6.449562E-1	3.301310E+2	6.766900E+1	1.410000E+0
9.849000E+0	6.122258E-1	6.650241E-1	3.301310E+2	6.766900E+1	1.410000E+0
9.863000E+0	6.122258E-1	6.650241E-1	3.301310E+2	6.766900E+1	1.410000E+0
9.976000E+0	6.177390E-1	7.073327E-1	3.301310E+2	6.766900E+1	1.410000E+0
9.985000E+0	6.177390E-1	7.073327E-1	3.301310E+2	6.766900E+1	1.410000E+0
1.006900E+1	6.177420E-1	7.082833E-1	3.301310E+2	6.766900E+1	1.410000E+0
1.007800E+1	6.177420E-1	7.082833E-1	3.301310E+2	6.766900E+1	1.410000E+0
1.015900E+1	6.287510E-1	7.878736E-1	3.301310E+2	6.766900E+1	1.410000E+0
1.016700E+1	6.287510E-1	7.878736E-1	3.301310E+2	6.766900E+1	1.410000E+0
1.024800E+1	6.367462E-1	8.466277E-1	3.301310E+2	6.766900E+1	1.410000E+0
1.025700E+1	6.367462E-1	8.466277E-1	3.301310E+2	6.766900E+1	1.410000E+0
1.033900E+1	6.398038E-1	8.701022E-1	3.301310E+2	6.766900E+1	1.410000E+0
1.034700E+1	6.398038E-1	8.701022E-1	3.301310E+2	6.766900E+1	1.410000E+0
1.045900E+1	6.508239E-1	9.534635E-1	3.301310E+2	6.766900E+1	1.410000E+0
1.046800E+1	6.508239E-1	9.534635E-1	3.301310E+2	6.766900E+1	1.410000E+0
1.054900E+1	6.508347E-1	9.543975E-1	3.301310E+2	6.766900E+1	1.410000E+0
1.055800E+1	6.508347E-1	9.543975E-1	3.301310E+2	6.766900E+1	1.410000E+0
1.063800E+1	6.618969E-1	1.040999E+0	3.301310E+2	6.766900E+1	1.410000E+0
1.064700E+1	6.618969E-1	1.040999E+0	3.301310E+2	6.766900E+1	1.410000E+0
1.072700E+1	6.704897E-1	1.109948E+0	3.301310E+2	6.766900E+1	1.410000E+0
1.073600E+1	6.704897E-1	1.109948E+0	3.301310E+2	6.766900E+1	1.410000E+0
1.081800E+1	6.729460E-1	1.132297E+0	3.301310E+2	6.766900E+1	1.410000E+0
1.083100E+1	6.729460E-1	1.132297E+0	3.301310E+2	6.766900E+1	1.410000E+0
1.094500E+1	6.784770E-1	1.178429E+0	3.301310E+2	6.766900E+1	1.410000E+0
1.095400E+1	6.784770E-1	1.178429E+0	3.301310E+2	6.766900E+1	1.410000E+0
1.103800E+1	6.784816E-1	1.179300E+0	3.301310E+2	6.766900E+1	1.410000E+0
1.104700E+1	6.784816E-1	1.179300E+0	3.301310E+2	6.766900E+1	1.410000E+0
1.112800E+1	6.895191E-1	1.269774E+0	3.301310E+2	6.766900E+1	1.410000E+0
1.113700E+1	6.895191E-1	1.269774E+0	3.301310E+2	6.766900E+1	1.410000E+0
1.121800E+1	6.981021E-1	1.342370E+0	3.301310E+2	6.766900E+1	1.410000E+0
1.122700E+1	6.981021E-1	1.342370E+0	3.301310E+2	6.766900E+1	1.410000E+0
1.130800E+1	7.005402E-1	1.365926E+0	3.301310E+2	6.766900E+1	1.410000E+0
1.131700E+1	7.005402E-1	1.365926E+0	3.301310E+2	6.766900E+1	1.410000E+0
1.142900E+1	7.115675E-1	1.463971E+0	3.301310E+2	6.766900E+1	1.410000E+0
1.143700E+1	7.115675E-1	1.463971E+0	3.301310E+2	6.766900E+1	1.410000E+0
1.151800E+1	7.184195E-1	1.525038E+0	3.301310E+2	6.766900E+1	1.410000E+0
1.152700E+1	7.184195E-1	1.525038E+0	3.301310E+2	6.766900E+1	1.410000E+0
1.160700E+1	7.226107E-1	1.565517E+0	3.301310E+2	6.766900E+1	1.410000E+0
1.161600E+1	7.226107E-1	1.565517E+0	3.301310E+2	6.766900E+1	1.410000E+0
1.169800E+1	7.245293E-1	1.585406E+0	3.301310E+2	6.766900E+1	1.410000E+0
1.170700E+1	7.245293E-1	1.585406E+0	3.301310E+2	6.766900E+1	1.410000E+0
1.178800E+1	7.281096E-1	1.621647E+0	3.301310E+2	6.766900E+1	1.410000E+0
1.179700E+1	7.281096E-1	1.621647E+0	3.301310E+2	6.766900E+1	1.410000E+0
1.191300E+1	7.390266E-1	1.724144E+0	3.301310E+2	6.766900E+1	1.410000E+0
1.193500E+1	7.390266E-1	1.724144E+0	3.301310E+2	6.766900E+1	1.410000E+0
1.201700E+1	7.494572E-1	1.819636E+0	3.301310E+2	6.766900E+1	1.410000E+0
1.202600E+1	7.494572E-1	1.819636E+0	3.301310E+2	6.766900E+1	1.410000E+0
1.210700E+1	7.501060E-1	1.813977E+0	3.301310E+2	6.766900E+1	1.410000E+0
1.211600E+1	7.501060E-1	1.813977E+0	3.301310E+2	6.766900E+1	1.410000E+0
1.219600E+1	7.588654E-1	1.927944E+0	3.301310E+2	6.766900E+1	1.410000E+0
1.220500E+1	7.588654E-1	1.927944E+0	3.301310E+2	6.766900E+1	1.410000E+0
1.228600E+1	7.611329E-1	1.956555E+0	3.301310E+2	6.766900E+1	1.410000E+0
1.229500E+1	7.611329E-1	1.956555E+0	3.301310E+2	6.766900E+1	1.410000E+0
1.240800E+1	7.721494E-1	2.078115E+0	3.301310E+2	6.766900E+1	1.410000E+0
1.241700E+1	7.721494E-1	2.078115E+0	3.301310E+2	6.766900E+1	1.410000E+0
1.249600E+1	7.758333E-1	2.124749E+0	3.301310E+2	6.766900E+1	1.410000E+0
1.250400E+1	7.758333E-1	2.124749E+0	3.301310E+2	6.766900E+1	1.410000E+0
1.258700E+1	7.776884E-1	2.146582E+0	3.301310E+2	6.766900E+1	1.410000E+0
1.259600E+1	7.776884E-1	2.146582E+0	3.301310E+2	6.766900E+1	1.410000E+0
1.267600E+1	7.864313E-1	2.245997E+0	3.301310E+2	6.766900E+1	1.410000E+0
1.268500E+1	7.864313E-1	2.245997E+0	3.301310E+2	6.766900E+1	1.410000E+0
1.276700E+1	7.886758E-1	2.276577E+0	3.301310E+2	6.766900E+1	1.410000E+0
1.277500E+1	7.886758E-1	2.276577E+0	3.301310E+2	6.766900E+1	1.410000E+0
1.288700E+1	7.997103E-1	2.408312E+0	3.301310E+2	6.766900E+1	1.410000E+0
1.290100E+1	7.997103E-1	2.408312E+0	3.301310E+2	6.766900E+1	1.410000E+0
1.298600E+1	8.106908E-1	2.479259E+0	3.301310E+2	6.766900E+1	1.410000E+0
1.299400E+1	8.106908E-1	2.479259E+0	3.301310E+2	6.766900E+1	1.410000E+0
1.307600E+1	8.107253E-1	2.275638E+0	3.301310E+2	6.766900E+1	1.410000E+0
1.308500E+1	8.107253E-1	2.275638E+0	3.301310E+2	6.766900E+1	1.410000E+0
1.316600E+1	8.204270E-1	2.386566E+0	3.301310E+2	6.766900E+1	1.410000E+0
1.317500E+1	8.204270E-1	2.386566E+0	3.301310E+2	6.766900E+1	1.410000E+0
1.325600E+1	8.217612E-1	2.411664E+0	3.301310E+2	6.766900E+1	1.410000E+0
1.326500E+1	8.217612E-1	2.411664E+0	3.301310E+2	6.766900E+1	1.410000E+0
1.337700E+1	8.327406E-1	2.543797E+0	3.301310E+2	6.766900E+1	1.410000E+0
1.338600E+1	8.327406E-1	2.543797E+0	3.301310E+2	6.766900E+1	1.410000E+0
1.346500E+1	8.369797E-1	2.883820E+0	3.301310E+2	6.766900E+1	1.410000E+0
1.347400E+1	8.369797E-1	2.883820E+0	3.301310E+2	6.766900E+1	1.410000E+0
1.355500E+1	8.382473E-1	2.923222E+0	3.301310E+2	6.766900E+1	1.410000E+0
1.356500E+1	8.382473E-1	2.923222E+0	3.301310E+2	6.766900E+1	1.410000E+0
1.364500E+1	8.492500E-1	3.073712E+0	3.301310E+2	6.766900E+1	1.410000E+0
1.365400E+1	8.492500E-1	3.073712E+0	3.301310E+2	6.766900E+1	1.410000E+0
1.373500E+1	8.492746E-1	3.055717E+0	3.301310E+2	6.766900E+1	1.410000E+0
1.374400E+1	8.492746E-1	3.055717E+0	3.301310E+2	6.766900E+1	1.410000E+0
1.385700E+1	8.602925E-1	3.222109E+0	3.301310E+2	6.766900E+1	1.410000E+0
1.386900E+1	8.602925E-1	3.222109E+0	3.301310E+2	6.766900E+1	1.410000E+0
1.395100E+1	8.680667E-1	3.399313E+0	3.301310E+2	6.766900E+1	1.410000E+0
1.395900E+1	8.680667E-1	3.399313E+0	3.301310E+2	6.766900E+1	1.410000E+0
1.404500E+1	8.713098E-1	3.420364E+0	3.301310E+2	6.766900E+1	1.410000E+0
1.405400E+1	8.713098E-1	3.420364E+0	3.301310E+2	6.766900E+1	1.410000E+0
1.413500E+1	8.823278E-1	3.600931E+0	3.301310E+2	6.766900E+1	1.410000E+0
1.414400E+1	8.823278E-1	3.600931E+0	3.301310E+2	6.766900E+1	1.410000E+0
1.422500E+1	8.823316E-1	3.601850E+0	3.301310E+2	6.766900E+1	1.410000E+0
1.423400E+1	8.823316E-1	3.601850E+0	3.301310E+2	6.766900E+1	1.410000E+0
1.434500E+1	8.878540E-1	3.695934E+0	3.301310E+2	6.766900E+1	1.410000E+0
1.435400E+1	8.878540E-1	3.695934E+0	3.301310E+2	6.766900E+1	1.410000E+0
1.443500E+1	8.965436E-1	3.845824E+0	3.301310E+2	6.766900E+1	1.410000E+0
1.444300E+1	8.965436E-1	3.845824E+0	3.301310E+2	6.766900E+1	1.410000E+0
1.452500E+1	8.988821E-1	3.891512E+0	3.301310E+2	6.766900E+1	1.410000E+0
1.453300E+1	8.988821E-1	3.891512E+0	3.301310E+2	6.766900E+1	1.410000E+0
1.461500E+1	9.048722E-1	3.992073E+0	3.301310E+2	6.766900E+1	1.410000E+0
1.462400E+1	9.048722E-1	3.992073E+0	3.301310E+2	6.766900E+1	1.410000E+0
1.470400E+1	9.188757E-1	4.254911E+0	3.301310E+2	6.766900E+1	1.410000E+0
1.471300E+1	9.188757E-1	4.254911E+0	3.301310E+2	6.766900E+1	1.410000E+0
1.482500E+1	9.208553E-1	4.300293E+0	3.301310E+2	6.766900E+1	1.410000E+0
1.483900E+1	9.208553E-1	4.300293E+0	3.301310E+2	6.766900E+1	1.410000E+0
1.492100E+1	9.293773E-1	4.520982E+0	3.301310E+2	6.766900E+1	1.410000E+0
1.493000E+1	9.293773E-1	4.520982E+0	3.301310E+2	6.766900E+1	1.410000E+0
1.501500E+1	9.318768E-1	4.518527E+0	3.301310E+2	6.766900E+1	1.410000E+0
1.502400E+1	9.318768E-1	4.518527E+0	3.301310E+2	6.766900E+1	1.410000E+0
1.510400E+1	9.428894E-1	4.742050E+0	3.301310E+2	6.766900E+1	1.410000E+0
1.511300E+1	9.428894E-1	4.742050E+0	3.301310E+2	6.766900E+1	1.410000E+0
1.519300E+1	9.470232E-1	4.817476E+0	3.301310E+2	6.766900E+1	1.410000E+0
1.520300E+1	9.470232E-1	4.817476E+0	3.301310E+2	6.766900E+1	1.410000E+0
1.531500E+1	9.484054E-1	4.850625E+0	3.301310E+2	6.766900E+1	1.410000E+0
1.532400E+1	9.484054E-1	4.850625E+0	3.301310E+2	6.766900E+1	1.410000E+0
1.540400E+1	9.556134E-1	4.997527E+0	3.301310E+2	6.766900E+1	1.410000E+0
1.541400E+1	9.556134E-1	4.997527E+0	3.301310E+2	6.766900E+1	1.410000E+0
1.549300E+1	9.594130E-1	5.091144E+0	3.301310E+2	6.766900E+1	1.410000E+0
1.550200E+1	9.594130E-1	5.091144E+0	3.301310E+2	6.766900E+1	1.410000E+0
1.558300E+1	9.704190E-1	5.361636E+0	3.301310E+2	6.766900E+1	1.410000E+0
1.559300E+1	9.704190E-1	5.361636E+0	3.301310E+2	6.766900E+1	1.410000E+0
1.567300E+1	9.789419E-1	5.589486E+0	3.301310E+2	6.766900E+1	1.410000E+0
1.568200E+1	9.789419E-1	5.589486E+0	3.301310E+2	6.766900E+1	1.410000E+0
1.579600E+1	9.814528E-1	5.605391E+0	3.301310E+2	6.766900E+1	1.410000E+0
1.580800E+1	9.814528E-1	5.605391E+0	3.301310E+2	6.766900E+1	1.410000E+0
1.589000E+1	9.898595E-1	5.789887E+0	3.301310E+2	6.766900E+1	1.410000E+0
1.589900E+1	9.898595E-1	5.789887E+0	3.301310E+2	6.766900E+1	1.410000E+0
1.598400E+1	9.924899E-1	5.886160E+0	3.301310E+2	6.766900E+1	1.410000E+0
1.599300E+1	9.924899E-1	5.886160E+0	3.301310E+2	6.766900E+1	1.410000E+0
1.607400E+1	9.980182E-1	6.036501E+0	3.301310E+2	6.766900E+1	1.410000E+0
1.608300E+1	9.980182E-1	6.036501E+0	3.301310E+2	6.766900E+1	1.410000E+0
1.616300E+1	1.006852E+0	6.252851E+0	3.301310E+2	6.766900E+1	1.410000E+0
1.617200E+1	1.006852E+0	6.252851E+0	3.301310E+2	6.766900E+1	1.410000E+0
1.628600E+1	1.009220E+0	6.285243E+0	3.301310E+2	6.766900E+1	1.410000E+0
1.629400E+1	1.009220E+0	6.285243E+0	3.301310E+2	6.766900E+1	1.410000E+0
1.637300E+1	1.020198E+0	6.563554E+0	3.301310E+2	6.766900E+1	1.410000E+0
1.638200E+1	1.020198E+0	6.563554E+0	3.301310E+2	6.766900E+1	1.410000E+0
1.646300E+1	1.020275E+0	6.602611E+0	3.301310E+2	6.766900E+1	1.410000E+0
1.647200E+1	1.020275E+0	6.602611E+0	3.301310E+2	6.766900E+1	1.410000E+0
1.655300E+1	1.031285E+0	6.834697E+0	3.301310E+2	6.766900E+1	1.410000E+0
1.656200E+1	1.031285E+0	6.834697E+0	3.301310E+2	6.766900E+1	1.410000E+0
1.664300E+1	1.039139E+0	7.427996E+0	3.301310E+2	6.766900E+1	1.410000E+0
1.665200E+1	1.039139E+0	7.427996E+0	3.301310E+2	6.766900E+1	1.410000E+0
1.676400E+1	1.042470E+0	7.947188E+0	3.301310E+2	6.766900E+1	1.410000E+0
1.677200E+1	1.042470E+0	7.947188E+0	3.301310E+2	6.766900E+1	1.410000E+0
1.685300E+1	1.047748E+0	7.374655E+0	3.301310E+2	6.766900E+1	1.410000E+0
1.686700E+1	1.047748E+0	7.374655E+0	3.301310E+2	6.766900E+1	1.410000E+0
1.694900E+1	1.047808E+0	7.403836E+0	3.301310E+2	6.766900E+1	1.410000E+0
1.695800E+1	1.047808E+0	7.403836E+0	3.301310E+2	6.766900E+1	1.410000E+0
1.704200E+1	1.058770E+0	7.873860E+0	3.301310E+2	6.766900E+1	1.410000E+0
1.705100E+1	1.058770E+0	7.873860E+0	3.301310E+2	6.766900E+1	1.410000E+0
1.713300E+1	1.067581E+0	8.744738E+0	3.301310E+2	6.766900E+1	1.410000E+0
1.714200E+1	1.067581E+0	8.744738E+0	3.301310E+2	6.766900E+1	1.410000E+0
1.725400E+1	1.069857E+0	8.870669E+0	3.301310E+2	6.766900E+1	1.410000E+0
1.726200E+1	1.069857E+0	8.870669E+0	3.301310E+2	6.766900E+1	1.410000E+0
1.734300E+1	1.080854E+0	9.446462E+0	3.301310E+2	6.766900E+1	1.410000E+0
1.735200E+1	1.080854E+0	9.446462E+0	3.301310E+2	6.766900E+1	1.410000E+0
1.743300E+1	1.080893E+0	9.411958E+0	3.301310E+2	6.766900E+1	1.410000E+0
1.744100E+1	1.080893E+0	9.411958E+0	3.301310E+2	6.766900E+1	1.410000E+0
1.752200E+1	1.091708E+0	9.846422E+0	3.301310E+2	6.766900E+1	1.410000E+0
1.753100E+1	1.091708E+0	9.846422E+0	3.301310E+2	6.766900E+1	1.410000E+0
1.775800E+1	1.099972E+0	5.750454E+1	3.301310E+2	6.766900E+1	1.410000E+0
