Sample;s1(i1)
V-V length(cm);1.000000
Field (T);2.010142
Temp (K);4.200000
Angle (deg.);0.000000
Field(T)_memo;3.000000
Time(sec.)	Current(A)	Voltage(uV)	Temp.1(K)	Temp.2(K)	Temp.3(K)
0.000000E+0	7.931729E-4	6.025515E-6	3.301310E+2	6.766900E+1	1.410000E+0
2.300000E-2	7.799409E-4	1.054465E-5	3.301310E+2	6.766900E+1	1.410000E+0
3.200000E-2	7.799409E-4	1.054465E-5	3.301310E+2	6.766900E+1	1.410000E+0
1.470000E-1	1.179445E-2	9.540399E-6	3.301310E+2	6.766900E+1	1.410000E+0
1.560000E-1	1.179445E-2	9.540399E-6	3.301310E+2	6.766900E+1	1.410000E+0
2.390000E-1	1.998873E-2	2.510631E-6	3.301310E+2	6.766900E+1	1.410000E+0
2.480000E-1	1.998873E-2	2.510631E-6	3.301310E+2	6.766900E+1	1.410000E+0
3.330000E-1	2.835361E-2	1.958292E-5	3.301310E+2	6.766900E+1	1.410000E+0
3.420000E-1	2.835361E-2	1.958292E-5	3.301310E+2	6.766900E+1	1.410000E+0
4.220000E-1	4.481353E-2	1.958292E-5	3.301310E+2	6.766900E+1	1.410000E+0
4.300000E-1	4.481353E-2	1.958292E-5	3.301310E+2	6.766900E+1	1.410000E+0
5.130000E-1	5.936983E-2	2.159143E-5	3.301310E+2	6.766900E+1	1.410000E+0
5.220000E-1	5.936983E-2	2.159143E-5	3.301310E+2	6.766900E+1	1.410000E+0
6.330000E-1	6.993746E-2	2.008505E-6	3.301310E+2	6.766900E+1	1.410000E+0
6.460000E-1	6.993746E-2	2.008505E-6	3.301310E+2	6.766900E+1	1.410000E+0
7.290000E-1	7.648434E-2	1.054465E-5	3.301310E+2	6.766900E+1	1.410000E+0
7.380000E-1	7.648434E-2	1.054465E-5	3.301310E+2	6.766900E+1	1.410000E+0
8.230000E-1	8.889564E-2	1.857867E-5	3.301310E+2	6.766900E+1	1.410000E+0
8.310000E-1	8.889564E-2	1.857867E-5	3.301310E+2	6.766900E+1	1.410000E+0
9.120000E-1	9.989691E-2	2.410206E-5	3.301310E+2	6.766900E+1	1.410000E+0
9.210000E-1	9.989691E-2	2.410206E-5	3.301310E+2	6.766900E+1	1.410000E+0
1.002000E+0	1.109613E-1	1.154890E-5	3.301310E+2	6.766900E+1	1.410000E+0
1.011000E+0	1.109613E-1	1.154890E-5	3.301310E+2	6.766900E+1	1.410000E+0
1.123000E+0	1.219075E-1	1.355783E-5	3.301310E+2	6.766900E+1	1.410000E+0
1.132000E+0	1.219075E-1	1.355783E-5	3.301310E+2	6.766900E+1	1.410000E+0
1.212000E+0	1.365324E-1	1.104720E-5	3.301310E+2	6.766900E+1	1.410000E+0
1.221000E+0	1.365324E-1	1.104720E-5	3.301310E+2	6.766900E+1	1.410000E+0
1.302000E+0	1.477407E-1	1.456208E-5	3.301310E+2	6.766900E+1	1.410000E+0
1.310000E+0	1.477407E-1	1.456208E-5	3.301310E+2	6.766900E+1	1.410000E+0
1.392000E+0	1.583054E-1	3.715776E-5	3.301310E+2	6.766900E+1	1.410000E+0
1.401000E+0	1.583054E-1	3.715776E-5	3.301310E+2	6.766900E+1	1.410000E+0
1.483000E+0	1.691180E-1	4.217902E-5	3.301310E+2	6.766900E+1	1.410000E+0
1.491000E+0	1.691180E-1	4.217902E-5	3.301310E+2	6.766900E+1	1.410000E+0
1.603000E+0	1.825788E-1	2.862162E-5	3.301310E+2	6.766900E+1	1.410000E+0
1.617000E+0	1.825788E-1	2.862162E-5	3.301310E+2	6.766900E+1	1.410000E+0
1.702000E+0	1.880641E-1	1.807697E-5	3.301310E+2	6.766900E+1	1.410000E+0
1.711000E+0	1.880641E-1	1.807697E-5	3.301310E+2	6.766900E+1	1.410000E+0
1.792000E+0	1.991015E-1	3.715776E-5	3.301310E+2	6.766900E+1	1.410000E+0
1.801000E+0	1.991015E-1	3.715776E-5	3.301310E+2	6.766900E+1	1.410000E+0
1.882000E+0	2.144906E-1	5.874919E-5	3.301310E+2	6.766900E+1	1.410000E+0
1.891000E+0	2.144906E-1	5.874919E-5	3.301310E+2	6.766900E+1	1.410000E+0
1.972000E+0	2.301650E-1	4.268115E-5	3.301310E+2	6.766900E+1	1.410000E+0
1.981000E+0	2.301650E-1	4.268115E-5	3.301310E+2	6.766900E+1	1.410000E+0
2.094000E+0	2.343239E-1	2.962587E-5	3.301310E+2	6.766900E+1	1.410000E+0
2.103000E+0	2.343239E-1	2.962587E-5	3.301310E+2	6.766900E+1	1.410000E+0
2.182000E+0	2.457470E-1	2.309823E-5	3.301310E+2	6.766900E+1	1.410000E+0
2.192000E+0	2.457470E-1	2.309823E-5	3.301310E+2	6.766900E+1	1.410000E+0
2.272000E+0	2.596540E-1	3.966839E-5	3.301310E+2	6.766900E+1	1.410000E+0
2.281000E+0	2.596540E-1	3.966839E-5	3.301310E+2	6.766900E+1	1.410000E+0
2.362000E+0	2.706823E-1	5.121729E-5	3.301310E+2	6.766900E+1	1.410000E+0
2.371000E+0	2.706823E-1	5.121729E-5	3.301310E+2	6.766900E+1	1.410000E+0
2.452000E+0	2.817094E-1	4.770241E-5	3.301310E+2	6.766900E+1	1.410000E+0
2.461000E+0	2.817094E-1	4.770241E-5	3.301310E+2	6.766900E+1	1.410000E+0
2.573000E+0	2.972836E-1	5.925131E-5	3.301310E+2	6.766900E+1	1.410000E+0
2.586000E+0	2.972836E-1	5.925131E-5	3.301310E+2	6.766900E+1	1.410000E+0
2.668000E+0	3.067889E-1	4.067264E-5	3.301310E+2	6.766900E+1	1.410000E+0
2.677000E+0	3.067889E-1	4.067264E-5	3.301310E+2	6.766900E+1	1.410000E+0
2.761000E+0	3.194261E-1	5.372793E-5	3.301310E+2	6.766900E+1	1.410000E+0
2.770000E+0	3.194261E-1	5.372793E-5	3.301310E+2	6.766900E+1	1.410000E+0
2.851000E+0	3.284945E-1	5.423005E-5	3.301310E+2	6.766900E+1	1.410000E+0
2.860000E+0	3.284945E-1	5.423005E-5	3.301310E+2	6.766900E+1	1.410000E+0
2.941000E+0	3.425253E-1	5.423005E-5	3.301310E+2	6.766900E+1	1.410000E+0
2.950000E+0	3.425253E-1	5.423005E-5	3.301310E+2	6.766900E+1	1.410000E+0
3.063000E+0	3.480720E-1	5.674068E-5	3.301310E+2	6.766900E+1	1.410000E+0
3.071000E+0	3.480720E-1	5.674068E-5	3.301310E+2	6.766900E+1	1.410000E+0
3.151000E+0	3.591093E-1	5.573643E-5	3.301310E+2	6.766900E+1	1.410000E+0
3.160000E+0	3.591093E-1	5.573643E-5	3.301310E+2	6.766900E+1	1.410000E+0
3.241000E+0	3.701303E-1	4.920879E-5	3.301310E+2	6.766900E+1	1.410000E+0
3.249000E+0	3.701303E-1	4.920879E-5	3.301310E+2	6.766900E+1	1.410000E+0
3.331000E+0	3.898202E-1	7.080022E-5	3.301310E+2	6.766900E+1	1.410000E+0
3.340000E+0	3.898202E-1	7.080022E-5	3.301310E+2	6.766900E+1	1.410000E+0
3.420000E+0	4.010078E-1	6.377045E-5	3.301310E+2	6.766900E+1	1.410000E+0
3.429000E+0	4.010078E-1	6.377045E-5	3.301310E+2	6.766900E+1	1.410000E+0
3.542000E+0	4.053134E-1	5.473218E-5	3.301310E+2	6.766900E+1	1.410000E+0
3.555000E+0	4.053134E-1	5.473218E-5	3.301310E+2	6.766900E+1	1.410000E+0
3.638000E+0	4.171742E-1	4.519178E-5	3.301310E+2	6.766900E+1	1.410000E+0
3.647000E+0	4.171742E-1	4.519178E-5	3.301310E+2	6.766900E+1	1.410000E+0
3.731000E+0	4.283416E-1	5.121729E-5	3.301310E+2	6.766900E+1	1.410000E+0
3.740000E+0	4.283416E-1	5.121729E-5	3.301310E+2	6.766900E+1	1.410000E+0
3.821000E+0	4.416834E-1	6.879171E-5	3.301310E+2	6.766900E+1	1.410000E+0
3.830000E+0	4.416834E-1	6.879171E-5	3.301310E+2	6.766900E+1	1.410000E+0
3.911000E+0	4.526801E-1	6.025557E-5	3.301310E+2	6.766900E+1	1.410000E+0
3.920000E+0	4.526801E-1	6.025557E-5	3.301310E+2	6.766900E+1	1.410000E+0
4.033000E+0	4.672209E-1	5.272367E-5	3.301310E+2	6.766900E+1	1.410000E+0
4.042000E+0	4.672209E-1	5.272367E-5	3.301310E+2	6.766900E+1	1.410000E+0
4.121000E+0	4.728845E-1	4.569391E-5	3.301310E+2	6.766900E+1	1.410000E+0
4.130000E+0	4.728845E-1	4.569391E-5	3.301310E+2	6.766900E+1	1.410000E+0
4.210000E+0	4.888612E-1	7.481723E-5	3.301310E+2	6.766900E+1	1.410000E+0
4.220000E+0	4.888612E-1	7.481723E-5	3.301310E+2	6.766900E+1	1.410000E+0
4.300000E+0	4.998563E-1	4.920879E-5	3.301310E+2	6.766900E+1	1.410000E+0
4.309000E+0	4.998563E-1	4.920879E-5	3.301310E+2	6.766900E+1	1.410000E+0
4.390000E+0	5.077799E-1	5.272367E-5	3.301310E+2	6.766900E+1	1.410000E+0
4.399000E+0	5.077799E-1	5.272367E-5	3.301310E+2	6.766900E+1	1.410000E+0
4.514000E+0	5.187808E-1	5.975344E-5	3.301310E+2	6.766900E+1	1.410000E+0
4.523000E+0	5.187808E-1	5.975344E-5	3.301310E+2	6.766900E+1	1.410000E+0
4.607000E+0	5.298047E-1	5.824706E-5	3.301310E+2	6.766900E+1	1.410000E+0
4.620000E+0	5.298047E-1	5.824706E-5	3.301310E+2	6.766900E+1	1.410000E+0
4.700000E+0	5.498603E-1	4.669816E-5	3.301310E+2	6.766900E+1	1.410000E+0
4.709000E+0	5.498603E-1	4.669816E-5	3.301310E+2	6.766900E+1	1.410000E+0
4.790000E+0	5.609376E-1	6.075769E-5	3.301310E+2	6.766900E+1	1.410000E+0
4.799000E+0	5.609376E-1	6.075769E-5	3.301310E+2	6.766900E+1	1.410000E+0
4.880000E+0	5.670911E-1	4.368540E-5	3.301310E+2	6.766900E+1	1.410000E+0
4.889000E+0	5.670911E-1	4.368540E-5	3.301310E+2	6.766900E+1	1.410000E+0
5.001000E+0	5.741198E-1	6.678321E-5	3.301310E+2	6.766900E+1	1.410000E+0
5.010000E+0	5.741198E-1	6.678321E-5	3.301310E+2	6.766900E+1	1.410000E+0
5.090000E+0	5.903568E-1	5.021304E-5	3.301310E+2	6.766900E+1	1.410000E+0
5.098000E+0	5.903568E-1	5.021304E-5	3.301310E+2	6.766900E+1	1.410000E+0
5.179000E+0	5.998253E-1	6.979596E-5	3.301310E+2	6.766900E+1	1.410000E+0
5.187000E+0	5.998253E-1	6.979596E-5	3.301310E+2	6.766900E+1	1.410000E+0
5.269000E+0	6.123916E-1	7.230660E-5	3.301310E+2	6.766900E+1	1.410000E+0
5.278000E+0	6.123916E-1	7.230660E-5	3.301310E+2	6.766900E+1	1.410000E+0
5.360000E+0	6.178992E-1	6.377045E-5	3.301310E+2	6.766900E+1	1.410000E+0
5.369000E+0	6.178992E-1	6.377045E-5	3.301310E+2	6.766900E+1	1.410000E+0
5.480000E+0	6.374029E-1	6.678321E-5	3.301310E+2	6.766900E+1	1.410000E+0
5.489000E+0	6.374029E-1	6.678321E-5	3.301310E+2	6.766900E+1	1.410000E+0
5.569000E+0	6.454690E-1	7.431510E-5	3.301310E+2	6.766900E+1	1.410000E+0
5.582000E+0	6.454690E-1	7.431510E-5	3.301310E+2	6.766900E+1	1.410000E+0
5.666000E+0	6.594684E-1	5.523430E-5	3.301310E+2	6.766900E+1	1.410000E+0
5.675000E+0	6.594684E-1	5.523430E-5	3.301310E+2	6.766900E+1	1.410000E+0
5.760000E+0	6.714825E-1	7.029809E-5	3.301310E+2	6.766900E+1	1.410000E+0
5.769000E+0	6.714825E-1	7.029809E-5	3.301310E+2	6.766900E+1	1.410000E+0
5.849000E+0	6.786469E-1	7.130234E-5	3.301310E+2	6.766900E+1	1.410000E+0
5.858000E+0	6.786469E-1	7.130234E-5	3.301310E+2	6.766900E+1	1.410000E+0
5.970000E+0	6.896844E-1	4.268115E-5	3.301310E+2	6.766900E+1	1.410000E+0
5.979000E+0	6.896844E-1	4.268115E-5	3.301310E+2	6.766900E+1	1.410000E+0
6.059000E+0	7.006967E-1	6.176195E-5	3.301310E+2	6.766900E+1	1.410000E+0
6.067000E+0	7.006967E-1	6.176195E-5	3.301310E+2	6.766900E+1	1.410000E+0
6.149000E+0	7.200932E-1	6.929384E-5	3.301310E+2	6.766900E+1	1.410000E+0
6.158000E+0	7.200932E-1	6.929384E-5	3.301310E+2	6.766900E+1	1.410000E+0
6.239000E+0	7.271048E-1	6.377045E-5	3.301310E+2	6.766900E+1	1.410000E+0
6.249000E+0	7.271048E-1	6.377045E-5	3.301310E+2	6.766900E+1	1.410000E+0
6.329000E+0	7.370487E-1	6.678321E-5	3.301310E+2	6.766900E+1	1.410000E+0
6.338000E+0	7.370487E-1	6.678321E-5	3.301310E+2	6.766900E+1	1.410000E+0
6.450000E+0	7.477160E-1	6.377045E-5	3.301310E+2	6.766900E+1	1.410000E+0
6.458000E+0	7.477160E-1	6.377045E-5	3.301310E+2	6.766900E+1	1.410000E+0
6.539000E+0	7.612570E-1	5.874919E-5	3.301310E+2	6.766900E+1	1.410000E+0
6.552000E+0	7.612570E-1	5.874919E-5	3.301310E+2	6.766900E+1	1.410000E+0
6.635000E+0	7.722675E-1	5.774494E-5	3.301310E+2	6.766900E+1	1.410000E+0
6.643000E+0	7.722675E-1	5.774494E-5	3.301310E+2	6.766900E+1	1.410000E+0
6.729000E+0	7.777979E-1	5.724281E-5	3.301310E+2	6.766900E+1	1.410000E+0
6.738000E+0	7.777979E-1	5.724281E-5	3.301310E+2	6.766900E+1	1.410000E+0
6.819000E+0	7.973854E-1	8.335337E-5	3.301310E+2	6.766900E+1	1.410000E+0
6.828000E+0	7.973854E-1	8.335337E-5	3.301310E+2	6.766900E+1	1.410000E+0
6.940000E+0	8.087215E-1	6.176195E-5	3.301310E+2	6.766900E+1	1.410000E+0
6.949000E+0	8.087215E-1	6.176195E-5	3.301310E+2	6.766900E+1	1.410000E+0
7.029000E+0	8.141519E-1	9.640865E-5	3.301310E+2	6.766900E+1	1.410000E+0
7.037000E+0	8.141519E-1	9.640865E-5	3.301310E+2	6.766900E+1	1.410000E+0
7.118000E+0	8.311122E-1	7.933636E-5	3.301310E+2	6.766900E+1	1.410000E+0
7.127000E+0	8.311122E-1	7.933636E-5	3.301310E+2	6.766900E+1	1.410000E+0
7.208000E+0	8.383801E-1	6.728533E-5	3.301310E+2	6.766900E+1	1.410000E+0
7.217000E+0	8.383801E-1	6.728533E-5	3.301310E+2	6.766900E+1	1.410000E+0
7.299000E+0	8.493986E-1	9.540440E-5	3.301310E+2	6.766900E+1	1.410000E+0
7.308000E+0	8.493986E-1	9.540440E-5	3.301310E+2	6.766900E+1	1.410000E+0
7.419000E+0	8.604299E-1	8.034061E-5	3.301310E+2	6.766900E+1	1.410000E+0
7.428000E+0	8.604299E-1	8.034061E-5	3.301310E+2	6.766900E+1	1.410000E+0
7.508000E+0	8.714416E-1	8.536188E-5	3.301310E+2	6.766900E+1	1.410000E+0
7.517000E+0	8.714416E-1	8.536188E-5	3.301310E+2	6.766900E+1	1.410000E+0
7.597000E+0	8.864522E-1	1.024342E-4	3.301310E+2	6.766900E+1	1.410000E+0
7.610000E+0	8.864522E-1	1.024342E-4	3.301310E+2	6.766900E+1	1.410000E+0
7.695000E+0	8.972667E-1	8.134487E-5	3.301310E+2	6.766900E+1	1.410000E+0
7.704000E+0	8.972667E-1	8.134487E-5	3.301310E+2	6.766900E+1	1.410000E+0
7.788000E+0	9.090107E-1	1.139831E-4	3.301310E+2	6.766900E+1	1.410000E+0
7.796000E+0	9.090107E-1	1.139831E-4	3.301310E+2	6.766900E+1	1.410000E+0
7.908000E+0	9.168050E-1	8.034061E-5	3.301310E+2	6.766900E+1	1.410000E+0
7.917000E+0	9.168050E-1	8.034061E-5	3.301310E+2	6.766900E+1	1.410000E+0
7.997000E+0	9.320011E-1	8.184699E-5	3.301310E+2	6.766900E+1	1.410000E+0
8.006000E+0	9.320011E-1	8.184699E-5	3.301310E+2	6.766900E+1	1.410000E+0
8.088000E+0	9.430192E-1	8.435762E-5	3.301310E+2	6.766900E+1	1.410000E+0
8.097000E+0	9.430192E-1	8.435762E-5	3.301310E+2	6.766900E+1	1.410000E+0
8.178000E+0	9.485246E-1	8.285125E-5	3.301310E+2	6.766900E+1	1.410000E+0
8.187000E+0	9.485246E-1	8.285125E-5	3.301310E+2	6.766900E+1	1.410000E+0
8.267000E+0	9.637290E-1	8.586400E-5	3.301310E+2	6.766900E+1	1.410000E+0
8.277000E+0	9.637290E-1	8.586400E-5	3.301310E+2	6.766900E+1	1.410000E+0
8.388000E+0	9.791158E-1	8.837463E-5	3.301310E+2	6.766900E+1	1.410000E+0
8.397000E+0	9.791158E-1	8.837463E-5	3.301310E+2	6.766900E+1	1.410000E+0
8.477000E+0	9.870861E-1	9.088527E-5	3.301310E+2	6.766900E+1	1.410000E+0
8.486000E+0	9.870861E-1	9.088527E-5	3.301310E+2	6.766900E+1	1.410000E+0
8.567000E+0	9.972153E-1	7.833211E-5	3.301310E+2	6.766900E+1	1.410000E+0
8.580000E+0	9.972153E-1	7.833211E-5	3.301310E+2	6.766900E+1	1.410000E+0
8.663000E+0	1.009343E+0	1.009278E-4	3.301310E+2	6.766900E+1	1.410000E+0
8.672000E+0	1.009343E+0	1.009278E-4	3.301310E+2	6.766900E+1	1.410000E+0
8.757000E+0	1.020378E+0	9.841716E-5	3.301310E+2	6.766900E+1	1.410000E+0
8.766000E+0	1.020378E+0	9.841716E-5	3.301310E+2	6.766900E+1	1.410000E+0
8.878000E+0	1.031419E+0	7.983849E-5	3.301310E+2	6.766900E+1	1.410000E+0
8.887000E+0	1.031419E+0	7.983849E-5	3.301310E+2	6.766900E+1	1.410000E+0
8.966000E+0	1.046882E+0	8.234912E-5	3.301310E+2	6.766900E+1	1.410000E+0
8.975000E+0	1.046882E+0	8.234912E-5	3.301310E+2	6.766900E+1	1.410000E+0
9.057000E+0	1.056436E+0	8.636613E-5	3.301310E+2	6.766900E+1	1.410000E+0
9.066000E+0	1.056436E+0	8.636613E-5	3.301310E+2	6.766900E+1	1.410000E+0
9.148000E+0	1.067633E+0	8.787251E-5	3.301310E+2	6.766900E+1	1.410000E+0
9.156000E+0	1.067633E+0	8.787251E-5	3.301310E+2	6.766900E+1	1.410000E+0
9.235000E+0	1.078757E+0	8.184699E-5	3.301310E+2	6.766900E+1	1.410000E+0
9.244000E+0	1.078757E+0	8.184699E-5	3.301310E+2	6.766900E+1	1.410000E+0
9.357000E+0	1.091933E+0	7.782998E-5	3.301310E+2	6.766900E+1	1.410000E+0
9.366000E+0	1.091933E+0	7.782998E-5	3.301310E+2	6.766900E+1	1.410000E+0
9.446000E+0	1.102978E+0	6.477470E-5	3.301310E+2	6.766900E+1	1.410000E+0
9.455000E+0	1.102978E+0	6.477470E-5	3.301310E+2	6.766900E+1	1.410000E+0
9.536000E+0	1.108497E+0	8.485975E-5	3.301310E+2	6.766900E+1	1.410000E+0
9.550000E+0	1.108497E+0	8.485975E-5	3.301310E+2	6.766900E+1	1.410000E+0
9.633000E+0	1.119537E+0	7.732786E-5	3.301310E+2	6.766900E+1	1.410000E+0
9.642000E+0	1.119537E+0	7.732786E-5	3.301310E+2	6.766900E+1	1.410000E+0
9.726000E+0	1.134225E+0	8.034061E-5	3.301310E+2	6.766900E+1	1.410000E+0
9.735000E+0	1.134225E+0	8.034061E-5	3.301310E+2	6.766900E+1	1.410000E+0
9.850000E+0	1.150369E+0	8.134487E-5	3.301310E+2	6.766900E+1	1.410000E+0
9.859000E+0	1.150369E+0	8.134487E-5	3.301310E+2	6.766900E+1	1.410000E+0
9.943000E+0	1.156009E+0	8.034061E-5	3.301310E+2	6.766900E+1	1.410000E+0
9.952000E+0	1.156009E+0	8.034061E-5	3.301310E+2	6.766900E+1	1.410000E+0
1.003500E+1	1.167855E+0	7.280872E-5	3.301310E+2	6.766900E+1	1.410000E+0
1.004400E+1	1.167855E+0	7.280872E-5	3.301310E+2	6.766900E+1	1.410000E+0
1.012600E+1	1.175776E+0	9.239164E-5	3.301310E+2	6.766900E+1	1.410000E+0
1.013600E+1	1.175776E+0	9.239164E-5	3.301310E+2	6.766900E+1	1.410000E+0
1.021600E+1	1.191124E+0	9.289377E-5	3.301310E+2	6.766900E+1	1.410000E+0
1.022500E+1	1.191124E+0	9.289377E-5	3.301310E+2	6.766900E+1	1.410000E+0
1.033600E+1	1.202131E+0	4.519178E-5	3.301310E+2	6.766900E+1	1.410000E+0
1.034500E+1	1.202131E+0	4.519178E-5	3.301310E+2	6.766900E+1	1.410000E+0
1.042500E+1	1.216631E+0	1.084597E-4	3.301310E+2	6.766900E+1	1.410000E+0
1.043400E+1	1.216631E+0	1.084597E-4	3.301310E+2	6.766900E+1	1.410000E+0
1.051500E+1	1.227148E+0	9.992354E-5	3.301310E+2	6.766900E+1	1.410000E+0
1.052400E+1	1.227148E+0	9.992354E-5	3.301310E+2	6.766900E+1	1.410000E+0
1.060600E+1	1.238827E+0	8.887676E-5	3.301310E+2	6.766900E+1	1.410000E+0
1.061900E+1	1.238827E+0	8.887676E-5	3.301310E+2	6.766900E+1	1.410000E+0
1.070300E+1	1.248929E+0	9.490227E-5	3.301310E+2	6.766900E+1	1.410000E+0
1.071200E+1	1.248929E+0	9.490227E-5	3.301310E+2	6.766900E+1	1.410000E+0
1.082600E+1	1.262787E+0	9.439862E-5	3.301310E+2	6.766900E+1	1.410000E+0
1.083500E+1	1.262787E+0	9.439862E-5	3.301310E+2	6.766900E+1	1.410000E+0
1.091500E+1	1.268192E+0	7.230505E-5	3.301310E+2	6.766900E+1	1.410000E+0
1.092400E+1	1.268192E+0	7.230505E-5	3.301310E+2	6.766900E+1	1.410000E+0
1.100500E+1	1.279223E+0	7.883270E-5	3.301310E+2	6.766900E+1	1.410000E+0
1.101400E+1	1.279223E+0	7.883270E-5	3.301310E+2	6.766900E+1	1.410000E+0
1.109400E+1	1.298971E+0	1.034369E-4	3.301310E+2	6.766900E+1	1.410000E+0
1.110300E+1	1.298971E+0	1.034369E-4	3.301310E+2	6.766900E+1	1.410000E+0
1.118400E+1	1.309518E+0	1.039390E-4	3.301310E+2	6.766900E+1	1.410000E+0
1.119400E+1	1.309518E+0	1.039390E-4	3.301310E+2	6.766900E+1	1.410000E+0
1.130500E+1	1.316861E+0	8.084120E-5	3.301310E+2	6.766900E+1	1.410000E+0
1.131400E+1	1.316861E+0	8.084120E-5	3.301310E+2	6.766900E+1	1.410000E+0
1.139500E+1	1.326549E+0	8.234758E-5	3.301310E+2	6.766900E+1	1.410000E+0
1.140400E+1	1.326549E+0	8.234758E-5	3.301310E+2	6.766900E+1	1.410000E+0
1.148500E+1	1.339848E+0	7.883270E-5	3.301310E+2	6.766900E+1	1.410000E+0
1.149300E+1	1.339848E+0	7.883270E-5	3.301310E+2	6.766900E+1	1.410000E+0
1.157400E+1	1.348856E+0	9.741137E-5	3.301310E+2	6.766900E+1	1.410000E+0
1.158600E+1	1.348856E+0	9.741137E-5	3.301310E+2	6.766900E+1	1.410000E+0
1.166300E+1	1.362340E+0	8.736885E-5	3.301310E+2	6.766900E+1	1.410000E+0
1.167200E+1	1.362340E+0	8.736885E-5	3.301310E+2	6.766900E+1	1.410000E+0
1.178500E+1	1.373410E+0	9.439862E-5	3.301310E+2	6.766900E+1	1.410000E+0
1.179400E+1	1.373410E+0	9.439862E-5	3.301310E+2	6.766900E+1	1.410000E+0
1.187400E+1	1.386824E+0	9.239011E-5	3.301310E+2	6.766900E+1	1.410000E+0
1.188300E+1	1.386824E+0	9.239011E-5	3.301310E+2	6.766900E+1	1.410000E+0
1.196400E+1	1.393595E+0	1.164922E-4	3.301310E+2	6.766900E+1	1.410000E+0
1.197300E+1	1.393595E+0	1.164922E-4	3.301310E+2	6.766900E+1	1.410000E+0
1.205400E+1	1.409681E+0	1.260326E-4	3.301310E+2	6.766900E+1	1.410000E+0
1.206300E+1	1.409681E+0	1.260326E-4	3.301310E+2	6.766900E+1	1.410000E+0
1.214500E+1	1.420364E+0	1.129773E-4	3.301310E+2	6.766900E+1	1.410000E+0
1.215300E+1	1.420364E+0	1.129773E-4	3.301310E+2	6.766900E+1	1.410000E+0
1.226500E+1	1.428556E+0	1.034369E-4	3.301310E+2	6.766900E+1	1.410000E+0
1.227400E+1	1.428556E+0	1.034369E-4	3.301310E+2	6.766900E+1	1.410000E+0
1.235400E+1	1.439540E+0	1.134794E-4	3.301310E+2	6.766900E+1	1.410000E+0
1.236300E+1	1.439540E+0	1.134794E-4	3.301310E+2	6.766900E+1	1.410000E+0
1.244400E+1	1.450506E+0	8.134333E-5	3.301310E+2	6.766900E+1	1.410000E+0
1.245400E+1	1.450506E+0	8.134333E-5	3.301310E+2	6.766900E+1	1.410000E+0
1.253400E+1	1.470400E+0	1.004241E-4	3.301310E+2	6.766900E+1	1.410000E+0
1.254700E+1	1.470400E+0	1.004241E-4	3.301310E+2	6.766900E+1	1.410000E+0
1.263000E+1	1.476825E+0	9.992201E-5	3.301310E+2	6.766900E+1	1.410000E+0
1.263900E+1	1.476825E+0	9.992201E-5	3.301310E+2	6.766900E+1	1.410000E+0
1.275400E+1	1.487176E+0	1.370794E-4	3.301310E+2	6.766900E+1	1.410000E+0
1.276400E+1	1.487176E+0	1.370794E-4	3.301310E+2	6.766900E+1	1.410000E+0
1.284400E+1	1.497800E+0	9.188798E-5	3.301310E+2	6.766900E+1	1.410000E+0
1.285300E+1	1.497800E+0	9.188798E-5	3.301310E+2	6.766900E+1	1.410000E+0
1.293300E+1	1.511120E+0	9.590500E-5	3.301310E+2	6.766900E+1	1.410000E+0
1.294200E+1	1.511120E+0	9.590500E-5	3.301310E+2	6.766900E+1	1.410000E+0
1.302300E+1	1.519759E+0	1.164922E-4	3.301310E+2	6.766900E+1	1.410000E+0
1.303100E+1	1.519759E+0	1.164922E-4	3.301310E+2	6.766900E+1	1.410000E+0
1.311300E+1	1.533116E+0	1.225177E-4	3.301310E+2	6.766900E+1	1.410000E+0
1.312300E+1	1.533116E+0	1.225177E-4	3.301310E+2	6.766900E+1	1.410000E+0
1.323400E+1	1.542723E+0	1.129773E-4	3.301310E+2	6.766900E+1	1.410000E+0
1.324200E+1	1.542723E+0	1.129773E-4	3.301310E+2	6.766900E+1	1.410000E+0
1.332200E+1	1.558760E+0	1.350709E-4	3.301310E+2	6.766900E+1	1.410000E+0
1.333200E+1	1.558760E+0	1.350709E-4	3.301310E+2	6.766900E+1	1.410000E+0
1.341300E+1	1.564769E+0	1.285432E-4	3.301310E+2	6.766900E+1	1.410000E+0
1.342300E+1	1.564769E+0	1.285432E-4	3.301310E+2	6.766900E+1	1.410000E+0
1.350300E+1	1.580659E+0	1.185007E-4	3.301310E+2	6.766900E+1	1.410000E+0
1.351200E+1	1.580659E+0	1.185007E-4	3.301310E+2	6.766900E+1	1.410000E+0
1.359400E+1	1.588245E+0	1.340666E-4	3.301310E+2	6.766900E+1	1.410000E+0
1.360700E+1	1.588245E+0	1.340666E-4	3.301310E+2	6.766900E+1	1.410000E+0
1.372000E+1	1.599274E+0	1.104667E-4	3.301310E+2	6.766900E+1	1.410000E+0
1.372900E+1	1.599274E+0	1.104667E-4	3.301310E+2	6.766900E+1	1.410000E+0
1.381300E+1	1.610313E+0	1.169943E-4	3.301310E+2	6.766900E+1	1.410000E+0
1.382200E+1	1.610313E+0	1.169943E-4	3.301310E+2	6.766900E+1	1.410000E+0
1.390300E+1	1.621235E+0	1.250283E-4	3.301310E+2	6.766900E+1	1.410000E+0
1.391300E+1	1.621235E+0	1.250283E-4	3.301310E+2	6.766900E+1	1.410000E+0
1.399300E+1	1.640669E+0	1.260326E-4	3.301310E+2	6.766900E+1	1.410000E+0
1.400200E+1	1.640669E+0	1.260326E-4	3.301310E+2	6.766900E+1	1.410000E+0
1.408300E+1	1.647539E+0	1.144837E-4	3.301310E+2	6.766900E+1	1.410000E+0
1.409200E+1	1.647539E+0	1.144837E-4	3.301310E+2	6.766900E+1	1.410000E+0
1.420500E+1	1.658060E+0	1.260326E-4	3.301310E+2	6.766900E+1	1.410000E+0
1.421400E+1	1.658060E+0	1.260326E-4	3.301310E+2	6.766900E+1	1.410000E+0
1.430000E+1	1.668148E+0	1.260326E-4	3.301310E+2	6.766900E+1	1.410000E+0
1.430900E+1	1.668148E+0	1.260326E-4	3.301310E+2	6.766900E+1	1.410000E+0
1.439300E+1	1.681883E+0	1.250283E-4	3.301310E+2	6.766900E+1	1.410000E+0
1.440100E+1	1.681883E+0	1.250283E-4	3.301310E+2	6.766900E+1	1.410000E+0
1.448200E+1	1.692893E+0	1.144837E-4	3.301310E+2	6.766900E+1	1.410000E+0
1.449100E+1	1.692893E+0	1.144837E-4	3.301310E+2	6.766900E+1	1.410000E+0
1.457200E+1	1.698404E+0	1.054454E-4	3.301310E+2	6.766900E+1	1.410000E+0
1.458500E+1	1.698404E+0	1.054454E-4	3.301310E+2	6.766900E+1	1.410000E+0
1.470000E+1	1.713527E+0	1.200071E-4	3.301310E+2	6.766900E+1	1.410000E+0
1.470800E+1	1.713527E+0	1.200071E-4	3.301310E+2	6.766900E+1	1.410000E+0
1.479300E+1	1.730279E+0	1.315560E-4	3.301310E+2	6.766900E+1	1.410000E+0
1.480100E+1	1.730279E+0	1.315560E-4	3.301310E+2	6.766900E+1	1.410000E+0
1.488200E+1	1.740749E+0	1.506368E-4	3.301310E+2	6.766900E+1	1.410000E+0
1.489100E+1	1.740749E+0	1.506368E-4	3.301310E+2	6.766900E+1	1.410000E+0
1.497100E+1	1.747270E+0	1.295475E-4	3.301310E+2	6.766900E+1	1.410000E+0
1.498000E+1	1.747270E+0	1.295475E-4	3.301310E+2	6.766900E+1	1.410000E+0
1.506200E+1	1.754167E+0	1.129773E-4	3.301310E+2	6.766900E+1	1.410000E+0
1.507000E+1	1.754167E+0	1.129773E-4	3.301310E+2	6.766900E+1	1.410000E+0
1.518300E+1	1.770296E+0	1.230198E-4	3.301310E+2	6.766900E+1	1.410000E+0
1.519200E+1	1.770296E+0	1.230198E-4	3.301310E+2	6.766900E+1	1.410000E+0
1.527100E+1	1.777191E+0	1.024326E-4	3.301310E+2	6.766900E+1	1.410000E+0
1.528000E+1	1.777191E+0	1.024326E-4	3.301310E+2	6.766900E+1	1.410000E+0
1.536100E+1	1.801628E+0	1.230198E-4	3.301310E+2	6.766900E+1	1.410000E+0
1.537000E+1	1.801628E+0	1.230198E-4	3.301310E+2	6.766900E+1	1.410000E+0
1.545100E+1	1.807460E+0	1.235219E-4	3.301310E+2	6.766900E+1	1.410000E+0
1.546000E+1	1.807460E+0	1.235219E-4	3.301310E+2	6.766900E+1	1.410000E+0
1.554100E+1	1.817787E+0	1.210113E-4	3.301310E+2	6.766900E+1	1.410000E+0
1.555300E+1	1.817787E+0	1.210113E-4	3.301310E+2	6.766900E+1	1.410000E+0
1.566800E+1	1.828354E+0	1.129773E-4	3.301310E+2	6.766900E+1	1.410000E+0
1.567700E+1	1.828354E+0	1.129773E-4	3.301310E+2	6.766900E+1	1.410000E+0
1.576100E+1	1.841828E+0	1.471219E-4	3.301310E+2	6.766900E+1	1.410000E+0
1.577000E+1	1.841828E+0	1.471219E-4	3.301310E+2	6.766900E+1	1.410000E+0
1.585100E+1	1.852868E+0	2.018537E-4	3.301310E+2	6.766900E+1	1.410000E+0
1.586000E+1	1.852868E+0	2.018537E-4	3.301310E+2	6.766900E+1	1.410000E+0
1.594100E+1	1.858396E+0	2.691386E-4	3.301310E+2	6.766900E+1	1.410000E+0
1.594900E+1	1.858396E+0	2.691386E-4	3.301310E+2	6.766900E+1	1.410000E+0
1.603100E+1	1.869385E+0	3.620320E-4	3.301310E+2	6.766900E+1	1.410000E+0
1.604000E+1	1.869385E+0	3.620320E-4	3.301310E+2	6.766900E+1	1.410000E+0
1.615200E+1	1.889079E+0	5.829676E-4	3.301310E+2	6.766900E+1	1.410000E+0
1.616100E+1	1.889079E+0	5.829676E-4	3.301310E+2	6.766900E+1	1.410000E+0
1.624100E+1	1.899148E+0	7.662438E-4	3.301310E+2	6.766900E+1	1.410000E+0
1.625000E+1	1.899148E+0	7.662438E-4	3.301310E+2	6.766900E+1	1.410000E+0
1.633000E+1	1.911251E+0	9.008137E-4	3.301310E+2	6.766900E+1	1.410000E+0
1.634000E+1	1.911251E+0	9.008137E-4	3.301310E+2	6.766900E+1	1.410000E+0
1.642100E+1	1.917959E+0	9.670944E-4	3.301310E+2	6.766900E+1	1.410000E+0
1.643000E+1	1.917959E+0	9.670944E-4	3.301310E+2	6.766900E+1	1.410000E+0
1.651000E+1	1.924498E+0	1.047435E-3	3.301310E+2	6.766900E+1	1.410000E+0
1.651900E+1	1.924498E+0	1.047435E-3	3.301310E+2	6.766900E+1	1.410000E+0
1.663200E+1	1.941014E+0	1.303017E-3	3.301310E+2	6.766900E+1	1.410000E+0
1.664500E+1	1.941014E+0	1.303017E-3	3.301310E+2	6.766900E+1	1.410000E+0
1.673100E+1	1.951502E+0	1.447127E-3	3.301310E+2	6.766900E+1	1.410000E+0
1.674000E+1	1.951502E+0	1.447127E-3	3.301310E+2	6.766900E+1	1.410000E+0
1.682000E+1	1.967299E+0	1.682625E-3	3.301310E+2	6.766900E+1	1.410000E+0
1.682900E+1	1.967299E+0	1.682625E-3	3.301310E+2	6.766900E+1	1.410000E+0
1.691100E+1	1.972178E+0	1.743884E-3	3.301310E+2	6.766900E+1	1.410000E+0
1.692000E+1	1.972178E+0	1.743884E-3	3.301310E+2	6.766900E+1	1.410000E+0
1.700000E+1	1.988007E+0	2.006496E-3	3.301310E+2	6.766900E+1	1.410000E+0
1.700900E+1	1.988007E+0	2.006496E-3	3.301310E+2	6.766900E+1	1.410000E+0
1.712100E+1	1.999110E+0	2.205338E-3	3.301310E+2	6.766900E+1	1.410000E+0
1.713000E+1	1.999110E+0	2.205338E-3	3.301310E+2	6.766900E+1	1.410000E+0
1.721000E+1	2.012625E+0	2.395644E-3	3.301310E+2	6.766900E+1	1.410000E+0
1.721800E+1	2.012625E+0	2.395644E-3	3.301310E+2	6.766900E+1	1.410000E+0
1.730000E+1	2.018088E+0	2.529210E-3	3.301310E+2	6.766900E+1	1.410000E+0
1.730900E+1	2.018088E+0	2.529210E-3	3.301310E+2	6.766900E+1	1.410000E+0
1.739000E+1	2.029108E+0	2.737090E-3	3.301310E+2	6.766900E+1	1.410000E+0
1.739900E+1	2.029108E+0	2.737090E-3	3.301310E+2	6.766900E+1	1.410000E+0
1.748000E+1	2.048433E+0	3.067489E-3	3.301310E+2	6.766900E+1	1.410000E+0
1.748900E+1	2.048433E+0	3.067489E-3	3.301310E+2	6.766900E+1	1.410000E+0
1.760000E+1	2.059893E+0	3.308510E-3	3.301310E+2	6.766900E+1	1.410000E+0
1.761400E+1	2.059893E+0	3.308510E-3	3.301310E+2	6.766900E+1	1.410000E+0
1.769600E+1	2.070432E+0	3.538986E-3	3.301310E+2	6.766900E+1	1.410000E+0
1.770500E+1	2.070432E+0	3.538986E-3	3.301310E+2	6.766900E+1	1.410000E+0
1.778900E+1	2.078771E+0	3.671046E-3	3.301310E+2	6.766900E+1	1.410000E+0
1.779800E+1	2.078771E+0	3.671046E-3	3.301310E+2	6.766900E+1	1.410000E+0
1.787900E+1	2.090204E+0	3.863361E-3	3.301310E+2	6.766900E+1	1.410000E+0
1.788800E+1	2.090204E+0	3.863361E-3	3.301310E+2	6.766900E+1	1.410000E+0
1.796900E+1	2.101233E+0	4.086807E-3	3.301310E+2	6.766900E+1	1.410000E+0
1.797800E+1	2.101233E+0	4.086807E-3	3.301310E+2	6.766900E+1	1.410000E+0
1.808900E+1	2.112245E+0	4.302722E-3	3.301310E+2	6.766900E+1	1.410000E+0
1.809800E+1	2.112245E+0	4.302722E-3	3.301310E+2	6.766900E+1	1.410000E+0
1.817900E+1	2.123280E+0	4.550773E-3	3.301310E+2	6.766900E+1	1.410000E+0
1.818800E+1	2.123280E+0	4.550773E-3	3.301310E+2	6.766900E+1	1.410000E+0
1.826800E+1	2.137737E+0	4.852050E-3	3.301310E+2	6.766900E+1	1.410000E+0
1.827700E+1	2.137737E+0	4.852050E-3	3.301310E+2	6.766900E+1	1.410000E+0
1.835900E+1	2.144848E+0	5.027795E-3	3.301310E+2	6.766900E+1	1.410000E+0
1.836800E+1	2.144848E+0	5.027795E-3	3.301310E+2	6.766900E+1	1.410000E+0
1.844800E+1	2.159858E+0	5.354178E-3	3.301310E+2	6.766900E+1	1.410000E+0
1.845700E+1	2.159858E+0	5.354178E-3	3.301310E+2	6.766900E+1	1.410000E+0
1.856900E+1	2.170448E+0	5.614280E-3	3.301310E+2	6.766900E+1	1.410000E+0
1.858200E+1	2.170448E+0	5.614280E-3	3.301310E+2	6.766900E+1	1.410000E+0
1.866500E+1	2.178349E+0	5.854297E-3	3.301310E+2	6.766900E+1	1.410000E+0
1.867400E+1	2.178349E+0	5.854297E-3	3.301310E+2	6.766900E+1	1.410000E+0
1.875900E+1	2.189378E+0	6.063684E-3	3.301310E+2	6.766900E+1	1.410000E+0
1.876800E+1	2.189378E+0	6.063684E-3	3.301310E+2	6.766900E+1	1.410000E+0
1.884700E+1	2.200363E+0	6.363454E-3	3.301310E+2	6.766900E+1	1.410000E+0
1.885600E+1	2.200363E+0	6.363454E-3	3.301310E+2	6.766900E+1	1.410000E+0
1.893800E+1	2.219894E+0	6.843488E-3	3.301310E+2	6.766900E+1	1.410000E+0
1.894700E+1	2.219894E+0	6.843488E-3	3.301310E+2	6.766900E+1	1.410000E+0
1.905800E+1	2.231295E+0	7.190459E-3	3.301310E+2	6.766900E+1	1.410000E+0
1.906700E+1	2.231295E+0	7.190459E-3	3.301310E+2	6.766900E+1	1.410000E+0
1.914800E+1	2.237148E+0	7.378757E-3	3.301310E+2	6.766900E+1	1.410000E+0
1.915700E+1	2.237148E+0	7.378757E-3	3.301310E+2	6.766900E+1	1.410000E+0
1.923700E+1	2.248123E+0	7.698110E-3	3.301310E+2	6.766900E+1	1.410000E+0
1.924600E+1	2.248123E+0	7.698110E-3	3.301310E+2	6.766900E+1	1.410000E+0
1.932800E+1	2.260962E+0	8.102825E-3	3.301310E+2	6.766900E+1	1.410000E+0
1.933700E+1	2.260962E+0	8.102825E-3	3.301310E+2	6.766900E+1	1.410000E+0
1.941800E+1	2.271986E+0	8.480425E-3	3.301310E+2	6.766900E+1	1.410000E+0
1.942700E+1	2.271986E+0	8.480425E-3	3.301310E+2	6.766900E+1	1.410000E+0
1.954100E+1	2.282980E+0	8.822876E-3	3.301310E+2	6.766900E+1	1.410000E+0
1.955400E+1	2.282980E+0	8.822876E-3	3.301310E+2	6.766900E+1	1.410000E+0
1.963800E+1	2.295238E+0	9.301906E-3	3.301310E+2	6.766900E+1	1.410000E+0
1.964700E+1	2.295238E+0	9.301906E-3	3.301310E+2	6.766900E+1	1.410000E+0
1.972800E+1	2.308713E+0	9.750808E-3	3.301310E+2	6.766900E+1	1.410000E+0
1.973700E+1	2.308713E+0	9.750808E-3	3.301310E+2	6.766900E+1	1.410000E+0
1.981800E+1	2.315033E+0	9.983293E-3	3.301310E+2	6.766900E+1	1.410000E+0
1.982800E+1	2.315033E+0	9.983293E-3	3.301310E+2	6.766900E+1	1.410000E+0
1.990800E+1	2.330418E+0	1.059991E-2	3.301310E+2	6.766900E+1	1.410000E+0
1.991700E+1	2.330418E+0	1.059991E-2	3.301310E+2	6.766900E+1	1.410000E+0
2.002900E+1	2.343553E+0	1.118137E-2	3.301310E+2	6.766900E+1	1.410000E+0
2.003700E+1	2.343553E+0	1.118137E-2	3.301310E+2	6.766900E+1	1.410000E+0
2.011700E+1	2.349052E+0	1.154943E-2	3.301310E+2	6.766900E+1	1.410000E+0
2.012700E+1	2.349052E+0	1.154943E-2	3.301310E+2	6.766900E+1	1.410000E+0
2.020700E+1	2.360086E+0	1.203549E-2	3.301310E+2	6.766900E+1	1.410000E+0
2.021600E+1	2.360086E+0	1.203549E-2	3.301310E+2	6.766900E+1	1.410000E+0
2.029700E+1	2.371073E+0	1.259235E-2	3.301310E+2	6.766900E+1	1.410000E+0
2.030600E+1	2.371073E+0	1.259235E-2	3.301310E+2	6.766900E+1	1.410000E+0
2.038800E+1	2.390482E+0	1.352580E-2	3.301310E+2	6.766900E+1	1.410000E+0
2.039700E+1	2.390482E+0	1.352580E-2	3.301310E+2	6.766900E+1	1.410000E+0
2.050800E+1	2.397406E+0	1.391143E-2	3.301310E+2	6.766900E+1	1.410000E+0
2.051700E+1	2.397406E+0	1.391143E-2	3.301310E+2	6.766900E+1	1.410000E+0
2.059700E+1	2.406489E+0	1.437590E-2	3.301310E+2	6.766900E+1	1.410000E+0
2.061000E+1	2.406489E+0	1.437590E-2	3.301310E+2	6.766900E+1	1.410000E+0
2.069300E+1	2.418826E+0	1.511704E-2	3.301310E+2	6.766900E+1	1.410000E+0
2.070200E+1	2.418826E+0	1.511704E-2	3.301310E+2	6.766900E+1	1.410000E+0
2.078600E+1	2.431955E+0	1.571809E-2	3.301310E+2	6.766900E+1	1.410000E+0
2.079500E+1	2.431955E+0	1.571809E-2	3.301310E+2	6.766900E+1	1.410000E+0
2.087700E+1	2.441926E+0	1.635027E-2	3.301310E+2	6.766900E+1	1.410000E+0
2.088600E+1	2.441926E+0	1.635027E-2	3.301310E+2	6.766900E+1	1.410000E+0
2.099800E+1	2.448502E+0	1.674594E-2	3.301310E+2	6.766900E+1	1.410000E+0
2.100700E+1	2.448502E+0	1.674594E-2	3.301310E+2	6.766900E+1	1.410000E+0
2.108700E+1	2.466314E+0	1.779991E-2	3.301310E+2	6.766900E+1	1.410000E+0
2.109600E+1	2.466314E+0	1.779991E-2	3.301310E+2	6.766900E+1	1.410000E+0
2.117600E+1	2.479191E+0	1.869119E-2	3.301310E+2	6.766900E+1	1.410000E+0
2.118400E+1	2.479191E+0	1.869119E-2	3.301310E+2	6.766900E+1	1.410000E+0
2.126600E+1	2.486721E+0	1.923348E-2	3.301310E+2	6.766900E+1	1.410000E+0
2.127500E+1	2.486721E+0	1.923348E-2	3.301310E+2	6.766900E+1	1.410000E+0
2.135600E+1	2.501553E+0	2.025581E-2	3.301310E+2	6.766900E+1	1.410000E+0
2.136400E+1	2.501553E+0	2.025581E-2	3.301310E+2	6.766900E+1	1.410000E+0
2.147700E+1	2.509045E+0	2.080815E-2	3.301310E+2	6.766900E+1	1.410000E+0
2.148500E+1	2.509045E+0	2.080815E-2	3.301310E+2	6.766900E+1	1.410000E+0
2.156600E+1	2.520087E+0	2.160101E-2	3.301310E+2	6.766900E+1	1.410000E+0
2.158000E+1	2.520087E+0	2.160101E-2	3.301310E+2	6.766900E+1	1.410000E+0
2.166300E+1	2.531095E+0	2.248175E-2	3.301310E+2	6.766900E+1	1.410000E+0
2.167100E+1	2.531095E+0	2.248175E-2	3.301310E+2	6.766900E+1	1.410000E+0
2.175600E+1	2.552086E+0	2.405039E-2	3.301310E+2	6.766900E+1	1.410000E+0
2.176500E+1	2.552086E+0	2.405039E-2	3.301310E+2	6.766900E+1	1.410000E+0
2.184600E+1	2.556803E+0	2.452892E-2	3.301310E+2	6.766900E+1	1.410000E+0
2.185500E+1	2.556803E+0	2.452892E-2	3.301310E+2	6.766900E+1	1.410000E+0
2.196700E+1	2.567701E+0	2.548397E-2	3.301310E+2	6.766900E+1	1.410000E+0
2.197500E+1	2.567701E+0	2.548397E-2	3.301310E+2	6.766900E+1	1.410000E+0
2.205600E+1	2.577477E+0	2.641089E-2	3.301310E+2	6.766900E+1	1.410000E+0
2.206500E+1	2.577477E+0	2.641089E-2	3.301310E+2	6.766900E+1	1.410000E+0
2.214600E+1	2.591621E+0	2.773099E-2	3.301310E+2	6.766900E+1	1.410000E+0
2.215500E+1	2.591621E+0	2.773099E-2	3.301310E+2	6.766900E+1	1.410000E+0
2.223600E+1	2.602653E+0	2.876386E-2	3.301310E+2	6.766900E+1	1.410000E+0
2.224500E+1	2.602653E+0	2.876386E-2	3.301310E+2	6.766900E+1	1.410000E+0
2.232600E+1	2.613667E+0	2.994939E-2	3.301310E+2	6.766900E+1	1.410000E+0
2.233500E+1	2.613667E+0	2.994939E-2	3.301310E+2	6.766900E+1	1.410000E+0
2.244700E+1	2.619203E+0	3.056650E-2	3.301310E+2	6.766900E+1	1.410000E+0
2.245500E+1	2.619203E+0	3.056650E-2	3.301310E+2	6.766900E+1	1.410000E+0
2.253500E+1	2.639203E+0	3.265435E-2	3.301310E+2	6.766900E+1	1.410000E+0
2.254800E+1	2.639203E+0	3.265435E-2	3.301310E+2	6.766900E+1	1.410000E+0
2.263200E+1	2.650216E+0	3.430183E-2	3.301310E+2	6.766900E+1	1.410000E+0
2.264100E+1	2.650216E+0	3.430183E-2	3.301310E+2	6.766900E+1	1.410000E+0
2.272600E+1	2.660413E+0	3.539998E-2	3.301310E+2	6.766900E+1	1.410000E+0
2.273500E+1	2.660413E+0	3.539998E-2	3.301310E+2	6.766900E+1	1.410000E+0
2.281600E+1	2.667740E+0	3.637160E-2	3.301310E+2	6.766900E+1	1.410000E+0
2.282400E+1	2.667740E+0	3.637160E-2	3.301310E+2	6.766900E+1	1.410000E+0
2.293700E+1	2.679699E+0	3.791313E-2	3.301310E+2	6.766900E+1	1.410000E+0
2.294600E+1	2.679699E+0	3.791313E-2	3.301310E+2	6.766900E+1	1.410000E+0
2.302500E+1	2.690735E+0	3.937432E-2	3.301310E+2	6.766900E+1	1.410000E+0
2.303400E+1	2.690735E+0	3.937432E-2	3.301310E+2	6.766900E+1	1.410000E+0
2.311500E+1	2.701762E+0	4.088823E-2	3.301310E+2	6.766900E+1	1.410000E+0
2.312400E+1	2.701762E+0	4.088823E-2	3.301310E+2	6.766900E+1	1.410000E+0
2.320500E+1	2.717137E+0	4.309257E-2	3.301310E+2	6.766900E+1	1.410000E+0
2.321400E+1	2.717137E+0	4.309257E-2	3.301310E+2	6.766900E+1	1.410000E+0
2.329500E+1	2.726350E+0	4.456130E-2	3.301310E+2	6.766900E+1	1.410000E+0
2.330300E+1	2.726350E+0	4.456130E-2	3.301310E+2	6.766900E+1	1.410000E+0
2.341700E+1	2.738120E+0	4.635088E-2	3.301310E+2	6.766900E+1	1.410000E+0
2.342700E+1	2.738120E+0	4.635088E-2	3.301310E+2	6.766900E+1	1.410000E+0
2.350600E+1	2.747276E+0	4.787082E-2	3.301310E+2	6.766900E+1	1.410000E+0
2.351400E+1	2.747276E+0	4.787082E-2	3.301310E+2	6.766900E+1	1.410000E+0
2.359600E+1	2.762430E+0	5.024488E-2	3.301310E+2	6.766900E+1	1.410000E+0
2.360900E+1	2.762430E+0	5.024488E-2	3.301310E+2	6.766900E+1	1.410000E+0
2.369100E+1	2.773875E+0	5.216351E-2	3.301310E+2	6.766900E+1	1.410000E+0
2.369900E+1	2.773875E+0	5.216351E-2	3.301310E+2	6.766900E+1	1.410000E+0
2.378500E+1	2.779409E+0	5.305780E-2	3.301310E+2	6.766900E+1	1.410000E+0
2.379400E+1	2.779409E+0	5.305780E-2	3.301310E+2	6.766900E+1	1.410000E+0
2.390800E+1	2.799316E+0	5.626991E-2	3.301310E+2	6.766900E+1	1.410000E+0
2.391700E+1	2.799316E+0	5.626991E-2	3.301310E+2	6.766900E+1	1.410000E+0
2.400100E+1	2.809513E+0	5.885134E-2	3.301310E+2	6.766900E+1	1.410000E+0
2.401000E+1	2.809513E+0	5.885134E-2	3.301310E+2	6.766900E+1	1.410000E+0
2.409500E+1	2.821222E+0	6.058469E-2	3.301310E+2	6.766900E+1	1.410000E+0
2.410300E+1	2.821222E+0	6.058469E-2	3.301310E+2	6.766900E+1	1.410000E+0
2.418600E+1	2.828011E+0	6.200571E-2	3.301310E+2	6.766900E+1	1.410000E+0
2.419400E+1	2.828011E+0	6.200571E-2	3.301310E+2	6.766900E+1	1.410000E+0
2.427500E+1	2.840086E+0	6.435717E-2	3.301310E+2	6.766900E+1	1.410000E+0
2.428400E+1	2.840086E+0	6.435717E-2	3.301310E+2	6.766900E+1	1.410000E+0
2.439600E+1	2.849415E+0	6.639129E-2	3.301310E+2	6.766900E+1	1.410000E+0
2.440500E+1	2.849415E+0	6.639129E-2	3.301310E+2	6.766900E+1	1.410000E+0
2.448400E+1	2.862028E+0	6.911332E-2	3.301310E+2	6.766900E+1	1.410000E+0
2.449300E+1	2.862028E+0	6.911332E-2	3.301310E+2	6.766900E+1	1.410000E+0
2.457500E+1	2.871144E+0	7.114744E-2	3.301310E+2	6.766900E+1	1.410000E+0
2.458800E+1	2.871144E+0	7.114744E-2	3.301310E+2	6.766900E+1	1.410000E+0
2.467200E+1	2.888604E+0	7.529200E-2	3.301310E+2	6.766900E+1	1.410000E+0
2.468100E+1	2.888604E+0	7.529200E-2	3.301310E+2	6.766900E+1	1.410000E+0
2.476500E+1	2.895124E+0	7.668691E-2	3.301310E+2	6.766900E+1	1.410000E+0
2.477400E+1	2.895124E+0	7.668691E-2	3.301310E+2	6.766900E+1	1.410000E+0
2.488600E+1	2.909902E+0	8.020783E-2	3.301310E+2	6.766900E+1	1.410000E+0
2.489500E+1	2.909902E+0	8.020783E-2	3.301310E+2	6.766900E+1	1.410000E+0
2.497500E+1	2.917141E+0	8.239660E-2	3.301310E+2	6.766900E+1	1.410000E+0
2.498400E+1	2.917141E+0	8.239660E-2	3.301310E+2	6.766900E+1	1.410000E+0
2.506500E+1	2.933695E+0	8.670084E-2	3.301310E+2	6.766900E+1	1.410000E+0
2.507400E+1	2.933695E+0	8.670084E-2	3.301310E+2	6.766900E+1	1.410000E+0
2.515500E+1	2.939233E+0	8.848942E-2	3.301310E+2	6.766900E+1	1.410000E+0
2.516400E+1	2.939233E+0	8.848942E-2	3.301310E+2	6.766900E+1	1.410000E+0
2.524500E+1	2.950190E+0	9.152679E-2	3.301310E+2	6.766900E+1	1.410000E+0
2.525400E+1	2.950190E+0	9.152679E-2	3.301310E+2	6.766900E+1	1.410000E+0
2.536600E+1	2.969822E+0	9.699696E-2	3.301310E+2	6.766900E+1	1.410000E+0
2.537400E+1	2.969822E+0	9.699696E-2	3.301310E+2	6.766900E+1	1.410000E+0
2.545500E+1	2.981050E+0	1.006901E-1	3.301310E+2	6.766900E+1	1.410000E+0
2.546400E+1	2.981050E+0	1.006901E-1	3.301310E+2	6.766900E+1	1.410000E+0
2.554500E+1	2.987381E+0	1.028583E-1	3.301310E+2	6.766900E+1	1.410000E+0
2.555700E+1	2.987381E+0	1.028583E-1	3.301310E+2	6.766900E+1	1.410000E+0
2.564100E+1	2.996207E+0	1.063647E-1	3.301310E+2	6.766900E+1	1.410000E+0
2.565000E+1	2.996207E+0	1.063647E-1	3.301310E+2	6.766900E+1	1.410000E+0
2.573500E+1	3.010788E+0	1.101241E-1	3.301310E+2	6.766900E+1	1.410000E+0
2.574400E+1	3.010788E+0	1.101241E-1	3.301310E+2	6.766900E+1	1.410000E+0
2.585600E+1	3.021825E+0	1.134055E-1	3.301310E+2	6.766900E+1	1.410000E+0
2.586400E+1	3.021825E+0	1.134055E-1	3.301310E+2	6.766900E+1	1.410000E+0
2.594500E+1	3.032765E+0	1.173909E-1	3.301310E+2	6.766900E+1	1.410000E+0
2.595400E+1	3.032765E+0	1.173909E-1	3.301310E+2	6.766900E+1	1.410000E+0
2.603500E+1	3.048380E+0	1.227707E-1	3.301310E+2	6.766900E+1	1.410000E+0
2.604400E+1	3.048380E+0	1.227707E-1	3.301310E+2	6.766900E+1	1.410000E+0
2.612500E+1	3.058490E+0	1.267952E-1	3.301310E+2	6.766900E+1	1.410000E+0
2.613500E+1	3.058490E+0	1.267952E-1	3.301310E+2	6.766900E+1	1.410000E+0
2.621400E+1	3.066249E+0	1.302152E-1	3.301310E+2	6.766900E+1	1.410000E+0
2.622300E+1	3.066249E+0	1.302152E-1	3.301310E+2	6.766900E+1	1.410000E+0
2.633800E+1	3.080554E+0	1.358772E-1	3.301310E+2	6.766900E+1	1.410000E+0
2.634700E+1	3.080554E+0	1.358772E-1	3.301310E+2	6.766900E+1	1.410000E+0
2.643100E+1	3.090388E+0	1.412419E-1	3.301310E+2	6.766900E+1	1.410000E+0
2.644000E+1	3.090388E+0	1.412419E-1	3.301310E+2	6.766900E+1	1.410000E+0
2.652500E+1	3.098949E+0	1.440634E-1	3.301310E+2	6.766900E+1	1.410000E+0
2.653300E+1	3.098949E+0	1.440634E-1	3.301310E+2	6.766900E+1	1.410000E+0
2.661500E+1	3.109942E+0	1.486096E-1	3.301310E+2	6.766900E+1	1.410000E+0
2.663000E+1	3.109942E+0	1.486096E-1	3.301310E+2	6.766900E+1	1.410000E+0
2.671400E+1	3.121134E+0	1.531107E-1	3.301310E+2	6.766900E+1	1.410000E+0
2.672400E+1	3.121134E+0	1.531107E-1	3.301310E+2	6.766900E+1	1.410000E+0
2.683600E+1	3.140003E+0	1.607887E-1	3.301310E+2	6.766900E+1	1.410000E+0
2.684500E+1	3.140003E+0	1.607887E-1	3.301310E+2	6.766900E+1	1.410000E+0
2.692400E+1	3.147524E+0	1.651372E-1	3.301310E+2	6.766900E+1	1.410000E+0
2.693300E+1	3.147524E+0	1.651372E-1	3.301310E+2	6.766900E+1	1.410000E+0
2.701500E+1	3.152517E+0	1.679918E-1	3.301310E+2	6.766900E+1	1.410000E+0
2.702300E+1	3.152517E+0	1.679918E-1	3.301310E+2	6.766900E+1	1.410000E+0
2.710500E+1	3.168466E+0	1.753389E-1	3.301310E+2	6.766900E+1	1.410000E+0
2.711400E+1	3.168466E+0	1.753389E-1	3.301310E+2	6.766900E+1	1.410000E+0
2.719500E+1	3.181834E+0	1.819795E-1	3.301310E+2	6.766900E+1	1.410000E+0
2.720400E+1	3.181834E+0	1.819795E-1	3.301310E+2	6.766900E+1	1.410000E+0
2.731600E+1	3.192881E+0	1.875863E-1	3.301310E+2	6.766900E+1	1.410000E+0
2.732500E+1	3.192881E+0	1.875863E-1	3.301310E+2	6.766900E+1	1.410000E+0
2.740500E+1	3.203896E+0	1.931815E-1	3.301310E+2	6.766900E+1	1.410000E+0
2.741400E+1	3.203896E+0	1.931815E-1	3.301310E+2	6.766900E+1	1.410000E+0
2.749500E+1	3.218281E+0	1.998352E-1	3.301310E+2	6.766900E+1	1.410000E+0
2.750300E+1	3.218281E+0	1.998352E-1	3.301310E+2	6.766900E+1	1.410000E+0
2.758400E+1	3.229365E+0	2.064100E-1	3.301310E+2	6.766900E+1	1.410000E+0
2.759700E+1	3.229365E+0	2.064100E-1	3.301310E+2	6.766900E+1	1.410000E+0
2.768100E+1	3.239877E+0	2.137065E-1	3.301310E+2	6.766900E+1	1.410000E+0
2.768900E+1	3.239877E+0	2.137065E-1	3.301310E+2	6.766900E+1	1.410000E+0
2.780600E+1	3.252288E+0	2.193830E-1	3.301310E+2	6.766900E+1	1.410000E+0
2.781500E+1	3.252288E+0	2.193830E-1	3.301310E+2	6.766900E+1	1.410000E+0
2.789500E+1	3.258925E+0	2.238750E-1	3.301310E+2	6.766900E+1	1.410000E+0
2.790400E+1	3.258925E+0	2.238750E-1	3.301310E+2	6.766900E+1	1.410000E+0
2.798400E+1	3.269943E+0	2.303424E-1	3.301310E+2	6.766900E+1	1.410000E+0
2.799300E+1	3.269943E+0	2.303424E-1	3.301310E+2	6.766900E+1	1.410000E+0
2.807500E+1	3.279123E+0	2.357589E-1	3.301310E+2	6.766900E+1	1.410000E+0
2.808300E+1	3.279123E+0	2.357589E-1	3.301310E+2	6.766900E+1	1.410000E+0
2.816600E+1	3.300823E+0	2.484170E-1	3.301310E+2	6.766900E+1	1.410000E+0
2.817500E+1	3.300823E+0	2.484170E-1	3.301310E+2	6.766900E+1	1.410000E+0
2.828600E+1	3.307165E+0	2.529126E-1	3.301310E+2	6.766900E+1	1.410000E+0
2.829400E+1	3.307165E+0	2.529126E-1	3.301310E+2	6.766900E+1	1.410000E+0
2.837400E+1	3.318153E+0	2.596200E-1	3.301310E+2	6.766900E+1	1.410000E+0
2.838300E+1	3.318153E+0	2.596200E-1	3.301310E+2	6.766900E+1	1.410000E+0
2.846500E+1	3.324097E+0	2.636521E-1	3.301310E+2	6.766900E+1	1.410000E+0
2.847500E+1	3.324097E+0	2.636521E-1	3.301310E+2	6.766900E+1	1.410000E+0
2.855500E+1	3.341513E+0	2.748445E-1	3.301310E+2	6.766900E+1	1.410000E+0
2.856800E+1	3.341513E+0	2.748445E-1	3.301310E+2	6.766900E+1	1.410000E+0
2.865000E+1	3.352534E+0	2.829202E-1	3.301310E+2	6.766900E+1	1.410000E+0
2.865900E+1	3.352534E+0	2.829202E-1	3.301310E+2	6.766900E+1	1.410000E+0
2.877600E+1	3.363550E+0	2.904853E-1	3.301310E+2	6.766900E+1	1.410000E+0
2.878500E+1	3.363550E+0	2.904853E-1	3.301310E+2	6.766900E+1	1.410000E+0
2.886400E+1	3.369089E+0	2.947348E-1	3.301310E+2	6.766900E+1	1.410000E+0
2.887300E+1	3.369089E+0	2.947348E-1	3.301310E+2	6.766900E+1	1.410000E+0
2.895400E+1	3.388829E+0	3.067848E-1	3.301310E+2	6.766900E+1	1.410000E+0
2.896300E+1	3.388829E+0	3.067848E-1	3.301310E+2	6.766900E+1	1.410000E+0
2.904500E+1	3.399556E+0	3.153305E-1	3.301310E+2	6.766900E+1	1.410000E+0
2.905400E+1	3.399556E+0	3.153305E-1	3.301310E+2	6.766900E+1	1.410000E+0
2.913500E+1	3.410734E+0	3.239069E-1	3.301310E+2	6.766900E+1	1.410000E+0
2.914400E+1	3.410734E+0	3.239069E-1	3.301310E+2	6.766900E+1	1.410000E+0
2.925800E+1	3.417537E+0	3.298104E-1	3.301310E+2	6.766900E+1	1.410000E+0
2.926700E+1	3.417537E+0	3.298104E-1	3.301310E+2	6.766900E+1	1.410000E+0
2.935100E+1	3.429660E+0	3.394241E-1	3.301310E+2	6.766900E+1	1.410000E+0
2.935900E+1	3.429660E+0	3.394241E-1	3.301310E+2	6.766900E+1	1.410000E+0
2.944500E+1	3.440660E+0	3.474421E-1	3.301310E+2	6.766900E+1	1.410000E+0
2.945400E+1	3.440660E+0	3.474421E-1	3.301310E+2	6.766900E+1	1.410000E+0
2.953400E+1	3.451673E+0	3.556077E-1	3.301310E+2	6.766900E+1	1.410000E+0
2.954800E+1	3.451673E+0	3.556077E-1	3.301310E+2	6.766900E+1	1.410000E+0
2.963000E+1	3.471546E+0	3.730370E-1	3.301310E+2	6.766900E+1	1.410000E+0
2.964000E+1	3.471546E+0	3.730370E-1	3.301310E+2	6.766900E+1	1.410000E+0
2.975600E+1	3.477784E+0	3.768758E-1	3.301310E+2	6.766900E+1	1.410000E+0
2.976500E+1	3.477784E+0	3.768758E-1	3.301310E+2	6.766900E+1	1.410000E+0
2.984500E+1	3.487673E+0	3.852829E-1	3.301310E+2	6.766900E+1	1.410000E+0
2.985400E+1	3.487673E+0	3.852829E-1	3.301310E+2	6.766900E+1	1.410000E+0
2.993400E+1	3.495884E+0	3.916599E-1	3.301310E+2	6.766900E+1	1.410000E+0
2.994300E+1	3.495884E+0	3.916599E-1	3.301310E+2	6.766900E+1	1.410000E+0
3.002500E+1	3.512435E+0	4.057657E-1	3.301310E+2	6.766900E+1	1.410000E+0
3.003300E+1	3.512435E+0	4.057657E-1	3.301310E+2	6.766900E+1	1.410000E+0
3.011400E+1	3.523454E+0	4.161070E-1	3.301310E+2	6.766900E+1	1.410000E+0
3.012300E+1	3.523454E+0	4.161070E-1	3.301310E+2	6.766900E+1	1.410000E+0
3.023500E+1	3.528934E+0	4.216133E-1	3.301310E+2	6.766900E+1	1.410000E+0
3.024500E+1	3.528934E+0	4.216133E-1	3.301310E+2	6.766900E+1	1.410000E+0
3.032400E+1	3.545425E+0	4.359169E-1	3.301310E+2	6.766900E+1	1.410000E+0
3.033400E+1	3.545425E+0	4.359169E-1	3.301310E+2	6.766900E+1	1.410000E+0
3.041500E+1	3.559487E+0	4.500297E-1	3.301310E+2	6.766900E+1	1.410000E+0
3.042400E+1	3.559487E+0	4.500297E-1	3.301310E+2	6.766900E+1	1.410000E+0
3.050500E+1	3.570035E+0	4.602626E-1	3.301310E+2	6.766900E+1	1.410000E+0
3.051300E+1	3.570035E+0	4.602626E-1	3.301310E+2	6.766900E+1	1.410000E+0
3.059500E+1	3.581429E+0	4.711331E-1	3.301310E+2	6.766900E+1	1.410000E+0
3.060800E+1	3.581429E+0	4.711331E-1	3.301310E+2	6.766900E+1	1.410000E+0
3.072100E+1	3.589523E+0	4.801418E-1	3.301310E+2	6.766900E+1	1.410000E+0
3.073000E+1	3.589523E+0	4.801418E-1	3.301310E+2	6.766900E+1	1.410000E+0
3.081300E+1	3.600535E+0	4.916716E-1	3.301310E+2	6.766900E+1	1.410000E+0
3.082200E+1	3.600535E+0	4.916716E-1	3.301310E+2	6.766900E+1	1.410000E+0
3.090400E+1	3.611540E+0	5.029991E-1	3.301310E+2	6.766900E+1	1.410000E+0
3.091300E+1	3.611540E+0	5.029991E-1	3.301310E+2	6.766900E+1	1.410000E+0
3.099400E+1	3.622579E+0	5.147820E-1	3.301310E+2	6.766900E+1	1.410000E+0
3.100300E+1	3.622579E+0	5.147820E-1	3.301310E+2	6.766900E+1	1.410000E+0
3.108400E+1	3.638014E+0	5.301416E-1	3.301310E+2	6.766900E+1	1.410000E+0
3.109300E+1	3.638014E+0	5.301416E-1	3.301310E+2	6.766900E+1	1.410000E+0
3.120500E+1	3.647467E+0	5.415068E-1	3.301310E+2	6.766900E+1	1.410000E+0
3.121400E+1	3.647467E+0	5.415068E-1	3.301310E+2	6.766900E+1	1.410000E+0
3.129400E+1	3.658429E+0	5.537938E-1	3.301310E+2	6.766900E+1	1.410000E+0
3.130300E+1	3.658429E+0	5.537938E-1	3.301310E+2	6.766900E+1	1.410000E+0
3.138400E+1	3.668874E+0	5.658670E-1	3.301310E+2	6.766900E+1	1.410000E+0
3.139300E+1	3.668874E+0	5.658670E-1	3.301310E+2	6.766900E+1	1.410000E+0
3.147300E+1	3.683139E+0	5.819798E-1	3.301310E+2	6.766900E+1	1.410000E+0
3.148200E+1	3.683139E+0	5.819798E-1	3.301310E+2	6.766900E+1	1.410000E+0
3.156500E+1	3.686268E+0	5.861238E-1	3.301310E+2	6.766900E+1	1.410000E+0
3.157900E+1	3.686268E+0	5.861238E-1	3.301310E+2	6.766900E+1	1.410000E+0
3.169500E+1	3.699644E+0	6.025584E-1	3.301310E+2	6.766900E+1	1.410000E+0
3.170400E+1	3.699644E+0	6.025584E-1	3.301310E+2	6.766900E+1	1.410000E+0
3.178400E+1	3.716606E+0	6.230106E-1	3.301310E+2	6.766900E+1	1.410000E+0
3.179300E+1	3.716606E+0	6.230106E-1	3.301310E+2	6.766900E+1	1.410000E+0
3.187400E+1	3.730126E+0	6.394020E-1	3.301310E+2	6.766900E+1	1.410000E+0
3.188300E+1	3.730126E+0	6.394020E-1	3.301310E+2	6.766900E+1	1.410000E+0
3.196400E+1	3.739969E+0	6.533617E-1	3.301310E+2	6.766900E+1	1.410000E+0
3.197300E+1	3.739969E+0	6.533617E-1	3.301310E+2	6.766900E+1	1.410000E+0
3.205400E+1	3.748210E+0	6.649799E-1	3.301310E+2	6.766900E+1	1.410000E+0
3.206300E+1	3.748210E+0	6.649799E-1	3.301310E+2	6.766900E+1	1.410000E+0
3.217500E+1	3.760243E+0	6.804535E-1	3.301310E+2	6.766900E+1	1.410000E+0
3.218400E+1	3.760243E+0	6.804535E-1	3.301310E+2	6.766900E+1	1.410000E+0
3.226400E+1	3.771260E+0	6.967490E-1	3.301310E+2	6.766900E+1	1.410000E+0
3.227300E+1	3.771260E+0	6.967490E-1	3.301310E+2	6.766900E+1	1.410000E+0
3.235400E+1	3.782271E+0	7.130837E-1	3.301310E+2	6.766900E+1	1.410000E+0
3.236300E+1	3.782271E+0	7.130837E-1	3.301310E+2	6.766900E+1	1.410000E+0
3.244400E+1	3.797565E+0	7.315279E-1	3.301310E+2	6.766900E+1	1.410000E+0
3.245300E+1	3.797565E+0	7.315279E-1	3.301310E+2	6.766900E+1	1.410000E+0
3.253400E+1	3.807350E+0	7.473027E-1	3.301310E+2	6.766900E+1	1.410000E+0
3.254700E+1	3.807350E+0	7.473027E-1	3.301310E+2	6.766900E+1	1.410000E+0
3.266100E+1	3.815381E+0	7.629344E-1	3.301310E+2	6.766900E+1	1.410000E+0
3.267000E+1	3.815381E+0	7.629344E-1	3.301310E+2	6.766900E+1	1.410000E+0
3.275400E+1	3.830955E+0	7.817466E-1	3.301310E+2	6.766900E+1	1.410000E+0
3.276300E+1	3.830955E+0	7.817466E-1	3.301310E+2	6.766900E+1	1.410000E+0
3.284300E+1	3.842121E+0	7.999839E-1	3.301310E+2	6.766900E+1	1.410000E+0
3.285200E+1	3.842121E+0	7.999839E-1	3.301310E+2	6.766900E+1	1.410000E+0
3.293400E+1	3.854193E+0	8.200037E-1	3.301310E+2	6.766900E+1	1.410000E+0
3.294300E+1	3.854193E+0	8.200037E-1	3.301310E+2	6.766900E+1	1.410000E+0
3.302300E+1	3.856976E+0	8.238279E-1	3.301310E+2	6.766900E+1	1.410000E+0
3.303200E+1	3.856976E+0	8.238279E-1	3.301310E+2	6.766900E+1	1.410000E+0
3.314600E+1	3.870712E+0	8.462936E-1	3.301310E+2	6.766900E+1	1.410000E+0
3.315500E+1	3.870712E+0	8.462936E-1	3.301310E+2	6.766900E+1	1.410000E+0
3.323400E+1	3.880014E+0	8.616642E-1	3.301310E+2	6.766900E+1	1.410000E+0
3.324300E+1	3.880014E+0	8.616642E-1	3.301310E+2	6.766900E+1	1.410000E+0
3.332400E+1	3.901299E+0	8.954022E-1	3.301310E+2	6.766900E+1	1.410000E+0
3.333300E+1	3.901299E+0	8.954022E-1	3.301310E+2	6.766900E+1	1.410000E+0
3.341400E+1	3.907822E+0	9.086930E-1	3.301310E+2	6.766900E+1	1.410000E+0
3.342300E+1	3.907822E+0	9.086930E-1	3.301310E+2	6.766900E+1	1.410000E+0
3.350400E+1	3.917841E+0	9.240280E-1	3.301310E+2	6.766900E+1	1.410000E+0
3.351200E+1	3.917841E+0	9.240280E-1	3.301310E+2	6.766900E+1	1.410000E+0
3.362700E+1	3.931289E+0	9.487587E-1	3.301310E+2	6.766900E+1	1.410000E+0
3.364200E+1	3.931289E+0	9.487587E-1	3.301310E+2	6.766900E+1	1.410000E+0
3.372300E+1	3.942287E+0	9.715468E-1	3.301310E+2	6.766900E+1	1.410000E+0
3.373200E+1	3.942287E+0	9.715468E-1	3.301310E+2	6.766900E+1	1.410000E+0
3.381400E+1	3.953338E+0	9.885177E-1	3.301310E+2	6.766900E+1	1.410000E+0
3.382200E+1	3.953338E+0	9.885177E-1	3.301310E+2	6.766900E+1	1.410000E+0
3.390300E+1	3.967307E+0	1.012332E+0	3.301310E+2	6.766900E+1	1.410000E+0
3.391200E+1	3.967307E+0	1.012332E+0	3.301310E+2	6.766900E+1	1.410000E+0
3.399400E+1	3.978251E+0	1.035826E+0	3.301310E+2	6.766900E+1	1.410000E+0
3.400300E+1	3.978251E+0	1.035826E+0	3.301310E+2	6.766900E+1	1.410000E+0
3.411400E+1	3.988059E+0	1.053911E+0	3.301310E+2	6.766900E+1	1.410000E+0
3.412400E+1	3.988059E+0	1.053911E+0	3.301310E+2	6.766900E+1	1.410000E+0
3.420400E+1	3.999441E+0	1.077373E+0	3.301310E+2	6.766900E+1	1.410000E+0
3.421400E+1	3.999441E+0	1.077373E+0	3.301310E+2	6.766900E+1	1.410000E+0
3.429300E+1	4.013866E+0	1.106886E+0	3.301310E+2	6.766900E+1	1.410000E+0
3.430200E+1	4.013866E+0	1.106886E+0	3.301310E+2	6.766900E+1	1.410000E+0
3.438300E+1	4.019416E+0	1.116835E+0	3.301310E+2	6.766900E+1	1.410000E+0
3.439200E+1	4.019416E+0	1.116835E+0	3.301310E+2	6.766900E+1	1.410000E+0
3.447300E+1	4.025475E+0	1.131494E+0	3.301310E+2	6.766900E+1	1.410000E+0
3.448100E+1	4.025475E+0	1.131494E+0	3.301310E+2	6.766900E+1	1.410000E+0
3.459400E+1	4.050569E+0	1.178889E+0	3.301310E+2	6.766900E+1	1.410000E+0
3.460700E+1	4.050569E+0	1.178889E+0	3.301310E+2	6.766900E+1	1.410000E+0
3.468900E+1	4.057937E+0	1.206874E+0	3.301310E+2	6.766900E+1	1.410000E+0
3.469800E+1	4.057937E+0	1.206874E+0	3.301310E+2	6.766900E+1	1.410000E+0
3.478200E+1	4.068601E+0	1.224745E+0	3.301310E+2	6.766900E+1	1.410000E+0
3.479100E+1	4.068601E+0	1.224745E+0	3.301310E+2	6.766900E+1	1.410000E+0
3.487300E+1	4.074475E+0	1.237763E+0	3.301310E+2	6.766900E+1	1.410000E+0
3.488100E+1	4.074475E+0	1.237763E+0	3.301310E+2	6.766900E+1	1.410000E+0
3.496200E+1	4.090956E+0	1.277572E+0	3.301310E+2	6.766900E+1	1.410000E+0
3.497100E+1	4.090956E+0	1.277572E+0	3.301310E+2	6.766900E+1	1.410000E+0
3.508400E+1	4.101983E+0	1.311582E+0	3.301310E+2	6.766900E+1	1.410000E+0
3.509200E+1	4.101983E+0	1.311582E+0	3.301310E+2	6.766900E+1	1.410000E+0
3.517300E+1	4.112984E+0	1.330510E+0	3.301310E+2	6.766900E+1	1.410000E+0
3.518200E+1	4.112984E+0	1.330510E+0	3.301310E+2	6.766900E+1	1.410000E+0
3.526300E+1	4.124001E+0	1.353169E+0	3.301310E+2	6.766900E+1	1.410000E+0
3.527300E+1	4.124001E+0	1.353169E+0	3.301310E+2	6.766900E+1	1.410000E+0
3.535200E+1	4.138774E+0	1.388318E+0	3.301310E+2	6.766900E+1	1.410000E+0
3.536100E+1	4.138774E+0	1.388318E+0	3.301310E+2	6.766900E+1	1.410000E+0
3.544200E+1	4.149255E+0	1.414850E+0	3.301310E+2	6.766900E+1	1.410000E+0
3.545100E+1	4.149255E+0	1.414850E+0	3.301310E+2	6.766900E+1	1.410000E+0
3.556400E+1	4.160888E+0	1.475431E+0	3.301310E+2	6.766900E+1	1.410000E+0
3.557700E+1	4.160888E+0	1.475431E+0	3.301310E+2	6.766900E+1	1.410000E+0
3.566300E+1	4.173309E+0	1.507486E+0	3.301310E+2	6.766900E+1	1.410000E+0
3.567100E+1	4.173309E+0	1.507486E+0	3.301310E+2	6.766900E+1	1.410000E+0
3.582700E+1	4.167644E+0	2.409649E+2	3.301310E+2	6.766900E+1	1.410000E+0
