Sample;s1(i1)
V-V length(cm);1.000000
Field (T);6.027388
Temp (K);4.200000
Angle (deg.);0.000000
Field(T)_memo;6.000000
Time(sec.)	Current(A)	Voltage(uV)	Temp.1(K)	Temp.2(K)	Temp.3(K)
0.000000E+0	7.771326E-4	-1.456177E-5	3.301310E+2	6.766900E+1	1.410000E+0
6.800000E-2	7.661059E-4	-1.456177E-5	3.301310E+2	6.766900E+1	1.410000E+0
7.700000E-2	7.661059E-4	-1.456177E-5	3.301310E+2	6.766900E+1	1.410000E+0
1.570000E-1	7.584874E-4	-2.108946E-5	3.301310E+2	6.766900E+1	1.410000E+0
1.660000E-1	7.584874E-4	-2.108946E-5	3.301310E+2	6.766900E+1	1.410000E+0
2.770000E-1	7.679103E-4	-2.209372E-5	3.301310E+2	6.766900E+1	1.410000E+0
2.870000E-1	7.679103E-4	-2.209372E-5	3.301310E+2	6.766900E+1	1.410000E+0
3.680000E-1	7.751278E-4	-1.657029E-5	3.301310E+2	6.766900E+1	1.410000E+0
3.770000E-1	7.751278E-4	-1.657029E-5	3.301310E+2	6.766900E+1	1.410000E+0
4.580000E-1	1.179384E-2	4.353467E-4	3.301310E+2	6.766900E+1	1.410000E+0
4.660000E-1	1.179384E-2	4.353467E-4	3.301310E+2	6.766900E+1	1.410000E+0
5.470000E-1	1.179965E-2	4.418744E-4	3.301310E+2	6.766900E+1	1.410000E+0
5.560000E-1	1.179965E-2	4.418744E-4	3.301310E+2	6.766900E+1	1.410000E+0
6.470000E-1	1.179243E-2	4.393637E-4	3.301310E+2	6.766900E+1	1.410000E+0
6.600000E-1	1.179243E-2	4.393637E-4	3.301310E+2	6.766900E+1	1.410000E+0
7.680000E-1	1.178963E-2	4.378573E-4	3.301310E+2	6.766900E+1	1.410000E+0
7.760000E-1	1.178963E-2	4.378573E-4	3.301310E+2	6.766900E+1	1.410000E+0
8.570000E-1	1.177900E-2	4.293210E-4	3.301310E+2	6.766900E+1	1.410000E+0
8.670000E-1	1.177900E-2	4.293210E-4	3.301310E+2	6.766900E+1	1.410000E+0
9.480000E-1	1.178161E-2	4.303252E-4	3.301310E+2	6.766900E+1	1.410000E+0
9.570000E-1	1.178161E-2	4.303252E-4	3.301310E+2	6.766900E+1	1.410000E+0
1.037000E+0	2.067055E-2	6.922373E-3	3.301310E+2	6.766900E+1	1.410000E+0
1.045000E+0	2.067055E-2	6.922373E-3	3.301310E+2	6.766900E+1	1.410000E+0
1.127000E+0	2.280372E-2	7.958772E-3	3.301310E+2	6.766900E+1	1.410000E+0
1.136000E+0	2.280372E-2	7.958772E-3	3.301310E+2	6.766900E+1	1.410000E+0
1.248000E+0	2.282036E-2	7.988397E-3	3.301310E+2	6.766900E+1	1.410000E+0
1.257000E+0	2.282036E-2	7.988397E-3	3.301310E+2	6.766900E+1	1.410000E+0
1.337000E+0	2.281515E-2	7.980865E-3	3.301310E+2	6.766900E+1	1.410000E+0
1.346000E+0	2.281515E-2	7.980865E-3	3.301310E+2	6.766900E+1	1.410000E+0
1.427000E+0	2.282076E-2	8.015512E-3	3.301310E+2	6.766900E+1	1.410000E+0
1.436000E+0	2.282076E-2	8.015512E-3	3.301310E+2	6.766900E+1	1.410000E+0
1.516000E+0	2.281716E-2	8.005972E-3	3.301310E+2	6.766900E+1	1.410000E+0
1.524000E+0	2.281716E-2	8.005972E-3	3.301310E+2	6.766900E+1	1.410000E+0
1.607000E+0	2.282959E-2	8.024049E-3	3.301310E+2	6.766900E+1	1.410000E+0
1.616000E+0	2.282959E-2	8.024049E-3	3.301310E+2	6.766900E+1	1.410000E+0
1.728000E+0	2.834455E-2	1.895344E-2	3.301310E+2	6.766900E+1	1.410000E+0
1.742000E+0	2.834455E-2	1.895344E-2	3.301310E+2	6.766900E+1	1.410000E+0
1.827000E+0	2.833694E-2	1.900465E-2	3.301310E+2	6.766900E+1	1.410000E+0
1.836000E+0	2.833694E-2	1.900465E-2	3.301310E+2	6.766900E+1	1.410000E+0
1.917000E+0	2.834816E-2	1.903629E-2	3.301310E+2	6.766900E+1	1.410000E+0
1.926000E+0	2.834816E-2	1.903629E-2	3.301310E+2	6.766900E+1	1.410000E+0
2.008000E+0	2.834496E-2	1.903780E-2	3.301310E+2	6.766900E+1	1.410000E+0
2.016000E+0	2.834496E-2	1.903780E-2	3.301310E+2	6.766900E+1	1.410000E+0
2.098000E+0	2.834355E-2	1.905286E-2	3.301310E+2	6.766900E+1	1.410000E+0
2.108000E+0	2.834355E-2	1.905286E-2	3.301310E+2	6.766900E+1	1.410000E+0
2.221000E+0	2.834538E-2	1.905035E-2	3.301310E+2	6.766900E+1	1.410000E+0
2.230000E+0	2.834538E-2	1.905035E-2	3.301310E+2	6.766900E+1	1.410000E+0
2.313000E+0	2.833455E-2	1.908650E-2	3.301310E+2	6.766900E+1	1.410000E+0
2.322000E+0	2.833455E-2	1.908650E-2	3.301310E+2	6.766900E+1	1.410000E+0
2.408000E+0	3.927508E-2	6.048270E-2	3.301310E+2	6.766900E+1	1.410000E+0
2.417000E+0	3.927508E-2	6.048270E-2	3.301310E+2	6.766900E+1	1.410000E+0
2.498000E+0	3.927428E-2	6.065996E-2	3.301310E+2	6.766900E+1	1.410000E+0
2.507000E+0	3.927428E-2	6.065996E-2	3.301310E+2	6.766900E+1	1.410000E+0
2.588000E+0	3.926967E-2	6.070063E-2	3.301310E+2	6.766900E+1	1.410000E+0
2.597000E+0	3.926967E-2	6.070063E-2	3.301310E+2	6.766900E+1	1.410000E+0
2.708000E+0	3.927127E-2	6.075536E-2	3.301310E+2	6.766900E+1	1.410000E+0
2.721000E+0	3.927127E-2	6.075536E-2	3.301310E+2	6.766900E+1	1.410000E+0
2.804000E+0	3.927949E-2	6.082265E-2	3.301310E+2	6.766900E+1	1.410000E+0
2.813000E+0	3.927949E-2	6.082265E-2	3.301310E+2	6.766900E+1	1.410000E+0
2.898000E+0	3.928050E-2	6.087236E-2	3.301310E+2	6.766900E+1	1.410000E+0
2.907000E+0	3.928050E-2	6.087236E-2	3.301310E+2	6.766900E+1	1.410000E+0
2.987000E+0	4.792004E-2	1.135816E-1	3.301310E+2	6.766900E+1	1.410000E+0
2.996000E+0	4.792004E-2	1.135816E-1	3.301310E+2	6.766900E+1	1.410000E+0
3.076000E+0	5.033149E-2	1.300962E-1	3.301310E+2	6.766900E+1	1.410000E+0
3.085000E+0	5.033149E-2	1.300962E-1	3.301310E+2	6.766900E+1	1.410000E+0
3.198000E+0	5.033370E-2	1.302759E-1	3.301310E+2	6.766900E+1	1.410000E+0
3.206000E+0	5.033370E-2	1.302759E-1	3.301310E+2	6.766900E+1	1.410000E+0
3.287000E+0	5.032608E-2	1.302910E-1	3.301310E+2	6.766900E+1	1.410000E+0
3.295000E+0	5.032608E-2	1.302910E-1	3.301310E+2	6.766900E+1	1.410000E+0
3.377000E+0	5.032728E-2	1.303056E-1	3.301310E+2	6.766900E+1	1.410000E+0
3.386000E+0	5.032728E-2	1.303056E-1	3.301310E+2	6.766900E+1	1.410000E+0
3.467000E+0	5.031986E-2	1.303643E-1	3.301310E+2	6.766900E+1	1.410000E+0
3.476000E+0	5.031986E-2	1.303643E-1	3.301310E+2	6.766900E+1	1.410000E+0
3.557000E+0	5.030904E-2	1.303628E-1	3.301310E+2	6.766900E+1	1.410000E+0
3.566000E+0	5.030904E-2	1.303628E-1	3.301310E+2	6.766900E+1	1.410000E+0
3.678000E+0	6.132675E-2	2.240956E-1	3.301310E+2	6.766900E+1	1.410000E+0
3.691000E+0	6.132675E-2	2.240956E-1	3.301310E+2	6.766900E+1	1.410000E+0
3.773000E+0	6.133658E-2	2.246977E-1	3.301310E+2	6.766900E+1	1.410000E+0
3.782000E+0	6.133658E-2	2.246977E-1	3.301310E+2	6.766900E+1	1.410000E+0
3.868000E+0	6.134279E-2	2.249181E-1	3.301310E+2	6.766900E+1	1.410000E+0
3.877000E+0	6.134279E-2	2.249181E-1	3.301310E+2	6.766900E+1	1.410000E+0
3.958000E+0	6.132836E-2	2.250171E-1	3.301310E+2	6.766900E+1	1.410000E+0
3.967000E+0	6.132836E-2	2.250171E-1	3.301310E+2	6.766900E+1	1.410000E+0
4.047000E+0	6.135001E-2	2.251341E-1	3.301310E+2	6.766900E+1	1.410000E+0
4.056000E+0	6.135001E-2	2.251341E-1	3.301310E+2	6.766900E+1	1.410000E+0
4.169000E+0	6.135302E-2	2.252254E-1	3.301310E+2	6.766900E+1	1.410000E+0
4.178000E+0	6.135302E-2	2.252254E-1	3.301310E+2	6.766900E+1	1.410000E+0
4.257000E+0	6.992921E-2	3.166073E-1	3.301310E+2	6.766900E+1	1.410000E+0
4.266000E+0	6.992921E-2	3.166073E-1	3.301310E+2	6.766900E+1	1.410000E+0
4.348000E+0	7.237434E-2	3.426137E-1	3.301310E+2	6.766900E+1	1.410000E+0
4.356000E+0	7.237434E-2	3.426137E-1	3.301310E+2	6.766900E+1	1.410000E+0
4.438000E+0	7.238797E-2	3.429195E-1	3.301310E+2	6.766900E+1	1.410000E+0
4.447000E+0	7.238797E-2	3.429195E-1	3.301310E+2	6.766900E+1	1.410000E+0
4.527000E+0	7.238637E-2	3.431459E-1	3.301310E+2	6.766900E+1	1.410000E+0
4.536000E+0	7.238637E-2	3.431459E-1	3.301310E+2	6.766900E+1	1.410000E+0
4.648000E+0	7.238457E-2	3.431831E-1	3.301310E+2	6.766900E+1	1.410000E+0
4.661000E+0	7.238457E-2	3.431831E-1	3.301310E+2	6.766900E+1	1.410000E+0
4.748000E+0	7.237995E-2	3.433478E-1	3.301310E+2	6.766900E+1	1.410000E+0
4.757000E+0	7.237995E-2	3.433478E-1	3.301310E+2	6.766900E+1	1.410000E+0
4.838000E+0	7.239078E-2	3.434497E-1	3.301310E+2	6.766900E+1	1.410000E+0
4.846000E+0	7.239078E-2	3.434497E-1	3.301310E+2	6.766900E+1	1.410000E+0
4.928000E+0	7.682373E-2	3.961223E-1	3.301310E+2	6.766900E+1	1.410000E+0
4.937000E+0	7.682373E-2	3.961223E-1	3.301310E+2	6.766900E+1	1.410000E+0
5.017000E+0	7.785764E-2	4.093203E-1	3.301310E+2	6.766900E+1	1.410000E+0
5.026000E+0	7.785764E-2	4.093203E-1	3.301310E+2	6.766900E+1	1.410000E+0
5.138000E+0	7.785964E-2	4.095322E-1	3.301310E+2	6.766900E+1	1.410000E+0
5.146000E+0	7.785964E-2	4.095322E-1	3.301310E+2	6.766900E+1	1.410000E+0
5.228000E+0	7.784821E-2	4.095869E-1	3.301310E+2	6.766900E+1	1.410000E+0
5.237000E+0	7.784821E-2	4.095869E-1	3.301310E+2	6.766900E+1	1.410000E+0
5.318000E+0	7.785864E-2	4.097773E-1	3.301310E+2	6.766900E+1	1.410000E+0
5.327000E+0	7.785864E-2	4.097773E-1	3.301310E+2	6.766900E+1	1.410000E+0
5.408000E+0	7.785864E-2	4.099605E-1	3.301310E+2	6.766900E+1	1.410000E+0
5.417000E+0	7.785864E-2	4.099605E-1	3.301310E+2	6.766900E+1	1.410000E+0
5.497000E+0	7.784882E-2	4.098275E-1	3.301310E+2	6.766900E+1	1.410000E+0
5.506000E+0	7.784882E-2	4.098275E-1	3.301310E+2	6.766900E+1	1.410000E+0
5.618000E+0	8.888417E-2	5.561822E-1	3.301310E+2	6.766900E+1	1.410000E+0
5.627000E+0	8.888417E-2	5.561822E-1	3.301310E+2	6.766900E+1	1.410000E+0
5.707000E+0	8.889159E-2	5.572597E-1	3.301310E+2	6.766900E+1	1.410000E+0
5.720000E+0	8.889159E-2	5.572597E-1	3.301310E+2	6.766900E+1	1.410000E+0
5.804000E+0	8.888397E-2	5.575610E-1	3.301310E+2	6.766900E+1	1.410000E+0
5.812000E+0	8.888397E-2	5.575610E-1	3.301310E+2	6.766900E+1	1.410000E+0
5.898000E+0	8.888858E-2	5.579341E-1	3.301310E+2	6.766900E+1	1.410000E+0
5.907000E+0	8.888858E-2	5.579341E-1	3.301310E+2	6.766900E+1	1.410000E+0
5.988000E+0	8.889520E-2	5.579818E-1	3.301310E+2	6.766900E+1	1.410000E+0
5.997000E+0	8.889520E-2	5.579818E-1	3.301310E+2	6.766900E+1	1.410000E+0
6.110000E+0	8.889159E-2	5.580481E-1	3.301310E+2	6.766900E+1	1.410000E+0
6.120000E+0	8.889159E-2	5.580481E-1	3.301310E+2	6.766900E+1	1.410000E+0
6.198000E+0	9.718470E-2	6.818239E-1	3.301310E+2	6.766900E+1	1.410000E+0
6.207000E+0	9.718470E-2	6.818239E-1	3.301310E+2	6.766900E+1	1.410000E+0
6.288000E+0	9.989848E-2	7.227321E-1	3.301310E+2	6.766900E+1	1.410000E+0
6.296000E+0	9.989848E-2	7.227321E-1	3.301310E+2	6.766900E+1	1.410000E+0
6.378000E+0	9.989467E-2	7.231287E-1	3.301310E+2	6.766900E+1	1.410000E+0
6.387000E+0	9.989467E-2	7.231287E-1	3.301310E+2	6.766900E+1	1.410000E+0
6.467000E+0	9.990229E-2	7.235355E-1	3.301310E+2	6.766900E+1	1.410000E+0
6.476000E+0	9.990229E-2	7.235355E-1	3.301310E+2	6.766900E+1	1.410000E+0
6.591000E+0	9.990249E-2	7.238498E-1	3.301310E+2	6.766900E+1	1.410000E+0
6.600000E+0	9.990249E-2	7.238498E-1	3.301310E+2	6.766900E+1	1.410000E+0
6.684000E+0	9.989086E-2	7.239839E-1	3.301310E+2	6.766900E+1	1.410000E+0
6.697000E+0	9.989086E-2	7.239839E-1	3.301310E+2	6.766900E+1	1.410000E+0
6.778000E+0	9.989608E-2	7.240306E-1	3.301310E+2	6.766900E+1	1.410000E+0
6.787000E+0	9.989608E-2	7.240306E-1	3.301310E+2	6.766900E+1	1.410000E+0
6.868000E+0	1.109258E-1	9.038312E-1	3.301310E+2	6.766900E+1	1.410000E+0
6.877000E+0	1.109258E-1	9.038312E-1	3.301310E+2	6.766900E+1	1.410000E+0
6.958000E+0	1.109451E-1	9.052126E-1	3.301310E+2	6.766900E+1	1.410000E+0
6.967000E+0	1.109451E-1	9.052126E-1	3.301310E+2	6.766900E+1	1.410000E+0
7.080000E+0	1.109296E-1	9.057373E-1	3.301310E+2	6.766900E+1	1.410000E+0
7.088000E+0	1.109296E-1	9.057373E-1	3.301310E+2	6.766900E+1	1.410000E+0
7.168000E+0	1.109360E-1	9.061691E-1	3.301310E+2	6.766900E+1	1.410000E+0
7.177000E+0	1.109360E-1	9.061691E-1	3.301310E+2	6.766900E+1	1.410000E+0
7.259000E+0	1.109395E-1	9.064087E-1	3.301310E+2	6.766900E+1	1.410000E+0
7.268000E+0	1.109395E-1	9.064087E-1	3.301310E+2	6.766900E+1	1.410000E+0
7.348000E+0	1.109439E-1	9.066427E-1	3.301310E+2	6.766900E+1	1.410000E+0
7.357000E+0	1.109439E-1	9.066427E-1	3.301310E+2	6.766900E+1	1.410000E+0
7.438000E+0	1.200461E-1	1.066779E+0	3.301310E+2	6.766900E+1	1.410000E+0
7.447000E+0	1.200461E-1	1.066779E+0	3.301310E+2	6.766900E+1	1.410000E+0
7.559000E+0	1.218992E-1	1.101226E+0	3.301310E+2	6.766900E+1	1.410000E+0
7.568000E+0	1.218992E-1	1.101226E+0	3.301310E+2	6.766900E+1	1.410000E+0
7.649000E+0	1.218938E-1	1.101924E+0	3.301310E+2	6.766900E+1	1.410000E+0
7.662000E+0	1.218938E-1	1.101924E+0	3.301310E+2	6.766900E+1	1.410000E+0
7.745000E+0	1.219026E-1	1.102398E+0	3.301310E+2	6.766900E+1	1.410000E+0
7.754000E+0	1.219026E-1	1.102398E+0	3.301310E+2	6.766900E+1	1.410000E+0
7.834000E+0	1.219060E-1	1.102638E+0	3.301310E+2	6.766900E+1	1.410000E+0
7.843000E+0	1.219060E-1	1.102638E+0	3.301310E+2	6.766900E+1	1.410000E+0
7.925000E+0	1.219048E-1	1.102838E+0	3.301310E+2	6.766900E+1	1.410000E+0
7.934000E+0	1.219048E-1	1.102838E+0	3.301310E+2	6.766900E+1	1.410000E+0
8.049000E+0	1.218958E-1	1.102936E+0	3.301310E+2	6.766900E+1	1.410000E+0
8.059000E+0	1.218958E-1	1.102936E+0	3.301310E+2	6.766900E+1	1.410000E+0
8.138000E+0	1.306613E-1	1.267155E+0	3.301310E+2	6.766900E+1	1.410000E+0
8.147000E+0	1.306613E-1	1.267155E+0	3.301310E+2	6.766900E+1	1.410000E+0
8.229000E+0	1.329416E-1	1.312242E+0	3.301310E+2	6.766900E+1	1.410000E+0
8.237000E+0	1.329416E-1	1.312242E+0	3.301310E+2	6.766900E+1	1.410000E+0
8.318000E+0	1.329488E-1	1.313276E+0	3.301310E+2	6.766900E+1	1.410000E+0
8.327000E+0	1.329488E-1	1.313276E+0	3.301310E+2	6.766900E+1	1.410000E+0
8.409000E+0	1.329472E-1	1.313536E+0	3.301310E+2	6.766900E+1	1.410000E+0
8.418000E+0	1.329472E-1	1.313536E+0	3.301310E+2	6.766900E+1	1.410000E+0
8.530000E+0	1.329466E-1	1.313698E+0	3.301310E+2	6.766900E+1	1.410000E+0
8.539000E+0	1.329466E-1	1.313698E+0	3.301310E+2	6.766900E+1	1.410000E+0
8.619000E+0	1.329436E-1	1.314199E+0	3.301310E+2	6.766900E+1	1.410000E+0
8.628000E+0	1.329436E-1	1.314199E+0	3.301310E+2	6.766900E+1	1.410000E+0
8.708000E+0	1.329408E-1	1.314236E+0	3.301310E+2	6.766900E+1	1.410000E+0
8.721000E+0	1.329408E-1	1.314236E+0	3.301310E+2	6.766900E+1	1.410000E+0
8.804000E+0	1.384524E-1	1.422687E+0	3.301310E+2	6.766900E+1	1.410000E+0
8.813000E+0	1.384524E-1	1.422687E+0	3.301310E+2	6.766900E+1	1.410000E+0
8.898000E+0	1.384688E-1	1.423937E+0	3.301310E+2	6.766900E+1	1.410000E+0
8.907000E+0	1.384688E-1	1.423937E+0	3.301310E+2	6.766900E+1	1.410000E+0
9.021000E+0	1.384724E-1	1.424307E+0	3.301310E+2	6.766900E+1	1.410000E+0
9.030000E+0	1.384724E-1	1.424307E+0	3.301310E+2	6.766900E+1	1.410000E+0
9.115000E+0	1.384616E-1	1.424630E+0	3.301310E+2	6.766900E+1	1.410000E+0
9.123000E+0	1.384616E-1	1.424630E+0	3.301310E+2	6.766900E+1	1.410000E+0
9.209000E+0	1.384646E-1	1.424729E+0	3.301310E+2	6.766900E+1	1.410000E+0
9.218000E+0	1.384646E-1	1.424729E+0	3.301310E+2	6.766900E+1	1.410000E+0
9.299000E+0	1.384642E-1	1.425056E+0	3.301310E+2	6.766900E+1	1.410000E+0
9.309000E+0	1.384642E-1	1.425056E+0	3.301310E+2	6.766900E+1	1.410000E+0
9.389000E+0	1.469879E-1	1.597968E+0	3.301310E+2	6.766900E+1	1.410000E+0
9.398000E+0	1.469879E-1	1.597968E+0	3.301310E+2	6.766900E+1	1.410000E+0
9.509000E+0	1.494769E-1	1.652069E+0	3.301310E+2	6.766900E+1	1.410000E+0
9.518000E+0	1.494769E-1	1.652069E+0	3.301310E+2	6.766900E+1	1.410000E+0
9.600000E+0	1.494813E-1	1.653327E+0	3.301310E+2	6.766900E+1	1.410000E+0
9.609000E+0	1.494813E-1	1.653327E+0	3.301310E+2	6.766900E+1	1.410000E+0
9.690000E+0	1.494683E-1	1.653821E+0	3.301310E+2	6.766900E+1	1.410000E+0
9.703000E+0	1.494683E-1	1.653821E+0	3.301310E+2	6.766900E+1	1.410000E+0
9.784000E+0	1.494831E-1	1.654112E+0	3.301310E+2	6.766900E+1	1.410000E+0
9.793000E+0	1.494831E-1	1.654112E+0	3.301310E+2	6.766900E+1	1.410000E+0
9.880000E+0	1.494747E-1	1.654224E+0	3.301310E+2	6.766900E+1	1.410000E+0
9.888000E+0	1.494747E-1	1.654224E+0	3.301310E+2	6.766900E+1	1.410000E+0
9.999000E+0	1.494749E-1	1.654609E+0	3.301310E+2	6.766900E+1	1.410000E+0
1.000800E+1	1.494749E-1	1.654609E+0	3.301310E+2	6.766900E+1	1.410000E+0
1.008800E+1	1.604960E-1	1.890413E+0	3.301310E+2	6.766900E+1	1.410000E+0
1.009700E+1	1.604960E-1	1.890413E+0	3.301310E+2	6.766900E+1	1.410000E+0
1.017900E+1	1.605052E-1	1.893448E+0	3.301310E+2	6.766900E+1	1.410000E+0
1.018800E+1	1.605052E-1	1.893448E+0	3.301310E+2	6.766900E+1	1.410000E+0
1.026900E+1	1.605129E-1	1.894286E+0	3.301310E+2	6.766900E+1	1.410000E+0
1.027800E+1	1.605129E-1	1.894286E+0	3.301310E+2	6.766900E+1	1.410000E+0
1.036000E+1	1.605157E-1	1.894944E+0	3.301310E+2	6.766900E+1	1.410000E+0
1.036900E+1	1.605157E-1	1.894944E+0	3.301310E+2	6.766900E+1	1.410000E+0
1.048100E+1	1.605159E-1	1.895294E+0	3.301310E+2	6.766900E+1	1.410000E+0
1.048900E+1	1.605159E-1	1.895294E+0	3.301310E+2	6.766900E+1	1.410000E+0
1.056900E+1	1.605225E-1	1.895373E+0	3.301310E+2	6.766900E+1	1.410000E+0
1.057800E+1	1.605225E-1	1.895373E+0	3.301310E+2	6.766900E+1	1.410000E+0
1.065900E+1	1.695345E-1	2.095812E+0	3.301310E+2	6.766900E+1	1.410000E+0
1.067200E+1	1.695345E-1	2.095812E+0	3.301310E+2	6.766900E+1	1.410000E+0
1.075500E+1	1.714819E-1	2.143405E+0	3.301310E+2	6.766900E+1	1.410000E+0
1.076500E+1	1.714819E-1	2.143405E+0	3.301310E+2	6.766900E+1	1.410000E+0
1.084900E+1	1.714967E-1	2.144522E+0	3.301310E+2	6.766900E+1	1.410000E+0
1.085800E+1	1.714967E-1	2.144522E+0	3.301310E+2	6.766900E+1	1.410000E+0
1.097100E+1	1.714879E-1	2.145021E+0	3.301310E+2	6.766900E+1	1.410000E+0
1.097900E+1	1.714879E-1	2.145021E+0	3.301310E+2	6.766900E+1	1.410000E+0
1.105900E+1	1.714997E-1	2.145532E+0	3.301310E+2	6.766900E+1	1.410000E+0
1.106800E+1	1.714997E-1	2.145532E+0	3.301310E+2	6.766900E+1	1.410000E+0
1.114900E+1	1.714935E-1	2.146176E+0	3.301310E+2	6.766900E+1	1.410000E+0
1.115800E+1	1.714935E-1	2.146176E+0	3.301310E+2	6.766900E+1	1.410000E+0
1.124000E+1	1.715061E-1	2.146404E+0	3.301310E+2	6.766900E+1	1.410000E+0
1.124900E+1	1.715061E-1	2.146404E+0	3.301310E+2	6.766900E+1	1.410000E+0
1.132900E+1	1.798165E-1	2.337867E+0	3.301310E+2	6.766900E+1	1.410000E+0
1.133800E+1	1.798165E-1	2.337867E+0	3.301310E+2	6.766900E+1	1.410000E+0
1.145100E+1	1.825453E-1	2.405376E+0	3.301310E+2	6.766900E+1	1.410000E+0
1.145900E+1	1.825453E-1	2.405376E+0	3.301310E+2	6.766900E+1	1.410000E+0
1.153900E+1	1.825499E-1	2.407023E+0	3.301310E+2	6.766900E+1	1.410000E+0
1.154800E+1	1.825499E-1	2.407023E+0	3.301310E+2	6.766900E+1	1.410000E+0
1.163000E+1	1.825423E-1	2.407411E+0	3.301310E+2	6.766900E+1	1.410000E+0
1.164200E+1	1.825423E-1	2.407411E+0	3.301310E+2	6.766900E+1	1.410000E+0
1.172600E+1	1.825393E-1	2.407791E+0	3.301310E+2	6.766900E+1	1.410000E+0
1.173400E+1	1.825393E-1	2.407791E+0	3.301310E+2	6.766900E+1	1.410000E+0
1.181600E+1	1.825461E-1	2.407910E+0	3.301310E+2	6.766900E+1	1.410000E+0
1.182500E+1	1.825461E-1	2.407910E+0	3.301310E+2	6.766900E+1	1.410000E+0
1.194300E+1	1.825492E-1	2.407863E+0	3.301310E+2	6.766900E+1	1.410000E+0
1.195300E+1	1.825492E-1	2.407863E+0	3.301310E+2	6.766900E+1	1.410000E+0
1.203600E+1	1.880082E-1	2.538678E+0	3.301310E+2	6.766900E+1	1.410000E+0
1.204400E+1	1.880082E-1	2.538678E+0	3.301310E+2	6.766900E+1	1.410000E+0
1.213000E+1	1.880281E-1	2.540404E+0	3.301310E+2	6.766900E+1	1.410000E+0
1.213900E+1	1.880281E-1	2.540404E+0	3.301310E+2	6.766900E+1	1.410000E+0
1.222000E+1	1.880343E-1	2.540767E+0	3.301310E+2	6.766900E+1	1.410000E+0
1.222900E+1	1.880343E-1	2.540767E+0	3.301310E+2	6.766900E+1	1.410000E+0
1.231000E+1	1.880395E-1	2.539924E+0	3.301310E+2	6.766900E+1	1.410000E+0
1.231900E+1	1.880395E-1	2.539924E+0	3.301310E+2	6.766900E+1	1.410000E+0
1.243200E+1	1.880229E-1	2.540008E+0	3.301310E+2	6.766900E+1	1.410000E+0
1.244100E+1	1.880229E-1	2.540008E+0	3.301310E+2	6.766900E+1	1.410000E+0
1.252000E+1	1.880381E-1	2.540546E+0	3.301310E+2	6.766900E+1	1.410000E+0
1.252900E+1	1.880381E-1	2.540546E+0	3.301310E+2	6.766900E+1	1.410000E+0
1.261000E+1	1.969429E-1	2.756409E+0	3.301310E+2	6.766900E+1	1.410000E+0
1.261900E+1	1.969429E-1	2.756409E+0	3.301310E+2	6.766900E+1	1.410000E+0
1.270000E+1	1.990648E-1	2.812884E+0	3.301310E+2	6.766900E+1	1.410000E+0
1.271400E+1	1.990648E-1	2.812884E+0	3.301310E+2	6.766900E+1	1.410000E+0
1.279600E+1	1.990799E-1	2.814284E+0	3.301310E+2	6.766900E+1	1.410000E+0
1.280500E+1	1.990799E-1	2.814284E+0	3.301310E+2	6.766900E+1	1.410000E+0
1.291800E+1	1.990769E-1	2.815219E+0	3.301310E+2	6.766900E+1	1.410000E+0
1.292700E+1	1.990769E-1	2.815219E+0	3.301310E+2	6.766900E+1	1.410000E+0
1.301000E+1	1.990839E-1	2.815695E+0	3.301310E+2	6.766900E+1	1.410000E+0
1.301900E+1	1.990839E-1	2.815695E+0	3.301310E+2	6.766900E+1	1.410000E+0
1.310100E+1	1.990825E-1	2.816023E+0	3.301310E+2	6.766900E+1	1.410000E+0
1.311100E+1	1.990825E-1	2.816023E+0	3.301310E+2	6.766900E+1	1.410000E+0
1.319100E+1	1.990711E-1	2.815950E+0	3.301310E+2	6.766900E+1	1.410000E+0
1.320000E+1	1.990711E-1	2.815950E+0	3.301310E+2	6.766900E+1	1.410000E+0
1.328000E+1	2.100142E-1	3.090667E+0	3.301310E+2	6.766900E+1	1.410000E+0
1.328900E+1	2.100142E-1	3.090667E+0	3.301310E+2	6.766900E+1	1.410000E+0
1.340100E+1	2.100072E-1	3.095140E+0	3.301310E+2	6.766900E+1	1.410000E+0
1.341000E+1	2.100072E-1	3.095140E+0	3.301310E+2	6.766900E+1	1.410000E+0
1.349000E+1	2.100104E-1	3.094984E+0	3.301310E+2	6.766900E+1	1.410000E+0
1.349900E+1	2.100104E-1	3.094984E+0	3.301310E+2	6.766900E+1	1.410000E+0
1.358000E+1	2.099932E-1	3.092257E+0	3.301310E+2	6.766900E+1	1.410000E+0
1.358900E+1	2.099932E-1	3.092257E+0	3.301310E+2	6.766900E+1	1.410000E+0
1.367100E+1	2.100054E-1	3.086660E+0	3.301310E+2	6.766900E+1	1.410000E+0
1.368400E+1	2.100054E-1	3.086660E+0	3.301310E+2	6.766900E+1	1.410000E+0
1.376700E+1	2.100040E-1	3.077849E+0	3.301310E+2	6.766900E+1	1.410000E+0
1.377500E+1	2.100040E-1	3.077849E+0	3.301310E+2	6.766900E+1	1.410000E+0
1.389200E+1	2.197961E-1	3.324313E+0	3.301310E+2	6.766900E+1	1.410000E+0
1.390000E+1	2.197961E-1	3.324313E+0	3.301310E+2	6.766900E+1	1.410000E+0
1.398100E+1	2.210389E-1	3.353786E+0	3.301310E+2	6.766900E+1	1.410000E+0
1.399000E+1	2.210389E-1	3.353786E+0	3.301310E+2	6.766900E+1	1.410000E+0
1.407000E+1	2.210317E-1	3.352084E+0	3.301310E+2	6.766900E+1	1.410000E+0
1.407900E+1	2.210317E-1	3.352084E+0	3.301310E+2	6.766900E+1	1.410000E+0
1.416200E+1	2.210261E-1	3.351529E+0	3.301310E+2	6.766900E+1	1.410000E+0
1.417100E+1	2.210261E-1	3.351529E+0	3.301310E+2	6.766900E+1	1.410000E+0
1.425100E+1	2.210299E-1	3.351450E+0	3.301310E+2	6.766900E+1	1.410000E+0
1.426000E+1	2.210299E-1	3.351450E+0	3.301310E+2	6.766900E+1	1.410000E+0
1.437200E+1	2.210333E-1	3.351844E+0	3.301310E+2	6.766900E+1	1.410000E+0
1.438100E+1	2.210333E-1	3.351844E+0	3.301310E+2	6.766900E+1	1.410000E+0
1.446100E+1	2.210319E-1	3.351494E+0	3.301310E+2	6.766900E+1	1.410000E+0
1.447000E+1	2.210319E-1	3.351494E+0	3.301310E+2	6.766900E+1	1.410000E+0
1.455200E+1	2.320428E-1	3.639251E+0	3.301310E+2	6.766900E+1	1.410000E+0
1.456100E+1	2.320428E-1	3.639251E+0	3.301310E+2	6.766900E+1	1.410000E+0
1.464100E+1	2.320466E-1	3.641883E+0	3.301310E+2	6.766900E+1	1.410000E+0
1.465400E+1	2.320466E-1	3.641883E+0	3.301310E+2	6.766900E+1	1.410000E+0
1.473700E+1	2.320525E-1	3.642649E+0	3.301310E+2	6.766900E+1	1.410000E+0
1.474600E+1	2.320525E-1	3.642649E+0	3.301310E+2	6.766900E+1	1.410000E+0
1.486300E+1	2.320454E-1	3.642632E+0	3.301310E+2	6.766900E+1	1.410000E+0
1.487000E+1	2.320454E-1	3.642632E+0	3.301310E+2	6.766900E+1	1.410000E+0
1.495100E+1	2.320567E-1	3.642961E+0	3.301310E+2	6.766900E+1	1.410000E+0
1.495900E+1	2.320567E-1	3.642961E+0	3.301310E+2	6.766900E+1	1.410000E+0
1.504200E+1	2.320454E-1	3.642565E+0	3.301310E+2	6.766900E+1	1.410000E+0
1.505100E+1	2.320454E-1	3.642565E+0	3.301310E+2	6.766900E+1	1.410000E+0
1.513100E+1	2.320460E-1	3.643035E+0	3.301310E+2	6.766900E+1	1.410000E+0
1.513900E+1	2.320460E-1	3.643035E+0	3.301310E+2	6.766900E+1	1.410000E+0
1.522200E+1	2.367785E-1	3.768075E+0	3.301310E+2	6.766900E+1	1.410000E+0
1.523100E+1	2.367785E-1	3.768075E+0	3.301310E+2	6.766900E+1	1.410000E+0
1.534300E+1	2.375756E-1	3.790568E+0	3.301310E+2	6.766900E+1	1.410000E+0
1.535200E+1	2.375756E-1	3.790568E+0	3.301310E+2	6.766900E+1	1.410000E+0
1.543200E+1	2.375716E-1	3.791515E+0	3.301310E+2	6.766900E+1	1.410000E+0
1.544000E+1	2.375716E-1	3.791515E+0	3.301310E+2	6.766900E+1	1.410000E+0
1.552200E+1	2.375634E-1	3.791004E+0	3.301310E+2	6.766900E+1	1.410000E+0
1.553100E+1	2.375634E-1	3.791004E+0	3.301310E+2	6.766900E+1	1.410000E+0
1.561100E+1	2.375528E-1	3.791205E+0	3.301310E+2	6.766900E+1	1.410000E+0
1.562000E+1	2.375528E-1	3.791205E+0	3.301310E+2	6.766900E+1	1.410000E+0
1.570200E+1	2.375692E-1	3.791701E+0	3.301310E+2	6.766900E+1	1.410000E+0
1.571500E+1	2.375692E-1	3.791701E+0	3.301310E+2	6.766900E+1	1.410000E+0
1.582900E+1	2.460380E-1	4.086717E+0	3.301310E+2	6.766900E+1	1.410000E+0
1.583700E+1	2.460380E-1	4.086717E+0	3.301310E+2	6.766900E+1	1.410000E+0
1.592200E+1	2.486146E-1	4.091956E+0	3.301310E+2	6.766900E+1	1.410000E+0
1.593100E+1	2.486146E-1	4.091956E+0	3.301310E+2	6.766900E+1	1.410000E+0
1.601100E+1	2.486186E-1	4.093096E+0	3.301310E+2	6.766900E+1	1.410000E+0
1.602000E+1	2.486186E-1	4.093096E+0	3.301310E+2	6.766900E+1	1.410000E+0
1.610200E+1	2.486260E-1	4.093127E+0	3.301310E+2	6.766900E+1	1.410000E+0
1.611100E+1	2.486260E-1	4.093127E+0	3.301310E+2	6.766900E+1	1.410000E+0
1.619200E+1	2.486198E-1	4.093348E+0	3.301310E+2	6.766900E+1	1.410000E+0
1.620100E+1	2.486198E-1	4.093348E+0	3.301310E+2	6.766900E+1	1.410000E+0
1.631500E+1	2.486218E-1	4.093119E+0	3.301310E+2	6.766900E+1	1.410000E+0
1.632500E+1	2.486218E-1	4.093119E+0	3.301310E+2	6.766900E+1	1.410000E+0
1.640100E+1	2.486267E-1	4.093975E+0	3.301310E+2	6.766900E+1	1.410000E+0
1.640900E+1	2.486267E-1	4.093975E+0	3.301310E+2	6.766900E+1	1.410000E+0
1.649200E+1	2.596087E-1	4.397259E+0	3.301310E+2	6.766900E+1	1.410000E+0
1.650100E+1	2.596087E-1	4.397259E+0	3.301310E+2	6.766900E+1	1.410000E+0
1.658100E+1	2.596107E-1	4.399806E+0	3.301310E+2	6.766900E+1	1.410000E+0
1.659000E+1	2.596107E-1	4.399806E+0	3.301310E+2	6.766900E+1	1.410000E+0
1.667200E+1	2.596179E-1	4.398360E+0	3.301310E+2	6.766900E+1	1.410000E+0
1.668500E+1	2.596179E-1	4.398360E+0	3.301310E+2	6.766900E+1	1.410000E+0
1.679900E+1	2.596213E-1	4.399028E+0	3.301310E+2	6.766900E+1	1.410000E+0
1.680700E+1	2.596213E-1	4.399028E+0	3.301310E+2	6.766900E+1	1.410000E+0
1.689200E+1	2.596237E-1	4.399115E+0	3.301310E+2	6.766900E+1	1.410000E+0
1.690100E+1	2.596237E-1	4.399115E+0	3.301310E+2	6.766900E+1	1.410000E+0
1.698200E+1	2.596195E-1	4.399679E+0	3.301310E+2	6.766900E+1	1.410000E+0
1.699100E+1	2.596195E-1	4.399679E+0	3.301310E+2	6.766900E+1	1.410000E+0
1.707200E+1	2.657536E-1	4.570700E+0	3.301310E+2	6.766900E+1	1.410000E+0
1.708100E+1	2.657536E-1	4.570700E+0	3.301310E+2	6.766900E+1	1.410000E+0
1.716200E+1	2.706457E-1	4.711522E+0	3.301310E+2	6.766900E+1	1.410000E+0
1.717100E+1	2.706457E-1	4.711522E+0	3.301310E+2	6.766900E+1	1.410000E+0
1.728300E+1	2.706619E-1	4.712826E+0	3.301310E+2	6.766900E+1	1.410000E+0
1.729200E+1	2.706619E-1	4.712826E+0	3.301310E+2	6.766900E+1	1.410000E+0
1.737300E+1	2.706569E-1	4.712501E+0	3.301310E+2	6.766900E+1	1.410000E+0
1.738100E+1	2.706569E-1	4.712501E+0	3.301310E+2	6.766900E+1	1.410000E+0
1.746300E+1	2.706603E-1	4.712745E+0	3.301310E+2	6.766900E+1	1.410000E+0
1.747200E+1	2.706603E-1	4.712745E+0	3.301310E+2	6.766900E+1	1.410000E+0
1.755300E+1	2.706438E-1	4.711983E+0	3.301310E+2	6.766900E+1	1.410000E+0
1.756200E+1	2.706438E-1	4.711983E+0	3.301310E+2	6.766900E+1	1.410000E+0
1.764300E+1	2.706573E-1	4.708081E+0	3.301310E+2	6.766900E+1	1.410000E+0
1.765600E+1	2.706573E-1	4.708081E+0	3.301310E+2	6.766900E+1	1.410000E+0
1.776900E+1	2.816788E-1	5.021738E+0	3.301310E+2	6.766900E+1	1.410000E+0
1.777800E+1	2.816788E-1	5.021738E+0	3.301310E+2	6.766900E+1	1.410000E+0
1.786200E+1	2.816804E-1	5.022262E+0	3.301310E+2	6.766900E+1	1.410000E+0
1.787100E+1	2.816804E-1	5.022262E+0	3.301310E+2	6.766900E+1	1.410000E+0
1.795200E+1	2.816760E-1	5.022285E+0	3.301310E+2	6.766900E+1	1.410000E+0
1.796100E+1	2.816760E-1	5.022285E+0	3.301310E+2	6.766900E+1	1.410000E+0
1.804200E+1	2.816810E-1	5.022216E+0	3.301310E+2	6.766900E+1	1.410000E+0
1.805100E+1	2.816810E-1	5.022216E+0	3.301310E+2	6.766900E+1	1.410000E+0
1.813200E+1	2.816662E-1	5.022064E+0	3.301310E+2	6.766900E+1	1.410000E+0
1.814100E+1	2.816662E-1	5.022064E+0	3.301310E+2	6.766900E+1	1.410000E+0
1.825300E+1	2.816740E-1	5.022402E+0	3.301310E+2	6.766900E+1	1.410000E+0
1.826200E+1	2.816740E-1	5.022402E+0	3.301310E+2	6.766900E+1	1.410000E+0
1.834200E+1	2.816914E-1	5.022612E+0	3.301310E+2	6.766900E+1	1.410000E+0
1.835100E+1	2.816914E-1	5.022612E+0	3.301310E+2	6.766900E+1	1.410000E+0
1.843300E+1	2.927192E-1	5.343525E+0	3.301310E+2	6.766900E+1	1.410000E+0
1.844100E+1	2.927192E-1	5.343525E+0	3.301310E+2	6.766900E+1	1.410000E+0
1.852200E+1	2.927354E-1	5.345634E+0	3.301310E+2	6.766900E+1	1.410000E+0
1.853100E+1	2.927354E-1	5.345634E+0	3.301310E+2	6.766900E+1	1.410000E+0
1.861300E+1	2.927308E-1	5.346420E+0	3.301310E+2	6.766900E+1	1.410000E+0
1.862200E+1	2.927308E-1	5.346420E+0	3.301310E+2	6.766900E+1	1.410000E+0
1.873500E+1	2.927400E-1	5.346403E+0	3.301310E+2	6.766900E+1	1.410000E+0
1.874800E+1	2.927400E-1	5.346403E+0	3.301310E+2	6.766900E+1	1.410000E+0
1.883200E+1	2.927352E-1	5.345657E+0	3.301310E+2	6.766900E+1	1.410000E+0
1.884000E+1	2.927352E-1	5.345657E+0	3.301310E+2	6.766900E+1	1.410000E+0
1.892300E+1	2.927338E-1	5.346384E+0	3.301310E+2	6.766900E+1	1.410000E+0
1.893200E+1	2.927338E-1	5.346384E+0	3.301310E+2	6.766900E+1	1.410000E+0
1.901200E+1	2.973895E-1	5.481497E+0	3.301310E+2	6.766900E+1	1.410000E+0
1.902100E+1	2.973895E-1	5.481497E+0	3.301310E+2	6.766900E+1	1.410000E+0
1.910200E+1	2.983895E-1	5.513119E+0	3.301310E+2	6.766900E+1	1.410000E+0
1.911100E+1	2.983895E-1	5.513119E+0	3.301310E+2	6.766900E+1	1.410000E+0
1.922300E+1	2.983897E-1	5.513302E+0	3.301310E+2	6.766900E+1	1.410000E+0
1.923200E+1	2.983897E-1	5.513302E+0	3.301310E+2	6.766900E+1	1.410000E+0
1.931300E+1	2.983861E-1	5.512786E+0	3.301310E+2	6.766900E+1	1.410000E+0
1.932200E+1	2.983861E-1	5.512786E+0	3.301310E+2	6.766900E+1	1.410000E+0
1.940300E+1	2.983891E-1	5.513252E+0	3.301310E+2	6.766900E+1	1.410000E+0
1.941200E+1	2.983891E-1	5.513252E+0	3.301310E+2	6.766900E+1	1.410000E+0
1.949300E+1	2.983849E-1	5.513313E+0	3.301310E+2	6.766900E+1	1.410000E+0
1.950200E+1	2.983849E-1	5.513313E+0	3.301310E+2	6.766900E+1	1.410000E+0
1.958200E+1	2.983966E-1	5.513321E+0	3.301310E+2	6.766900E+1	1.410000E+0
1.959200E+1	2.983966E-1	5.513321E+0	3.301310E+2	6.766900E+1	1.410000E+0
1.970400E+1	3.094572E-1	5.841743E+0	3.301310E+2	6.766900E+1	1.410000E+0
1.971700E+1	3.094572E-1	5.841743E+0	3.301310E+2	6.766900E+1	1.410000E+0
1.979900E+1	3.094642E-1	5.844805E+0	3.301310E+2	6.766900E+1	1.410000E+0
1.980800E+1	3.094642E-1	5.844805E+0	3.301310E+2	6.766900E+1	1.410000E+0
1.989300E+1	3.094566E-1	5.845063E+0	3.301310E+2	6.766900E+1	1.410000E+0
1.990200E+1	3.094566E-1	5.845063E+0	3.301310E+2	6.766900E+1	1.410000E+0
1.998400E+1	3.094694E-1	5.844647E+0	3.301310E+2	6.766900E+1	1.410000E+0
1.999300E+1	3.094694E-1	5.844647E+0	3.301310E+2	6.766900E+1	1.410000E+0
2.007400E+1	3.094684E-1	5.844851E+0	3.301310E+2	6.766900E+1	1.410000E+0
2.008300E+1	3.094684E-1	5.844851E+0	3.301310E+2	6.766900E+1	1.410000E+0
2.019500E+1	3.094642E-1	5.845139E+0	3.301310E+2	6.766900E+1	1.410000E+0
2.020400E+1	3.094642E-1	5.845139E+0	3.301310E+2	6.766900E+1	1.410000E+0
2.028300E+1	3.175917E-1	6.088582E+0	3.301310E+2	6.766900E+1	1.410000E+0
2.029200E+1	3.175917E-1	6.088582E+0	3.301310E+2	6.766900E+1	1.410000E+0
2.037400E+1	3.205018E-1	6.180333E+0	3.301310E+2	6.766900E+1	1.410000E+0
2.038300E+1	3.205018E-1	6.180333E+0	3.301310E+2	6.766900E+1	1.410000E+0
2.046400E+1	3.205036E-1	6.180957E+0	3.301310E+2	6.766900E+1	1.410000E+0
2.047300E+1	3.205036E-1	6.180957E+0	3.301310E+2	6.766900E+1	1.410000E+0
2.055400E+1	3.205126E-1	6.180804E+0	3.301310E+2	6.766900E+1	1.410000E+0
2.056300E+1	3.205126E-1	6.180804E+0	3.301310E+2	6.766900E+1	1.410000E+0
2.067400E+1	3.205132E-1	6.180589E+0	3.301310E+2	6.766900E+1	1.410000E+0
2.068800E+1	3.205132E-1	6.180589E+0	3.301310E+2	6.766900E+1	1.410000E+0
2.077000E+1	3.205074E-1	6.180639E+0	3.301310E+2	6.766900E+1	1.410000E+0
2.077900E+1	3.205074E-1	6.180639E+0	3.301310E+2	6.766900E+1	1.410000E+0
2.086100E+1	3.205050E-1	6.180283E+0	3.301310E+2	6.766900E+1	1.410000E+0
2.087000E+1	3.205050E-1	6.180283E+0	3.301310E+2	6.766900E+1	1.410000E+0
2.095400E+1	3.315528E-1	6.518786E+0	3.301310E+2	6.766900E+1	1.410000E+0
2.096300E+1	3.315528E-1	6.518786E+0	3.301310E+2	6.766900E+1	1.410000E+0
2.104400E+1	3.315548E-1	6.519396E+0	3.301310E+2	6.766900E+1	1.410000E+0
2.105300E+1	3.315548E-1	6.519396E+0	3.301310E+2	6.766900E+1	1.410000E+0
2.116500E+1	3.315544E-1	6.519408E+0	3.301310E+2	6.766900E+1	1.410000E+0
2.117500E+1	3.315544E-1	6.519408E+0	3.301310E+2	6.766900E+1	1.410000E+0
2.125400E+1	3.315584E-1	6.519967E+0	3.301310E+2	6.766900E+1	1.410000E+0
2.126200E+1	3.315584E-1	6.519967E+0	3.301310E+2	6.766900E+1	1.410000E+0
2.134400E+1	3.315674E-1	6.519750E+0	3.301310E+2	6.766900E+1	1.410000E+0
2.135300E+1	3.315674E-1	6.519750E+0	3.301310E+2	6.766900E+1	1.410000E+0
2.143400E+1	3.315552E-1	6.519284E+0	3.301310E+2	6.766900E+1	1.410000E+0
2.144300E+1	3.315552E-1	6.519284E+0	3.301310E+2	6.766900E+1	1.410000E+0
2.152400E+1	3.315554E-1	6.519738E+0	3.301310E+2	6.766900E+1	1.410000E+0
2.153300E+1	3.315554E-1	6.519738E+0	3.301310E+2	6.766900E+1	1.410000E+0
2.164700E+1	3.425347E-1	6.858212E+0	3.301310E+2	6.766900E+1	1.410000E+0
2.166000E+1	3.425347E-1	6.858212E+0	3.301310E+2	6.766900E+1	1.410000E+0
2.174400E+1	3.425576E-1	6.859070E+0	3.301310E+2	6.766900E+1	1.410000E+0
2.175400E+1	3.425576E-1	6.859070E+0	3.301310E+2	6.766900E+1	1.410000E+0
2.183400E+1	3.425496E-1	6.859074E+0	3.301310E+2	6.766900E+1	1.410000E+0
2.184300E+1	3.425496E-1	6.859074E+0	3.301310E+2	6.766900E+1	1.410000E+0
2.192400E+1	3.425424E-1	6.857109E+0	3.301310E+2	6.766900E+1	1.410000E+0
2.193300E+1	3.425424E-1	6.857109E+0	3.301310E+2	6.766900E+1	1.410000E+0
2.201500E+1	3.425374E-1	6.856880E+0	3.301310E+2	6.766900E+1	1.410000E+0
2.202300E+1	3.425374E-1	6.856880E+0	3.301310E+2	6.766900E+1	1.410000E+0
2.213600E+1	3.425444E-1	6.856159E+0	3.301310E+2	6.766900E+1	1.410000E+0
2.214500E+1	3.425444E-1	6.856159E+0	3.301310E+2	6.766900E+1	1.410000E+0
2.222500E+1	3.462814E-1	6.972070E+0	3.301310E+2	6.766900E+1	1.410000E+0
2.223400E+1	3.462814E-1	6.972070E+0	3.301310E+2	6.766900E+1	1.410000E+0
2.231500E+1	3.480732E-1	7.029534E+0	3.301310E+2	6.766900E+1	1.410000E+0
2.232400E+1	3.480732E-1	7.029534E+0	3.301310E+2	6.766900E+1	1.410000E+0
2.240500E+1	3.480798E-1	7.029311E+0	3.301310E+2	6.766900E+1	1.410000E+0
2.241300E+1	3.480798E-1	7.029311E+0	3.301310E+2	6.766900E+1	1.410000E+0
2.249500E+1	3.480762E-1	7.028719E+0	3.301310E+2	6.766900E+1	1.410000E+0
2.250400E+1	3.480762E-1	7.028719E+0	3.301310E+2	6.766900E+1	1.410000E+0
2.261600E+1	3.480676E-1	7.028081E+0	3.301310E+2	6.766900E+1	1.410000E+0
2.262400E+1	3.480676E-1	7.028081E+0	3.301310E+2	6.766900E+1	1.410000E+0
2.270500E+1	3.480716E-1	7.025247E+0	3.301310E+2	6.766900E+1	1.410000E+0
2.271800E+1	3.480716E-1	7.025247E+0	3.301310E+2	6.766900E+1	1.410000E+0
2.280000E+1	3.480726E-1	7.026234E+0	3.301310E+2	6.766900E+1	1.410000E+0
2.280900E+1	3.480726E-1	7.026234E+0	3.301310E+2	6.766900E+1	1.410000E+0
2.289500E+1	3.590975E-1	7.373065E+0	3.301310E+2	6.766900E+1	1.410000E+0
2.290400E+1	3.590975E-1	7.373065E+0	3.301310E+2	6.766900E+1	1.410000E+0
2.298500E+1	3.591071E-1	7.374188E+0	3.301310E+2	6.766900E+1	1.410000E+0
2.299300E+1	3.591071E-1	7.374188E+0	3.301310E+2	6.766900E+1	1.410000E+0
2.310600E+1	3.591113E-1	7.374885E+0	3.301310E+2	6.766900E+1	1.410000E+0
2.311500E+1	3.591113E-1	7.374885E+0	3.301310E+2	6.766900E+1	1.410000E+0
2.319600E+1	3.591053E-1	7.374903E+0	3.301310E+2	6.766900E+1	1.410000E+0
2.320500E+1	3.591053E-1	7.374903E+0	3.301310E+2	6.766900E+1	1.410000E+0
2.328500E+1	3.591059E-1	7.374522E+0	3.301310E+2	6.766900E+1	1.410000E+0
2.329400E+1	3.591059E-1	7.374522E+0	3.301310E+2	6.766900E+1	1.410000E+0
2.337500E+1	3.591079E-1	7.374484E+0	3.301310E+2	6.766900E+1	1.410000E+0
2.338400E+1	3.591079E-1	7.374484E+0	3.301310E+2	6.766900E+1	1.410000E+0
2.346600E+1	3.680051E-1	7.655950E+0	3.301310E+2	6.766900E+1	1.410000E+0
2.347500E+1	3.680051E-1	7.655950E+0	3.301310E+2	6.766900E+1	1.410000E+0
2.358600E+1	3.701130E-1	7.725016E+0	3.301310E+2	6.766900E+1	1.410000E+0
2.359400E+1	3.701130E-1	7.725016E+0	3.301310E+2	6.766900E+1	1.410000E+0
2.367600E+1	3.701144E-1	7.724454E+0	3.301310E+2	6.766900E+1	1.410000E+0
2.369000E+1	3.701144E-1	7.724454E+0	3.301310E+2	6.766900E+1	1.410000E+0
2.377200E+1	3.701136E-1	7.724950E+0	3.301310E+2	6.766900E+1	1.410000E+0
2.378100E+1	3.701136E-1	7.724950E+0	3.301310E+2	6.766900E+1	1.410000E+0
2.386600E+1	3.701204E-1	7.724399E+0	3.301310E+2	6.766900E+1	1.410000E+0
2.387500E+1	3.701204E-1	7.724399E+0	3.301310E+2	6.766900E+1	1.410000E+0
2.395500E+1	3.701138E-1	7.724073E+0	3.301310E+2	6.766900E+1	1.410000E+0
2.396400E+1	3.701138E-1	7.724073E+0	3.301310E+2	6.766900E+1	1.410000E+0
2.407600E+1	3.701086E-1	7.723582E+0	3.301310E+2	6.766900E+1	1.410000E+0
2.408600E+1	3.701086E-1	7.723582E+0	3.301310E+2	6.766900E+1	1.410000E+0
2.416500E+1	3.785102E-1	7.991201E+0	3.301310E+2	6.766900E+1	1.410000E+0
2.417400E+1	3.785102E-1	7.991201E+0	3.301310E+2	6.766900E+1	1.410000E+0
2.425600E+1	3.811322E-1	8.076854E+0	3.301310E+2	6.766900E+1	1.410000E+0
2.426400E+1	3.811322E-1	8.076854E+0	3.301310E+2	6.766900E+1	1.410000E+0
2.434500E+1	3.811239E-1	8.076704E+0	3.301310E+2	6.766900E+1	1.410000E+0
2.435400E+1	3.811239E-1	8.076704E+0	3.301310E+2	6.766900E+1	1.410000E+0
2.443600E+1	3.811173E-1	8.075918E+0	3.301310E+2	6.766900E+1	1.410000E+0
2.444500E+1	3.811173E-1	8.075918E+0	3.301310E+2	6.766900E+1	1.410000E+0
2.455700E+1	3.811293E-1	8.075299E+0	3.301310E+2	6.766900E+1	1.410000E+0
2.456600E+1	3.811293E-1	8.075299E+0	3.301310E+2	6.766900E+1	1.410000E+0
2.464500E+1	3.811273E-1	8.075435E+0	3.301310E+2	6.766900E+1	1.410000E+0
2.465800E+1	3.811273E-1	8.075435E+0	3.301310E+2	6.766900E+1	1.410000E+0
2.474200E+1	3.811241E-1	8.074367E+0	3.301310E+2	6.766900E+1	1.410000E+0
2.475000E+1	3.811241E-1	8.074367E+0	3.301310E+2	6.766900E+1	1.410000E+0
2.483600E+1	3.920420E-1	8.428230E+0	3.301310E+2	6.766900E+1	1.410000E+0
2.484500E+1	3.920420E-1	8.428230E+0	3.301310E+2	6.766900E+1	1.410000E+0
2.492600E+1	3.920532E-1	8.430078E+0	3.301310E+2	6.766900E+1	1.410000E+0
2.493500E+1	3.920532E-1	8.430078E+0	3.301310E+2	6.766900E+1	1.410000E+0
2.504700E+1	3.920548E-1	8.429933E+0	3.301310E+2	6.766900E+1	1.410000E+0
2.505600E+1	3.920548E-1	8.429933E+0	3.301310E+2	6.766900E+1	1.410000E+0
2.513700E+1	3.920572E-1	8.430379E+0	3.301310E+2	6.766900E+1	1.410000E+0
2.514600E+1	3.920572E-1	8.430379E+0	3.301310E+2	6.766900E+1	1.410000E+0
2.522600E+1	3.920550E-1	8.429894E+0	3.301310E+2	6.766900E+1	1.410000E+0
2.523500E+1	3.920550E-1	8.429894E+0	3.301310E+2	6.766900E+1	1.410000E+0
2.531700E+1	3.920492E-1	8.429604E+0	3.301310E+2	6.766900E+1	1.410000E+0
2.532700E+1	3.920492E-1	8.429604E+0	3.301310E+2	6.766900E+1	1.410000E+0
2.540500E+1	4.006409E-1	8.711031E+0	3.301310E+2	6.766900E+1	1.410000E+0
2.541400E+1	4.006409E-1	8.711031E+0	3.301310E+2	6.766900E+1	1.410000E+0
2.552800E+1	4.030944E-1	8.792451E+0	3.301310E+2	6.766900E+1	1.410000E+0
2.553700E+1	4.030944E-1	8.792451E+0	3.301310E+2	6.766900E+1	1.410000E+0
2.561600E+1	4.030894E-1	8.792369E+0	3.301310E+2	6.766900E+1	1.410000E+0
2.562400E+1	4.030894E-1	8.792369E+0	3.301310E+2	6.766900E+1	1.410000E+0
2.570600E+1	4.030850E-1	8.791739E+0	3.301310E+2	6.766900E+1	1.410000E+0
2.571900E+1	4.030850E-1	8.791739E+0	3.301310E+2	6.766900E+1	1.410000E+0
2.580300E+1	4.030920E-1	8.792194E+0	3.301310E+2	6.766900E+1	1.410000E+0
2.581200E+1	4.030920E-1	8.792194E+0	3.301310E+2	6.766900E+1	1.410000E+0
2.589700E+1	4.030962E-1	8.792000E+0	3.301310E+2	6.766900E+1	1.410000E+0
2.590600E+1	4.030962E-1	8.792000E+0	3.301310E+2	6.766900E+1	1.410000E+0
2.601900E+1	4.030982E-1	8.792153E+0	3.301310E+2	6.766900E+1	1.410000E+0
2.602800E+1	4.030982E-1	8.792153E+0	3.301310E+2	6.766900E+1	1.410000E+0
2.610600E+1	4.082279E-1	8.960162E+0	3.301310E+2	6.766900E+1	1.410000E+0
2.611500E+1	4.082279E-1	8.960162E+0	3.301310E+2	6.766900E+1	1.410000E+0
2.619600E+1	4.085923E-1	8.974732E+0	3.301310E+2	6.766900E+1	1.410000E+0
2.620500E+1	4.085923E-1	8.974732E+0	3.301310E+2	6.766900E+1	1.410000E+0
2.628600E+1	4.085980E-1	8.973041E+0	3.301310E+2	6.766900E+1	1.410000E+0
2.629400E+1	4.085980E-1	8.973041E+0	3.301310E+2	6.766900E+1	1.410000E+0
2.637700E+1	4.085972E-1	8.973856E+0	3.301310E+2	6.766900E+1	1.410000E+0
2.638500E+1	4.085972E-1	8.973856E+0	3.301310E+2	6.766900E+1	1.410000E+0
2.649800E+1	4.085823E-1	8.973553E+0	3.301310E+2	6.766900E+1	1.410000E+0
2.650700E+1	4.085823E-1	8.973553E+0	3.301310E+2	6.766900E+1	1.410000E+0
2.658600E+1	4.086044E-1	8.973538E+0	3.301310E+2	6.766900E+1	1.410000E+0
2.659500E+1	4.086044E-1	8.973538E+0	3.301310E+2	6.766900E+1	1.410000E+0
2.667700E+1	4.175898E-1	9.270136E+0	3.301310E+2	6.766900E+1	1.410000E+0
