Sample;s1(i1)
V-V length(cm);1.000000
Field (T);4.018125
Temp (K);4.200000
Angle (deg.);0.000000
Field(T)_memo;4.000000
Time(sec.)	Current(A)	Voltage(uV)	Temp.1(K)	Temp.2(K)	Temp.3(K)
0.000000E+0	7.809403E-4	1.506382E-6	3.301310E+2	6.766900E+1	1.410000E+0
3.200000E-2	7.797374E-4	1.707233E-5	3.301310E+2	6.766900E+1	1.410000E+0
4.100000E-2	7.797374E-4	1.707233E-5	3.301310E+2	6.766900E+1	1.410000E+0
1.210000E-1	7.805393E-4	1.004255E-6	3.301310E+2	6.766900E+1	1.410000E+0
1.300000E-1	7.805393E-4	1.004255E-6	3.301310E+2	6.766900E+1	1.410000E+0
2.420000E-1	1.179542E-2	-1.405957E-5	3.301310E+2	6.766900E+1	1.410000E+0
2.510000E-1	1.179542E-2	-1.405957E-5	3.301310E+2	6.766900E+1	1.410000E+0
3.310000E-1	1.179061E-2	4.017019E-6	3.301310E+2	6.766900E+1	1.410000E+0
3.440000E-1	1.179061E-2	4.017019E-6	3.301310E+2	6.766900E+1	1.410000E+0
4.280000E-1	2.281933E-2	-5.523401E-6	3.301310E+2	6.766900E+1	1.410000E+0
4.370000E-1	2.281933E-2	-5.523401E-6	3.301310E+2	6.766900E+1	1.410000E+0
5.200000E-1	2.281692E-2	-5.021274E-7	3.301310E+2	6.766900E+1	1.410000E+0
5.290000E-1	2.281692E-2	-5.021274E-7	3.301310E+2	6.766900E+1	1.410000E+0
6.100000E-1	2.557701E-2	-7.531911E-6	3.301310E+2	6.766900E+1	1.410000E+0
6.200000E-1	2.557701E-2	-7.531911E-6	3.301310E+2	6.766900E+1	1.410000E+0
7.310000E-1	2.834792E-2	-8.034038E-6	3.301310E+2	6.766900E+1	1.410000E+0
7.400000E-1	2.834792E-2	-8.034038E-6	3.301310E+2	6.766900E+1	1.410000E+0
8.210000E-1	3.382078E-2	1.205106E-5	3.301310E+2	6.766900E+1	1.410000E+0
8.290000E-1	3.382078E-2	1.205106E-5	3.301310E+2	6.766900E+1	1.410000E+0
9.110000E-1	3.928642E-2	-5.021274E-7	3.301310E+2	6.766900E+1	1.410000E+0
9.190000E-1	3.928642E-2	-5.021274E-7	3.301310E+2	6.766900E+1	1.410000E+0
1.000000E+0	4.437695E-2	1.707233E-5	3.301310E+2	6.766900E+1	1.410000E+0
1.009000E+0	4.437695E-2	1.707233E-5	3.301310E+2	6.766900E+1	1.410000E+0
1.090000E+0	5.033699E-2	-5.523401E-6	3.301310E+2	6.766900E+1	1.410000E+0
1.099000E+0	5.033699E-2	-5.523401E-6	3.301310E+2	6.766900E+1	1.410000E+0
1.213000E+0	5.033562E-2	-1.305531E-5	3.301310E+2	6.766900E+1	1.410000E+0
1.222000E+0	5.033562E-2	-1.305531E-5	3.301310E+2	6.766900E+1	1.410000E+0
1.306000E+0	6.136474E-2	-1.657020E-5	3.301310E+2	6.766900E+1	1.410000E+0
1.319000E+0	6.136474E-2	-1.657020E-5	3.301310E+2	6.766900E+1	1.410000E+0
1.413000E+0	6.135893E-2	-5.021274E-7	3.301310E+2	6.766900E+1	1.410000E+0
1.420000E+0	6.135893E-2	-5.021274E-7	3.301310E+2	6.766900E+1	1.410000E+0
1.507000E+0	7.237301E-2	-5.026107E-7	3.301310E+2	6.766900E+1	1.410000E+0
1.515000E+0	7.237301E-2	-5.026107E-7	3.301310E+2	6.766900E+1	1.410000E+0
1.600000E+0	7.239467E-2	5.016442E-7	3.301310E+2	6.766900E+1	1.410000E+0
1.609000E+0	7.239467E-2	5.016442E-7	3.301310E+2	6.766900E+1	1.410000E+0
1.721000E+0	7.674621E-2	1.104632E-5	3.301310E+2	6.766900E+1	1.410000E+0
1.730000E+0	7.674621E-2	1.104632E-5	3.301310E+2	6.766900E+1	1.410000E+0
1.816000E+0	7.784187E-2	-6.026013E-6	3.301310E+2	6.766900E+1	1.410000E+0
1.825000E+0	7.784187E-2	-6.026013E-6	3.301310E+2	6.766900E+1	1.410000E+0
1.909000E+0	8.771579E-2	1.757398E-5	3.301310E+2	6.766900E+1	1.410000E+0
1.918000E+0	8.771579E-2	1.757398E-5	3.301310E+2	6.766900E+1	1.410000E+0
1.999000E+0	8.887700E-2	-1.506431E-5	3.301310E+2	6.766900E+1	1.410000E+0
2.008000E+0	8.887700E-2	-1.506431E-5	3.301310E+2	6.766900E+1	1.410000E+0
2.089000E+0	9.740968E-2	6.527174E-6	3.301310E+2	6.766900E+1	1.410000E+0
2.098000E+0	9.740968E-2	6.527174E-6	3.301310E+2	6.766900E+1	1.410000E+0
2.210000E+0	9.990172E-2	6.527174E-6	3.301310E+2	6.766900E+1	1.410000E+0
2.219000E+0	9.990172E-2	6.527174E-6	3.301310E+2	6.766900E+1	1.410000E+0
2.299000E+0	9.989971E-2	2.510154E-6	3.301310E+2	6.766900E+1	1.410000E+0
2.308000E+0	9.989971E-2	2.510154E-6	3.301310E+2	6.766900E+1	1.410000E+0
2.393000E+0	1.109208E-1	-2.511121E-6	3.301310E+2	6.766900E+1	1.410000E+0
2.409000E+0	1.109208E-1	-2.511121E-6	3.301310E+2	6.766900E+1	1.410000E+0
2.485000E+0	1.109310E-1	8.033556E-6	3.301310E+2	6.766900E+1	1.410000E+0
2.493000E+0	1.109310E-1	8.033556E-6	3.301310E+2	6.766900E+1	1.410000E+0
2.579000E+0	1.218818E-1	-7.532395E-6	3.301310E+2	6.766900E+1	1.410000E+0
2.588000E+0	1.218818E-1	-7.532395E-6	3.301310E+2	6.766900E+1	1.410000E+0
2.699000E+0	1.218894E-1	1.505899E-6	3.301310E+2	6.766900E+1	1.410000E+0
2.708000E+0	1.218894E-1	1.505899E-6	3.301310E+2	6.766900E+1	1.410000E+0
2.789000E+0	1.304658E-1	-5.021758E-6	3.301310E+2	6.766900E+1	1.410000E+0
2.798000E+0	1.304658E-1	-5.021758E-6	3.301310E+2	6.766900E+1	1.410000E+0
2.878000E+0	1.329348E-1	-2.912388E-5	3.301310E+2	6.766900E+1	1.410000E+0
2.887000E+0	1.329348E-1	-2.912388E-5	3.301310E+2	6.766900E+1	1.410000E+0
2.968000E+0	1.374820E-1	-1.255367E-5	3.301310E+2	6.766900E+1	1.410000E+0
2.978000E+0	1.374820E-1	-1.255367E-5	3.301310E+2	6.766900E+1	1.410000E+0
3.058000E+0	1.384581E-1	-1.406005E-5	3.301310E+2	6.766900E+1	1.410000E+0
3.066000E+0	1.384581E-1	-1.406005E-5	3.301310E+2	6.766900E+1	1.410000E+0
3.179000E+0	1.474740E-1	-6.528140E-6	3.301310E+2	6.766900E+1	1.410000E+0
3.188000E+0	1.474740E-1	-6.528140E-6	3.301310E+2	6.766900E+1	1.410000E+0
3.268000E+0	1.494843E-1	-1.004303E-5	3.301310E+2	6.766900E+1	1.410000E+0
3.278000E+0	1.494843E-1	-1.004303E-5	3.301310E+2	6.766900E+1	1.410000E+0
3.358000E+0	1.494839E-1	-7.532395E-6	3.301310E+2	6.766900E+1	1.410000E+0
3.371000E+0	1.494839E-1	-7.532395E-6	3.301310E+2	6.766900E+1	1.410000E+0
3.454000E+0	1.605190E-1	-1.757494E-5	3.301310E+2	6.766900E+1	1.410000E+0
3.463000E+0	1.605190E-1	-1.757494E-5	3.301310E+2	6.766900E+1	1.410000E+0
3.547000E+0	1.605134E-1	-1.406005E-5	3.301310E+2	6.766900E+1	1.410000E+0
3.556000E+0	1.605134E-1	-1.406005E-5	3.301310E+2	6.766900E+1	1.410000E+0
3.668000E+0	1.715044E-1	-1.355792E-5	3.301310E+2	6.766900E+1	1.410000E+0
3.677000E+0	1.715044E-1	-1.355792E-5	3.301310E+2	6.766900E+1	1.410000E+0
3.757000E+0	1.715104E-1	-8.536650E-6	3.301310E+2	6.766900E+1	1.410000E+0
3.766000E+0	1.715104E-1	-8.536650E-6	3.301310E+2	6.766900E+1	1.410000E+0
3.848000E+0	1.804838E-1	-2.511121E-6	3.301310E+2	6.766900E+1	1.410000E+0
3.857000E+0	1.804838E-1	-2.511121E-6	3.301310E+2	6.766900E+1	1.410000E+0
3.937000E+0	1.825538E-1	-5.021758E-6	3.301310E+2	6.766900E+1	1.410000E+0
3.946000E+0	1.825538E-1	-5.021758E-6	3.301310E+2	6.766900E+1	1.410000E+0
4.027000E+0	1.871598E-1	-1.255367E-5	3.301310E+2	6.766900E+1	1.410000E+0
4.036000E+0	1.871598E-1	-1.255367E-5	3.301310E+2	6.766900E+1	1.410000E+0
4.148000E+0	1.880443E-1	-1.456218E-5	3.301310E+2	6.766900E+1	1.410000E+0
4.157000E+0	1.880443E-1	-1.456218E-5	3.301310E+2	6.766900E+1	1.410000E+0
4.237000E+0	1.967087E-1	-1.606856E-5	3.301310E+2	6.766900E+1	1.410000E+0
4.246000E+0	1.967087E-1	-1.606856E-5	3.301310E+2	6.766900E+1	1.410000E+0
4.328000E+0	1.990820E-1	-2.259622E-5	3.301310E+2	6.766900E+1	1.410000E+0
4.341000E+0	1.990820E-1	-2.259622E-5	3.301310E+2	6.766900E+1	1.410000E+0
4.423000E+0	1.990748E-1	-2.611111E-5	3.301310E+2	6.766900E+1	1.410000E+0
4.431000E+0	1.990748E-1	-2.611111E-5	3.301310E+2	6.766900E+1	1.410000E+0
4.516000E+0	2.100149E-1	-1.958345E-5	3.301310E+2	6.766900E+1	1.410000E+0
4.525000E+0	2.100149E-1	-1.958345E-5	3.301310E+2	6.766900E+1	1.410000E+0
4.637000E+0	2.100079E-1	-1.406005E-5	3.301310E+2	6.766900E+1	1.410000E+0
4.646000E+0	2.100079E-1	-1.406005E-5	3.301310E+2	6.766900E+1	1.410000E+0
4.726000E+0	2.210180E-1	1.506334E-5	3.301310E+2	6.766900E+1	1.410000E+0
4.735000E+0	2.210180E-1	1.506334E-5	3.301310E+2	6.766900E+1	1.410000E+0
4.817000E+0	2.210410E-1	-8.034523E-6	3.301310E+2	6.766900E+1	1.410000E+0
4.826000E+0	2.210410E-1	-8.034523E-6	3.301310E+2	6.766900E+1	1.410000E+0
4.906000E+0	2.296730E-1	2.611015E-5	3.301310E+2	6.766900E+1	1.410000E+0
4.916000E+0	2.296730E-1	2.611015E-5	3.301310E+2	6.766900E+1	1.410000E+0
4.996000E+0	2.320658E-1	4.870588E-5	3.301310E+2	6.766900E+1	1.410000E+0
5.005000E+0	2.320658E-1	4.870588E-5	3.301310E+2	6.766900E+1	1.410000E+0
5.117000E+0	2.363844E-1	7.381225E-5	3.301310E+2	6.766900E+1	1.410000E+0
5.126000E+0	2.363844E-1	7.381225E-5	3.301310E+2	6.766900E+1	1.410000E+0
5.206000E+0	2.375910E-1	8.435693E-5	3.301310E+2	6.766900E+1	1.410000E+0
5.215000E+0	2.375910E-1	8.435693E-5	3.301310E+2	6.766900E+1	1.410000E+0
5.296000E+0	2.466393E-1	2.073782E-4	3.301310E+2	6.766900E+1	1.410000E+0
5.305000E+0	2.466393E-1	2.073782E-4	3.301310E+2	6.766900E+1	1.410000E+0
5.386000E+0	2.486349E-1	2.299739E-4	3.301310E+2	6.766900E+1	1.410000E+0
5.399000E+0	2.486349E-1	2.299739E-4	3.301310E+2	6.766900E+1	1.410000E+0
5.482000E+0	2.486277E-1	2.244505E-4	3.301310E+2	6.766900E+1	1.410000E+0
5.490000E+0	2.486277E-1	2.244505E-4	3.301310E+2	6.766900E+1	1.410000E+0
5.608000E+0	2.596117E-1	4.202802E-4	3.301310E+2	6.766900E+1	1.410000E+0
5.617000E+0	2.596117E-1	4.202802E-4	3.301310E+2	6.766900E+1	1.410000E+0
5.702000E+0	2.596181E-1	4.232930E-4	3.301310E+2	6.766900E+1	1.410000E+0
5.711000E+0	2.596181E-1	4.232930E-4	3.301310E+2	6.766900E+1	1.410000E+0
5.796000E+0	2.706448E-1	6.442291E-4	3.301310E+2	6.766900E+1	1.410000E+0
5.805000E+0	2.706448E-1	6.442291E-4	3.301310E+2	6.766900E+1	1.410000E+0
5.886000E+0	2.706525E-1	6.371993E-4	3.301310E+2	6.766900E+1	1.410000E+0
5.894000E+0	2.706525E-1	6.371993E-4	3.301310E+2	6.766900E+1	1.410000E+0
5.975000E+0	2.790075E-1	8.420673E-4	3.301310E+2	6.766900E+1	1.410000E+0
5.984000E+0	2.790075E-1	8.420673E-4	3.301310E+2	6.766900E+1	1.410000E+0
6.096000E+0	2.816686E-1	8.822375E-4	3.301310E+2	6.766900E+1	1.410000E+0
6.105000E+0	2.816686E-1	8.822375E-4	3.301310E+2	6.766900E+1	1.410000E+0
6.184000E+0	2.891423E-1	1.138322E-3	3.301310E+2	6.766900E+1	1.410000E+0
6.193000E+0	2.891423E-1	1.138322E-3	3.301310E+2	6.766900E+1	1.410000E+0
6.276000E+0	2.927037E-1	1.227701E-3	3.301310E+2	6.766900E+1	1.410000E+0
6.284000E+0	2.927037E-1	1.227701E-3	3.301310E+2	6.766900E+1	1.410000E+0
6.364000E+0	2.972056E-1	1.391395E-3	3.301310E+2	6.766900E+1	1.410000E+0
6.379000E+0	2.972056E-1	1.391395E-3	3.301310E+2	6.766900E+1	1.410000E+0
6.461000E+0	2.983530E-1	1.464203E-3	3.301310E+2	6.766900E+1	1.410000E+0
6.470000E+0	2.983530E-1	1.464203E-3	3.301310E+2	6.766900E+1	1.410000E+0
6.585000E+0	2.983446E-1	1.439097E-3	3.301310E+2	6.766900E+1	1.410000E+0
6.594000E+0	2.983446E-1	1.439097E-3	3.301310E+2	6.766900E+1	1.410000E+0
6.675000E+0	3.094198E-1	1.936705E-3	3.301310E+2	6.766900E+1	1.410000E+0
6.684000E+0	3.094198E-1	1.936705E-3	3.301310E+2	6.766900E+1	1.410000E+0
6.765000E+0	3.094262E-1	1.965829E-3	3.301310E+2	6.766900E+1	1.410000E+0
6.774000E+0	3.094262E-1	1.965829E-3	3.301310E+2	6.766900E+1	1.410000E+0
6.855000E+0	3.190748E-1	2.531726E-3	3.301310E+2	6.766900E+1	1.410000E+0
6.863000E+0	3.190748E-1	2.531726E-3	3.301310E+2	6.766900E+1	1.410000E+0
6.944000E+0	3.204501E-1	2.624118E-3	3.301310E+2	6.766900E+1	1.410000E+0
6.953000E+0	3.204501E-1	2.624118E-3	3.301310E+2	6.766900E+1	1.410000E+0
7.065000E+0	3.315033E-1	3.460663E-3	3.301310E+2	6.766900E+1	1.410000E+0
7.074000E+0	3.315033E-1	3.460663E-3	3.301310E+2	6.766900E+1	1.410000E+0
7.155000E+0	3.314931E-1	3.468697E-3	3.301310E+2	6.766900E+1	1.410000E+0
7.163000E+0	3.314931E-1	3.468697E-3	3.301310E+2	6.766900E+1	1.410000E+0
7.244000E+0	3.369824E-1	4.006979E-3	3.301310E+2	6.766900E+1	1.410000E+0
7.253000E+0	3.369824E-1	4.006979E-3	3.301310E+2	6.766900E+1	1.410000E+0
7.333000E+0	3.424745E-1	4.578903E-3	3.301310E+2	6.766900E+1	1.410000E+0
7.346000E+0	3.424745E-1	4.578903E-3	3.301310E+2	6.766900E+1	1.410000E+0
7.429000E+0	3.469122E-1	5.251756E-3	3.301310E+2	6.766900E+1	1.410000E+0
7.439000E+0	3.469122E-1	5.251756E-3	3.301310E+2	6.766900E+1	1.410000E+0
7.554000E+0	3.480199E-1	5.294437E-3	3.301310E+2	6.766900E+1	1.410000E+0
7.563000E+0	3.480199E-1	5.294437E-3	3.301310E+2	6.766900E+1	1.410000E+0
7.644000E+0	3.480281E-1	5.293433E-3	3.301310E+2	6.766900E+1	1.410000E+0
7.653000E+0	3.480281E-1	5.293433E-3	3.301310E+2	6.766900E+1	1.410000E+0
7.734000E+0	3.590474E-1	6.890704E-3	3.301310E+2	6.766900E+1	1.410000E+0
7.742000E+0	3.590474E-1	6.890704E-3	3.301310E+2	6.766900E+1	1.410000E+0
7.824000E+0	3.590555E-1	6.962006E-3	3.301310E+2	6.766900E+1	1.410000E+0
7.833000E+0	3.590555E-1	6.962006E-3	3.301310E+2	6.766900E+1	1.410000E+0
7.913000E+0	3.700401E-1	8.983577E-3	3.301310E+2	6.766900E+1	1.410000E+0
7.922000E+0	3.700401E-1	8.983577E-3	3.301310E+2	6.766900E+1	1.410000E+0
8.036000E+0	3.700513E-1	9.066930E-3	3.301310E+2	6.766900E+1	1.410000E+0
8.045000E+0	3.700513E-1	9.066930E-3	3.301310E+2	6.766900E+1	1.410000E+0
8.123000E+0	3.784100E-1	1.095744E-2	3.301310E+2	6.766900E+1	1.410000E+0
8.131000E+0	3.784100E-1	1.095744E-2	3.301310E+2	6.766900E+1	1.410000E+0
8.213000E+0	3.810782E-1	1.168202E-2	3.301310E+2	6.766900E+1	1.410000E+0
8.223000E+0	3.810782E-1	1.168202E-2	3.301310E+2	6.766900E+1	1.410000E+0
8.303000E+0	3.898848E-1	1.411885E-2	3.301310E+2	6.766900E+1	1.410000E+0
8.312000E+0	3.898848E-1	1.411885E-2	3.301310E+2	6.766900E+1	1.410000E+0
8.393000E+0	3.920332E-1	1.485145E-2	3.301310E+2	6.766900E+1	1.410000E+0
8.408000E+0	3.920332E-1	1.485145E-2	3.301310E+2	6.766900E+1	1.410000E+0
8.523000E+0	3.975957E-1	1.676004E-2	3.301310E+2	6.766900E+1	1.410000E+0
8.532000E+0	3.975957E-1	1.676004E-2	3.301310E+2	6.766900E+1	1.410000E+0
8.612000E+0	4.030707E-1	1.870328E-2	3.301310E+2	6.766900E+1	1.410000E+0
8.621000E+0	4.030707E-1	1.870328E-2	3.301310E+2	6.766900E+1	1.410000E+0
8.700000E+0	4.030811E-1	1.878915E-2	3.301310E+2	6.766900E+1	1.410000E+0
8.709000E+0	4.030811E-1	1.878915E-2	3.301310E+2	6.766900E+1	1.410000E+0
8.792000E+0	4.085644E-1	2.090763E-2	3.301310E+2	6.766900E+1	1.410000E+0
8.801000E+0	4.085644E-1	2.090763E-2	3.301310E+2	6.766900E+1	1.410000E+0
8.881000E+0	4.085688E-1	2.099349E-2	3.301310E+2	6.766900E+1	1.410000E+0
8.890000E+0	4.085688E-1	2.099349E-2	3.301310E+2	6.766900E+1	1.410000E+0
9.002000E+0	4.196040E-1	2.568739E-2	3.301310E+2	6.766900E+1	1.410000E+0
9.011000E+0	4.196040E-1	2.568739E-2	3.301310E+2	6.766900E+1	1.410000E+0
9.090000E+0	4.196066E-1	2.589427E-2	3.301310E+2	6.766900E+1	1.410000E+0
9.099000E+0	4.196066E-1	2.589427E-2	3.301310E+2	6.766900E+1	1.410000E+0
9.182000E+0	4.283422E-1	3.013475E-2	3.301310E+2	6.766900E+1	1.410000E+0
9.190000E+0	4.283422E-1	3.013475E-2	3.301310E+2	6.766900E+1	1.410000E+0
9.271000E+0	4.305906E-1	3.143727E-2	3.301310E+2	6.766900E+1	1.410000E+0
9.280000E+0	4.305906E-1	3.143727E-2	3.301310E+2	6.766900E+1	1.410000E+0
9.361000E+0	4.395864E-1	3.652634E-2	3.301310E+2	6.766900E+1	1.410000E+0
9.374000E+0	4.395864E-1	3.652634E-2	3.301310E+2	6.766900E+1	1.410000E+0
9.488000E+0	4.416119E-1	3.792728E-2	3.301310E+2	6.766900E+1	1.410000E+0
9.497000E+0	4.416119E-1	3.792728E-2	3.301310E+2	6.766900E+1	1.410000E+0
9.582000E+0	4.511657E-1	4.408890E-2	3.301310E+2	6.766900E+1	1.410000E+0
9.591000E+0	4.511657E-1	4.408890E-2	3.301310E+2	6.766900E+1	1.410000E+0
9.671000E+0	4.526310E-1	4.531309E-2	3.301310E+2	6.766900E+1	1.410000E+0
9.680000E+0	4.526310E-1	4.531309E-2	3.301310E+2	6.766900E+1	1.410000E+0
9.760000E+0	4.526080E-1	4.549336E-2	3.301310E+2	6.766900E+1	1.410000E+0
9.769000E+0	4.526080E-1	4.549336E-2	3.301310E+2	6.766900E+1	1.410000E+0
9.850000E+0	4.581520E-1	4.946771E-2	3.301310E+2	6.766900E+1	1.410000E+0
9.858000E+0	4.581520E-1	4.946771E-2	3.301310E+2	6.766900E+1	1.410000E+0
9.971000E+0	4.581620E-1	4.962537E-2	3.301310E+2	6.766900E+1	1.410000E+0
9.979000E+0	4.581620E-1	4.962537E-2	3.301310E+2	6.766900E+1	1.410000E+0
1.006000E+1	4.691663E-1	5.813244E-2	3.301310E+2	6.766900E+1	1.410000E+0
1.006900E+1	4.691663E-1	5.813244E-2	3.301310E+2	6.766900E+1	1.410000E+0
1.015000E+1	4.691833E-1	5.842618E-2	3.301310E+2	6.766900E+1	1.410000E+0
1.015900E+1	4.691833E-1	5.842618E-2	3.301310E+2	6.766900E+1	1.410000E+0
1.024000E+1	4.780486E-1	6.595460E-2	3.301310E+2	6.766900E+1	1.410000E+0
1.024900E+1	4.780486E-1	6.595460E-2	3.301310E+2	6.766900E+1	1.410000E+0
1.033000E+1	4.801623E-1	6.816196E-2	3.301310E+2	6.766900E+1	1.410000E+0
1.034200E+1	4.801623E-1	6.816196E-2	3.301310E+2	6.766900E+1	1.410000E+0
1.045800E+1	4.893197E-1	7.874382E-2	3.301310E+2	6.766900E+1	1.410000E+0
1.046700E+1	4.893197E-1	7.874382E-2	3.301310E+2	6.766900E+1	1.410000E+0
1.054900E+1	4.912079E-1	7.919523E-2	3.301310E+2	6.766900E+1	1.410000E+0
1.055800E+1	4.912079E-1	7.919523E-2	3.301310E+2	6.766900E+1	1.410000E+0
1.063900E+1	4.999601E-1	8.836310E-2	3.301310E+2	6.766900E+1	1.410000E+0
1.064700E+1	4.999601E-1	8.836310E-2	3.301310E+2	6.766900E+1	1.410000E+0
1.072900E+1	5.022282E-1	9.118456E-2	3.301310E+2	6.766900E+1	1.410000E+0
1.073800E+1	5.022282E-1	9.118456E-2	3.301310E+2	6.766900E+1	1.410000E+0
1.081900E+1	5.022156E-1	9.143964E-2	3.301310E+2	6.766900E+1	1.410000E+0
1.082700E+1	5.022156E-1	9.143964E-2	3.301310E+2	6.766900E+1	1.410000E+0
1.094200E+1	5.077341E-1	9.770577E-2	3.301310E+2	6.766900E+1	1.410000E+0
1.095100E+1	5.077341E-1	9.770577E-2	3.301310E+2	6.766900E+1	1.410000E+0
1.103600E+1	5.077271E-1	9.803868E-2	3.301310E+2	6.766900E+1	1.410000E+0
1.104500E+1	5.077271E-1	9.803868E-2	3.301310E+2	6.766900E+1	1.410000E+0
1.113000E+1	5.187352E-1	1.112321E-1	3.301310E+2	6.766900E+1	1.410000E+0
1.113800E+1	5.187352E-1	1.112321E-1	3.301310E+2	6.766900E+1	1.410000E+0
1.121800E+1	5.187231E-1	1.116373E-1	3.301310E+2	6.766900E+1	1.410000E+0
1.122700E+1	5.187231E-1	1.116373E-1	3.301310E+2	6.766900E+1	1.410000E+0
1.130800E+1	5.297384E-1	1.261202E-1	3.301310E+2	6.766900E+1	1.410000E+0
1.132100E+1	5.297384E-1	1.261202E-1	3.301310E+2	6.766900E+1	1.410000E+0
1.143600E+1	5.297563E-1	1.266580E-1	3.301310E+2	6.766900E+1	1.410000E+0
1.144400E+1	5.297563E-1	1.266580E-1	3.301310E+2	6.766900E+1	1.410000E+0
1.152700E+1	5.386412E-1	1.394668E-1	3.301310E+2	6.766900E+1	1.410000E+0
1.153600E+1	5.386412E-1	1.394668E-1	3.301310E+2	6.766900E+1	1.410000E+0
1.161800E+1	5.407744E-1	1.430018E-1	3.301310E+2	6.766900E+1	1.410000E+0
1.162800E+1	5.407744E-1	1.430018E-1	3.301310E+2	6.766900E+1	1.410000E+0
1.170800E+1	5.497171E-1	1.568505E-1	3.301310E+2	6.766900E+1	1.410000E+0
1.171600E+1	5.497171E-1	1.568505E-1	3.301310E+2	6.766900E+1	1.410000E+0
1.179700E+1	5.518029E-1	1.607049E-1	3.301310E+2	6.766900E+1	1.410000E+0
1.180600E+1	5.518029E-1	1.607049E-1	3.301310E+2	6.766900E+1	1.410000E+0
1.191800E+1	5.517969E-1	1.611191E-1	3.301310E+2	6.766900E+1	1.410000E+0
1.192700E+1	5.517969E-1	1.611191E-1	3.301310E+2	6.766900E+1	1.410000E+0
1.200800E+1	5.627334E-1	1.793956E-1	3.301310E+2	6.766900E+1	1.410000E+0
1.201700E+1	5.627334E-1	1.793956E-1	3.301310E+2	6.766900E+1	1.410000E+0
1.209700E+1	5.627372E-1	1.799716E-1	3.301310E+2	6.766900E+1	1.410000E+0
1.210600E+1	5.627372E-1	1.799716E-1	3.301310E+2	6.766900E+1	1.410000E+0
1.218700E+1	5.657527E-1	1.855020E-1	3.301310E+2	6.766900E+1	1.410000E+0
1.219600E+1	5.657527E-1	1.855020E-1	3.301310E+2	6.766900E+1	1.410000E+0
1.227700E+1	5.682530E-1	1.902507E-1	3.301310E+2	6.766900E+1	1.410000E+0
1.228600E+1	5.682530E-1	1.902507E-1	3.301310E+2	6.766900E+1	1.410000E+0
1.239800E+1	5.768661E-1	2.061295E-1	3.301310E+2	6.766900E+1	1.410000E+0
1.241200E+1	5.768661E-1	2.061295E-1	3.301310E+2	6.766900E+1	1.410000E+0
1.249300E+1	5.792747E-1	2.106617E-1	3.301310E+2	6.766900E+1	1.410000E+0
1.250200E+1	5.792747E-1	2.106617E-1	3.301310E+2	6.766900E+1	1.410000E+0
1.258600E+1	5.887086E-1	2.292982E-1	3.301310E+2	6.766900E+1	1.410000E+0
1.259600E+1	5.887086E-1	2.292982E-1	3.301310E+2	6.766900E+1	1.410000E+0
1.267700E+1	5.903111E-1	2.332455E-1	3.301310E+2	6.766900E+1	1.410000E+0
1.268600E+1	5.903111E-1	2.332455E-1	3.301310E+2	6.766900E+1	1.410000E+0
1.276700E+1	5.983666E-1	2.505564E-1	3.301310E+2	6.766900E+1	1.410000E+0
1.277600E+1	5.983666E-1	2.505564E-1	3.301310E+2	6.766900E+1	1.410000E+0
1.288800E+1	6.013472E-1	2.576032E-1	3.301310E+2	6.766900E+1	1.410000E+0
1.289700E+1	6.013472E-1	2.576032E-1	3.301310E+2	6.766900E+1	1.410000E+0
1.297600E+1	6.013450E-1	2.581239E-1	3.301310E+2	6.766900E+1	1.410000E+0
1.298500E+1	6.013450E-1	2.581239E-1	3.301310E+2	6.766900E+1	1.410000E+0
1.306600E+1	6.123291E-1	2.830958E-1	3.301310E+2	6.766900E+1	1.410000E+0
1.307500E+1	6.123291E-1	2.830958E-1	3.301310E+2	6.766900E+1	1.410000E+0
1.315600E+1	6.123295E-1	2.839263E-1	3.301310E+2	6.766900E+1	1.410000E+0
1.316500E+1	6.123295E-1	2.839263E-1	3.301310E+2	6.766900E+1	1.410000E+0
1.324600E+1	6.178424E-1	2.971770E-1	3.301310E+2	6.766900E+1	1.410000E+0
1.325500E+1	6.178424E-1	2.971770E-1	3.301310E+2	6.766900E+1	1.410000E+0
1.336600E+1	6.178545E-1	2.978619E-1	3.301310E+2	6.766900E+1	1.410000E+0
1.337800E+1	6.178545E-1	2.978619E-1	3.301310E+2	6.766900E+1	1.410000E+0
1.346200E+1	6.267163E-1	3.253771E-1	3.301310E+2	6.766900E+1	1.410000E+0
1.347200E+1	6.267163E-1	3.253771E-1	3.301310E+2	6.766900E+1	1.410000E+0
1.355600E+1	6.288888E-1	3.263136E-1	3.301310E+2	6.766900E+1	1.410000E+0
1.356500E+1	6.288888E-1	3.263136E-1	3.301310E+2	6.766900E+1	1.410000E+0
1.364600E+1	6.354696E-1	3.438846E-1	3.301310E+2	6.766900E+1	1.410000E+0
1.365500E+1	6.354696E-1	3.438846E-1	3.301310E+2	6.766900E+1	1.410000E+0
1.373500E+1	6.399266E-1	3.565287E-1	3.301310E+2	6.766900E+1	1.410000E+0
1.374400E+1	6.399266E-1	3.565287E-1	3.301310E+2	6.766900E+1	1.410000E+0
1.385600E+1	6.454177E-1	3.720751E-1	3.301310E+2	6.766900E+1	1.410000E+0
1.386400E+1	6.454177E-1	3.720751E-1	3.301310E+2	6.766900E+1	1.410000E+0
1.394600E+1	6.509350E-1	3.885861E-1	3.301310E+2	6.766900E+1	1.410000E+0
1.395500E+1	6.509350E-1	3.885861E-1	3.301310E+2	6.766900E+1	1.410000E+0
1.403400E+1	6.509342E-1	3.890792E-1	3.301310E+2	6.766900E+1	1.410000E+0
1.404300E+1	6.509342E-1	3.890792E-1	3.301310E+2	6.766900E+1	1.410000E+0
1.412400E+1	6.619951E-1	4.218416E-1	3.301310E+2	6.766900E+1	1.410000E+0
1.413300E+1	6.619951E-1	4.218416E-1	3.301310E+2	6.766900E+1	1.410000E+0
1.421500E+1	6.619967E-1	4.229649E-1	3.301310E+2	6.766900E+1	1.410000E+0
1.422400E+1	6.619967E-1	4.229649E-1	3.301310E+2	6.766900E+1	1.410000E+0
1.433500E+1	6.730410E-1	4.575365E-1	3.301310E+2	6.766900E+1	1.410000E+0
1.434800E+1	6.730410E-1	4.575365E-1	3.301310E+2	6.766900E+1	1.410000E+0
1.443100E+1	6.730657E-1	4.590835E-1	3.301310E+2	6.766900E+1	1.410000E+0
1.443900E+1	6.730657E-1	4.590835E-1	3.301310E+2	6.766900E+1	1.410000E+0
1.452400E+1	6.778226E-1	4.745396E-1	3.301310E+2	6.766900E+1	1.410000E+0
1.453300E+1	6.778226E-1	4.745396E-1	3.301310E+2	6.766900E+1	1.410000E+0
1.461400E+1	6.785903E-1	4.776708E-1	3.301310E+2	6.766900E+1	1.410000E+0
1.462300E+1	6.785903E-1	4.776708E-1	3.301310E+2	6.766900E+1	1.410000E+0
1.470400E+1	6.873541E-1	5.046025E-1	3.301310E+2	6.766900E+1	1.410000E+0
1.471300E+1	6.873541E-1	5.046025E-1	3.301310E+2	6.766900E+1	1.410000E+0
1.482500E+1	6.896311E-1	5.129087E-1	3.301310E+2	6.766900E+1	1.410000E+0
1.483400E+1	6.896311E-1	5.129087E-1	3.301310E+2	6.766900E+1	1.410000E+0
1.491400E+1	6.981216E-1	5.429441E-1	3.301310E+2	6.766900E+1	1.410000E+0
1.492200E+1	6.981216E-1	5.429441E-1	3.301310E+2	6.766900E+1	1.410000E+0
1.500300E+1	7.006365E-1	5.530796E-1	3.301310E+2	6.766900E+1	1.410000E+0
1.501200E+1	7.006365E-1	5.530796E-1	3.301310E+2	6.766900E+1	1.410000E+0
1.509400E+1	7.006341E-1	5.536861E-1	3.301310E+2	6.766900E+1	1.410000E+0
1.510200E+1	7.006341E-1	5.536861E-1	3.301310E+2	6.766900E+1	1.410000E+0
1.518300E+1	7.116739E-1	5.944048E-1	3.301310E+2	6.766900E+1	1.410000E+0
1.519100E+1	7.116739E-1	5.944048E-1	3.301310E+2	6.766900E+1	1.410000E+0
1.530600E+1	7.116773E-1	5.958509E-1	3.301310E+2	6.766900E+1	1.410000E+0
1.532000E+1	7.116773E-1	5.958509E-1	3.301310E+2	6.766900E+1	1.410000E+0
1.540600E+1	7.226890E-1	6.389708E-1	3.301310E+2	6.766900E+1	1.410000E+0
1.541400E+1	7.226890E-1	6.389708E-1	3.301310E+2	6.766900E+1	1.410000E+0
1.549300E+1	7.226956E-1	6.401392E-1	3.301310E+2	6.766900E+1	1.410000E+0
1.550200E+1	7.226956E-1	6.401392E-1	3.301310E+2	6.766900E+1	1.410000E+0
1.558300E+1	7.269938E-1	6.574782E-1	3.301310E+2	6.766900E+1	1.410000E+0
1.559200E+1	7.269938E-1	6.574782E-1	3.301310E+2	6.766900E+1	1.410000E+0
1.567300E+1	7.282162E-1	6.634495E-1	3.301310E+2	6.766900E+1	1.410000E+0
1.568100E+1	7.282162E-1	6.634495E-1	3.301310E+2	6.766900E+1	1.410000E+0
1.579300E+1	7.368044E-1	6.988090E-1	3.301310E+2	6.766900E+1	1.410000E+0
1.580200E+1	7.368044E-1	6.988090E-1	3.301310E+2	6.766900E+1	1.410000E+0
1.588300E+1	7.391317E-1	7.102580E-1	3.301310E+2	6.766900E+1	1.410000E+0
1.589200E+1	7.391317E-1	7.102580E-1	3.301310E+2	6.766900E+1	1.410000E+0
1.597200E+1	7.479079E-1	7.474803E-1	3.301310E+2	6.766900E+1	1.410000E+0
1.598100E+1	7.479079E-1	7.474803E-1	3.301310E+2	6.766900E+1	1.410000E+0
1.606200E+1	7.501887E-1	7.587095E-1	3.301310E+2	6.766900E+1	1.410000E+0
1.607100E+1	7.501887E-1	7.587095E-1	3.301310E+2	6.766900E+1	1.410000E+0
1.615200E+1	7.501726E-1	7.589957E-1	3.301310E+2	6.766900E+1	1.410000E+0
1.616100E+1	7.501726E-1	7.589957E-1	3.301310E+2	6.766900E+1	1.410000E+0
1.627300E+1	7.611867E-1	8.067702E-1	3.301310E+2	6.766900E+1	1.410000E+0
1.628100E+1	7.611867E-1	8.067702E-1	3.301310E+2	6.766900E+1	1.410000E+0
1.636200E+1	7.611994E-1	8.043992E-1	3.301310E+2	6.766900E+1	1.410000E+0
1.637500E+1	7.611994E-1	8.043992E-1	3.301310E+2	6.766900E+1	1.410000E+0
1.645800E+1	7.722307E-1	8.526804E-1	3.301310E+2	6.766900E+1	1.410000E+0
1.646700E+1	7.722307E-1	8.526804E-1	3.301310E+2	6.766900E+1	1.410000E+0
1.655200E+1	7.722239E-1	8.538408E-1	3.301310E+2	6.766900E+1	1.410000E+0
1.656000E+1	7.722239E-1	8.538408E-1	3.301310E+2	6.766900E+1	1.410000E+0
1.664100E+1	7.765393E-1	8.742453E-1	3.301310E+2	6.766900E+1	1.410000E+0
1.665000E+1	7.765393E-1	8.742453E-1	3.301310E+2	6.766900E+1	1.410000E+0
1.676200E+1	7.777671E-1	8.806450E-1	3.301310E+2	6.766900E+1	1.410000E+0
1.677100E+1	7.777671E-1	8.806450E-1	3.301310E+2	6.766900E+1	1.410000E+0
1.685200E+1	7.856394E-1	9.184618E-1	3.301310E+2	6.766900E+1	1.410000E+0
1.686100E+1	7.856394E-1	9.184618E-1	3.301310E+2	6.766900E+1	1.410000E+0
1.694100E+1	7.887586E-1	9.346279E-1	3.301310E+2	6.766900E+1	1.410000E+0
1.694900E+1	7.887586E-1	9.346279E-1	3.301310E+2	6.766900E+1	1.410000E+0
1.703100E+1	7.974969E-1	9.784617E-1	3.301310E+2	6.766900E+1	1.410000E+0
1.704000E+1	7.974969E-1	9.784617E-1	3.301310E+2	6.766900E+1	1.410000E+0
1.712100E+1	7.997969E-1	9.913132E-1	3.301310E+2	6.766900E+1	1.410000E+0
1.713000E+1	7.997969E-1	9.913132E-1	3.301310E+2	6.766900E+1	1.410000E+0
1.724200E+1	7.997983E-1	9.914578E-1	3.301310E+2	6.766900E+1	1.410000E+0
1.725000E+1	7.997983E-1	9.914578E-1	3.301310E+2	6.766900E+1	1.410000E+0
1.733000E+1	8.108058E-1	1.049059E+0	3.301310E+2	6.766900E+1	1.410000E+0
1.734400E+1	8.108058E-1	1.049059E+0	3.301310E+2	6.766900E+1	1.410000E+0
1.742600E+1	8.108006E-1	1.050558E+0	3.301310E+2	6.766900E+1	1.410000E+0
1.743500E+1	8.108006E-1	1.050558E+0	3.301310E+2	6.766900E+1	1.410000E+0
1.752000E+1	8.218361E-1	1.110093E+0	3.301310E+2	6.766900E+1	1.410000E+0
1.752900E+1	8.218361E-1	1.110093E+0	3.301310E+2	6.766900E+1	1.410000E+0
1.761000E+1	8.218361E-1	1.110770E+0	3.301310E+2	6.766900E+1	1.410000E+0
1.761900E+1	8.218361E-1	1.110770E+0	3.301310E+2	6.766900E+1	1.410000E+0
1.773300E+1	8.300687E-1	1.156607E+0	3.301310E+2	6.766900E+1	1.410000E+0
1.774200E+1	8.300687E-1	1.156607E+0	3.301310E+2	6.766900E+1	1.410000E+0
1.782600E+1	8.328150E-1	1.173751E+0	3.301310E+2	6.766900E+1	1.410000E+0
1.783500E+1	8.328150E-1	1.173751E+0	3.301310E+2	6.766900E+1	1.410000E+0
1.791900E+1	8.375645E-1	1.200777E+0	3.301310E+2	6.766900E+1	1.410000E+0
1.792800E+1	8.375645E-1	1.200777E+0	3.301310E+2	6.766900E+1	1.410000E+0
1.800900E+1	8.383265E-1	1.205155E+0	3.301310E+2	6.766900E+1	1.410000E+0
1.801800E+1	8.383265E-1	1.205155E+0	3.301310E+2	6.766900E+1	1.410000E+0
1.809900E+1	8.464556E-1	1.252944E+0	3.301310E+2	6.766900E+1	1.410000E+0
1.810900E+1	8.464556E-1	1.252944E+0	3.301310E+2	6.766900E+1	1.410000E+0
1.822100E+1	8.493553E-1	1.271107E+0	3.301310E+2	6.766900E+1	1.410000E+0
1.823000E+1	8.493553E-1	1.271107E+0	3.301310E+2	6.766900E+1	1.410000E+0
1.830900E+1	8.493655E-1	1.270833E+0	3.301310E+2	6.766900E+1	1.410000E+0
1.832200E+1	8.493655E-1	1.270833E+0	3.301310E+2	6.766900E+1	1.410000E+0
1.840500E+1	8.567241E-1	1.331822E+0	3.301310E+2	6.766900E+1	1.410000E+0
1.841400E+1	8.567241E-1	1.331822E+0	3.301310E+2	6.766900E+1	1.410000E+0
1.850000E+1	8.603842E-1	1.339153E+0	3.301310E+2	6.766900E+1	1.410000E+0
1.850800E+1	8.603842E-1	1.339153E+0	3.301310E+2	6.766900E+1	1.410000E+0
1.858900E+1	8.713879E-1	1.406190E+0	3.301310E+2	6.766900E+1	1.410000E+0
1.859800E+1	8.713879E-1	1.406190E+0	3.301310E+2	6.766900E+1	1.410000E+0
1.870900E+1	8.713981E-1	1.408288E+0	3.301310E+2	6.766900E+1	1.410000E+0
1.871900E+1	8.713981E-1	1.408288E+0	3.301310E+2	6.766900E+1	1.410000E+0
1.879900E+1	8.769165E-1	1.443984E+0	3.301310E+2	6.766900E+1	1.410000E+0
1.880700E+1	8.769165E-1	1.443984E+0	3.301310E+2	6.766900E+1	1.410000E+0
1.888900E+1	8.824409E-1	1.480303E+0	3.301310E+2	6.766900E+1	1.410000E+0
1.889800E+1	8.824409E-1	1.480303E+0	3.301310E+2	6.766900E+1	1.410000E+0
1.897800E+1	8.866318E-1	1.507511E+0	3.301310E+2	6.766900E+1	1.410000E+0
1.898700E+1	8.866318E-1	1.507511E+0	3.301310E+2	6.766900E+1	1.410000E+0
1.906900E+1	8.879751E-1	1.518504E+0	3.301310E+2	6.766900E+1	1.410000E+0
1.907700E+1	8.879751E-1	1.518504E+0	3.301310E+2	6.766900E+1	1.410000E+0
1.918900E+1	8.962145E-1	1.573460E+0	3.301310E+2	6.766900E+1	1.410000E+0
1.919800E+1	8.962145E-1	1.573460E+0	3.301310E+2	6.766900E+1	1.410000E+0
1.927800E+1	8.989872E-1	1.592638E+0	3.301310E+2	6.766900E+1	1.410000E+0
1.928700E+1	8.989872E-1	1.592638E+0	3.301310E+2	6.766900E+1	1.410000E+0
1.936800E+1	8.989888E-1	1.593646E+0	3.301310E+2	6.766900E+1	1.410000E+0
1.938200E+1	8.989888E-1	1.593646E+0	3.301310E+2	6.766900E+1	1.410000E+0
1.946300E+1	9.100257E-1	1.669702E+0	3.301310E+2	6.766900E+1	1.410000E+0
1.947200E+1	9.100257E-1	1.669702E+0	3.301310E+2	6.766900E+1	1.410000E+0
1.955800E+1	9.100322E-1	1.671483E+0	3.301310E+2	6.766900E+1	1.410000E+0
1.956700E+1	9.100322E-1	1.671483E+0	3.301310E+2	6.766900E+1	1.410000E+0
1.967800E+1	9.209699E-1	1.747902E+0	3.301310E+2	6.766900E+1	1.410000E+0
1.968700E+1	9.209699E-1	1.747902E+0	3.301310E+2	6.766900E+1	1.410000E+0
1.976700E+1	9.209675E-1	1.748896E+0	3.301310E+2	6.766900E+1	1.410000E+0
1.977500E+1	9.209675E-1	1.748896E+0	3.301310E+2	6.766900E+1	1.410000E+0
1.985700E+1	9.294055E-1	1.809826E+0	3.301310E+2	6.766900E+1	1.410000E+0
1.986600E+1	9.294055E-1	1.809826E+0	3.301310E+2	6.766900E+1	1.410000E+0
1.994700E+1	9.319926E-1	1.830345E+0	3.301310E+2	6.766900E+1	1.410000E+0
1.995600E+1	9.319926E-1	1.830345E+0	3.301310E+2	6.766900E+1	1.410000E+0
2.003600E+1	9.373592E-1	1.869641E+0	3.301310E+2	6.766900E+1	1.410000E+0
2.004600E+1	9.373592E-1	1.869641E+0	3.301310E+2	6.766900E+1	1.410000E+0
2.015700E+1	9.430129E-1	1.912671E+0	3.301310E+2	6.766900E+1	1.410000E+0
2.016600E+1	9.430129E-1	1.912671E+0	3.301310E+2	6.766900E+1	1.410000E+0
2.024600E+1	9.457654E-1	1.935372E+0	3.301310E+2	6.766900E+1	1.410000E+0
2.025500E+1	9.457654E-1	1.935372E+0	3.301310E+2	6.766900E+1	1.410000E+0
2.033600E+1	9.485114E-1	1.956388E+0	3.301310E+2	6.766900E+1	1.410000E+0
2.034900E+1	9.485114E-1	1.956388E+0	3.301310E+2	6.766900E+1	1.410000E+0
2.043200E+1	9.485199E-1	1.956703E+0	3.301310E+2	6.766900E+1	1.410000E+0
2.044100E+1	9.485199E-1	1.956703E+0	3.301310E+2	6.766900E+1	1.410000E+0
2.052600E+1	9.594971E-1	2.041168E+0	3.301310E+2	6.766900E+1	1.410000E+0
2.053500E+1	9.594971E-1	2.041168E+0	3.301310E+2	6.766900E+1	1.410000E+0
2.065000E+1	9.595064E-1	2.039042E+0	3.301310E+2	6.766900E+1	1.410000E+0
2.065900E+1	9.595064E-1	2.039042E+0	3.301310E+2	6.766900E+1	1.410000E+0
2.074200E+1	9.705378E-1	2.122585E+0	3.301310E+2	6.766900E+1	1.410000E+0
2.075100E+1	9.705378E-1	2.122585E+0	3.301310E+2	6.766900E+1	1.410000E+0
2.083600E+1	9.705450E-1	2.123676E+0	3.301310E+2	6.766900E+1	1.410000E+0
2.084400E+1	9.705450E-1	2.123676E+0	3.301310E+2	6.766900E+1	1.410000E+0
2.092600E+1	9.794799E-1	2.194906E+0	3.301310E+2	6.766900E+1	1.410000E+0
2.093500E+1	9.794799E-1	2.194906E+0	3.301310E+2	6.766900E+1	1.410000E+0
2.101600E+1	9.815543E-1	2.212777E+0	3.301310E+2	6.766900E+1	1.410000E+0
2.102500E+1	9.815543E-1	2.212777E+0	3.301310E+2	6.766900E+1	1.410000E+0
2.113600E+1	9.900662E-1	2.279458E+0	3.301310E+2	6.766900E+1	1.410000E+0
2.114500E+1	9.900662E-1	2.279458E+0	3.301310E+2	6.766900E+1	1.410000E+0
2.122500E+1	9.926059E-1	2.302050E+0	3.301310E+2	6.766900E+1	1.410000E+0
2.123400E+1	9.926059E-1	2.302050E+0	3.301310E+2	6.766900E+1	1.410000E+0
2.131500E+1	9.971305E-1	2.339927E+0	3.301310E+2	6.766900E+1	1.410000E+0
2.132800E+1	9.971305E-1	2.339927E+0	3.301310E+2	6.766900E+1	1.410000E+0
2.141100E+1	9.981271E-1	2.349345E+0	3.301310E+2	6.766900E+1	1.410000E+0
2.141800E+1	9.981271E-1	2.349345E+0	3.301310E+2	6.766900E+1	1.410000E+0
2.150400E+1	9.981279E-1	2.350568E+0	3.301310E+2	6.766900E+1	1.410000E+0
2.151300E+1	9.981279E-1	2.350568E+0	3.301310E+2	6.766900E+1	1.410000E+0
2.162500E+1	1.009324E+0	2.444728E+0	3.301310E+2	6.766900E+1	1.410000E+0
2.163400E+1	1.009324E+0	2.444728E+0	3.301310E+2	6.766900E+1	1.410000E+0
2.171400E+1	1.009326E+0	2.446529E+0	3.301310E+2	6.766900E+1	1.410000E+0
2.172300E+1	1.009326E+0	2.446529E+0	3.301310E+2	6.766900E+1	1.410000E+0
2.180400E+1	1.020377E+0	2.544326E+0	3.301310E+2	6.766900E+1	1.410000E+0
2.181200E+1	1.020377E+0	2.544326E+0	3.301310E+2	6.766900E+1	1.410000E+0
2.189500E+1	1.020384E+0	2.545903E+0	3.301310E+2	6.766900E+1	1.410000E+0
2.190400E+1	1.020384E+0	2.545903E+0	3.301310E+2	6.766900E+1	1.410000E+0
2.198500E+1	1.029248E+0	2.623069E+0	3.301310E+2	6.766900E+1	1.410000E+0
2.199300E+1	1.029248E+0	2.623069E+0	3.301310E+2	6.766900E+1	1.410000E+0
2.210400E+1	1.031412E+0	2.645403E+0	3.301310E+2	6.766900E+1	1.410000E+0
2.211300E+1	1.031412E+0	2.645403E+0	3.301310E+2	6.766900E+1	1.410000E+0
2.219400E+1	1.039762E+0	2.721776E+0	3.301310E+2	6.766900E+1	1.410000E+0
2.220300E+1	1.039762E+0	2.721776E+0	3.301310E+2	6.766900E+1	1.410000E+0
2.228400E+1	1.042461E+0	2.749123E+0	3.301310E+2	6.766900E+1	1.410000E+0
2.229300E+1	1.042461E+0	2.749123E+0	3.301310E+2	6.766900E+1	1.410000E+0
2.237300E+1	1.046665E+0	2.788424E+0	3.301310E+2	6.766900E+1	1.410000E+0
2.238600E+1	1.046665E+0	2.788424E+0	3.301310E+2	6.766900E+1	1.410000E+0
2.246900E+1	1.047930E+0	2.801485E+0	3.301310E+2	6.766900E+1	1.410000E+0
2.247800E+1	1.047930E+0	2.801485E+0	3.301310E+2	6.766900E+1	1.410000E+0
2.259300E+1	1.047923E+0	2.802519E+0	3.301310E+2	6.766900E+1	1.410000E+0
2.260300E+1	1.047923E+0	2.802519E+0	3.301310E+2	6.766900E+1	1.410000E+0
2.268400E+1	1.058963E+0	2.906112E+0	3.301310E+2	6.766900E+1	1.410000E+0
2.269200E+1	1.058963E+0	2.906112E+0	3.301310E+2	6.766900E+1	1.410000E+0
2.277300E+1	1.058974E+0	2.907186E+0	3.301310E+2	6.766900E+1	1.410000E+0
2.278100E+1	1.058974E+0	2.907186E+0	3.301310E+2	6.766900E+1	1.410000E+0
2.286300E+1	1.069975E+0	3.013156E+0	3.301310E+2	6.766900E+1	1.410000E+0
2.287200E+1	1.069975E+0	3.013156E+0	3.301310E+2	6.766900E+1	1.410000E+0
2.295300E+1	1.069987E+0	3.015360E+0	3.301310E+2	6.766900E+1	1.410000E+0
2.296200E+1	1.069987E+0	3.015360E+0	3.301310E+2	6.766900E+1	1.410000E+0
2.307300E+1	1.079040E+0	3.104208E+0	3.301310E+2	6.766900E+1	1.410000E+0
2.308200E+1	1.079040E+0	3.104208E+0	3.301310E+2	6.766900E+1	1.410000E+0
2.316200E+1	1.081027E+0	3.125494E+0	3.301310E+2	6.766900E+1	1.410000E+0
2.317100E+1	1.081027E+0	3.125494E+0	3.301310E+2	6.766900E+1	1.410000E+0
2.325200E+1	1.089907E+0	3.214022E+0	3.301310E+2	6.766900E+1	1.410000E+0
2.326100E+1	1.089907E+0	3.214022E+0	3.301310E+2	6.766900E+1	1.410000E+0
2.334200E+1	1.091949E+0	3.236811E+0	3.301310E+2	6.766900E+1	1.410000E+0
2.335600E+1	1.091949E+0	3.236811E+0	3.301310E+2	6.766900E+1	1.410000E+0
2.343800E+1	1.100820E+0	3.349212E+0	3.301310E+2	6.766900E+1	1.410000E+0
2.344700E+1	1.100820E+0	3.349212E+0	3.301310E+2	6.766900E+1	1.410000E+0
2.356300E+1	1.103001E+0	3.351223E+0	3.301310E+2	6.766900E+1	1.410000E+0
2.357200E+1	1.103001E+0	3.351223E+0	3.301310E+2	6.766900E+1	1.410000E+0
2.365200E+1	1.103003E+0	3.353155E+0	3.301310E+2	6.766900E+1	1.410000E+0
2.366100E+1	1.103003E+0	3.353155E+0	3.301310E+2	6.766900E+1	1.410000E+0
2.374200E+1	1.105906E+0	3.382492E+0	3.301310E+2	6.766900E+1	1.410000E+0
2.375100E+1	1.105906E+0	3.382492E+0	3.301310E+2	6.766900E+1	1.410000E+0
2.383100E+1	1.108532E+0	3.412017E+0	3.301310E+2	6.766900E+1	1.410000E+0
2.384000E+1	1.108532E+0	3.412017E+0	3.301310E+2	6.766900E+1	1.410000E+0
2.392000E+1	1.119563E+0	3.527809E+0	3.301310E+2	6.766900E+1	1.410000E+0
2.392900E+1	1.119563E+0	3.527809E+0	3.301310E+2	6.766900E+1	1.410000E+0
2.404300E+1	1.119562E+0	3.530443E+0	3.301310E+2	6.766900E+1	1.410000E+0
2.405200E+1	1.119562E+0	3.530443E+0	3.301310E+2	6.766900E+1	1.410000E+0
2.413100E+1	1.122432E+0	3.560000E+0	3.301310E+2	6.766900E+1	1.410000E+0
2.414000E+1	1.122432E+0	3.560000E+0	3.301310E+2	6.766900E+1	1.410000E+0
2.422100E+1	1.130580E+0	3.649900E+0	3.301310E+2	6.766900E+1	1.410000E+0
2.423000E+1	1.130580E+0	3.649900E+0	3.301310E+2	6.766900E+1	1.410000E+0
2.430900E+1	1.138914E+0	3.741422E+0	3.301310E+2	6.766900E+1	1.410000E+0
2.432200E+1	1.138914E+0	3.741422E+0	3.301310E+2	6.766900E+1	1.410000E+0
2.440700E+1	1.141587E+0	3.772219E+0	3.301310E+2	6.766900E+1	1.410000E+0
2.441500E+1	1.141587E+0	3.772219E+0	3.301310E+2	6.766900E+1	1.410000E+0
2.453200E+1	1.151061E+0	3.877939E+0	3.301310E+2	6.766900E+1	1.410000E+0
2.454100E+1	1.151061E+0	3.877939E+0	3.301310E+2	6.766900E+1	1.410000E+0
2.462000E+1	1.152624E+0	3.898669E+0	3.301310E+2	6.766900E+1	1.410000E+0
2.462900E+1	1.152624E+0	3.898669E+0	3.301310E+2	6.766900E+1	1.410000E+0
2.471000E+1	1.152624E+0	3.899564E+0	3.301310E+2	6.766900E+1	1.410000E+0
2.471900E+1	1.152624E+0	3.899564E+0	3.301310E+2	6.766900E+1	1.410000E+0
2.479900E+1	1.158096E+0	3.962987E+0	3.301310E+2	6.766900E+1	1.410000E+0
2.480800E+1	1.158096E+0	3.962987E+0	3.301310E+2	6.766900E+1	1.410000E+0
2.488900E+1	1.158092E+0	3.963150E+0	3.301310E+2	6.766900E+1	1.410000E+0
2.489800E+1	1.158092E+0	3.963150E+0	3.301310E+2	6.766900E+1	1.410000E+0
2.501300E+1	1.166682E+0	4.061101E+0	3.301310E+2	6.766900E+1	1.410000E+0
2.502100E+1	1.166682E+0	4.061101E+0	3.301310E+2	6.766900E+1	1.410000E+0
2.510500E+1	1.169135E+0	4.093050E+0	3.301310E+2	6.766900E+1	1.410000E+0
2.511500E+1	1.169135E+0	4.093050E+0	3.301310E+2	6.766900E+1	1.410000E+0
2.519900E+1	1.180035E+0	4.220369E+0	3.301310E+2	6.766900E+1	1.410000E+0
2.520800E+1	1.180035E+0	4.220369E+0	3.301310E+2	6.766900E+1	1.410000E+0
2.528900E+1	1.180082E+0	4.222983E+0	3.301310E+2	6.766900E+1	1.410000E+0
2.529800E+1	1.180082E+0	4.222983E+0	3.301310E+2	6.766900E+1	1.410000E+0
2.537900E+1	1.184470E+0	4.273988E+0	3.301310E+2	6.766900E+1	1.410000E+0
2.539100E+1	1.184470E+0	4.273988E+0	3.301310E+2	6.766900E+1	1.410000E+0
2.550600E+1	1.191132E+0	4.356343E+0	3.301310E+2	6.766900E+1	1.410000E+0
2.551500E+1	1.191132E+0	4.356343E+0	3.301310E+2	6.766900E+1	1.410000E+0
2.559900E+1	1.196638E+0	4.425150E+0	3.301310E+2	6.766900E+1	1.410000E+0
2.560800E+1	1.196638E+0	4.425150E+0	3.301310E+2	6.766900E+1	1.410000E+0
2.568900E+1	1.202151E+0	4.493982E+0	3.301310E+2	6.766900E+1	1.410000E+0
2.569700E+1	1.202151E+0	4.493982E+0	3.301310E+2	6.766900E+1	1.410000E+0
2.577800E+1	1.202161E+0	4.492504E+0	3.301310E+2	6.766900E+1	1.410000E+0
2.578700E+1	1.202161E+0	4.492504E+0	3.301310E+2	6.766900E+1	1.410000E+0
2.586800E+1	1.207680E+0	4.561395E+0	3.301310E+2	6.766900E+1	1.410000E+0
2.587700E+1	1.207680E+0	4.561395E+0	3.301310E+2	6.766900E+1	1.410000E+0
2.598900E+1	1.207710E+0	4.562763E+0	3.301310E+2	6.766900E+1	1.410000E+0
2.599800E+1	1.207710E+0	4.562763E+0	3.301310E+2	6.766900E+1	1.410000E+0
2.607800E+1	1.218719E+0	4.700449E+0	3.301310E+2	6.766900E+1	1.410000E+0
2.608700E+1	1.218719E+0	4.700449E+0	3.301310E+2	6.766900E+1	1.410000E+0
2.616800E+1	1.218739E+0	4.703951E+0	3.301310E+2	6.766900E+1	1.410000E+0
2.617600E+1	1.218739E+0	4.703951E+0	3.301310E+2	6.766900E+1	1.410000E+0
2.625800E+1	1.227000E+0	4.806874E+0	3.301310E+2	6.766900E+1	1.410000E+0
2.626600E+1	1.227000E+0	4.806874E+0	3.301310E+2	6.766900E+1	1.410000E+0
2.634700E+1	1.229717E+0	4.842499E+0	3.301310E+2	6.766900E+1	1.410000E+0
2.636000E+1	1.229717E+0	4.842499E+0	3.301310E+2	6.766900E+1	1.410000E+0
2.647500E+1	1.238302E+0	4.984087E+0	3.301310E+2	6.766900E+1	1.410000E+0
2.648300E+1	1.238302E+0	4.984087E+0	3.301310E+2	6.766900E+1	1.410000E+0
2.656700E+1	1.240771E+0	4.988049E+0	3.301310E+2	6.766900E+1	1.410000E+0
2.657600E+1	1.240771E+0	4.988049E+0	3.301310E+2	6.766900E+1	1.410000E+0
2.665700E+1	1.249012E+0	5.095885E+0	3.301310E+2	6.766900E+1	1.410000E+0
2.666600E+1	1.249012E+0	5.095885E+0	3.301310E+2	6.766900E+1	1.410000E+0
2.674600E+1	1.251772E+0	5.135384E+0	3.301310E+2	6.766900E+1	1.410000E+0
2.675500E+1	1.251772E+0	5.135384E+0	3.301310E+2	6.766900E+1	1.410000E+0
2.683700E+1	1.251777E+0	5.135310E+0	3.301310E+2	6.766900E+1	1.410000E+0
2.684600E+1	1.251777E+0	5.135310E+0	3.301310E+2	6.766900E+1	1.410000E+0
2.695800E+1	1.262809E+0	5.281474E+0	3.301310E+2	6.766900E+1	1.410000E+0
2.696700E+1	1.262809E+0	5.281474E+0	3.301310E+2	6.766900E+1	1.410000E+0
2.704700E+1	1.262831E+0	5.286474E+0	3.301310E+2	6.766900E+1	1.410000E+0
2.705500E+1	1.262831E+0	5.286474E+0	3.301310E+2	6.766900E+1	1.410000E+0
2.713600E+1	1.268230E+0	5.357840E+0	3.301310E+2	6.766900E+1	1.410000E+0
2.714400E+1	1.268230E+0	5.357840E+0	3.301310E+2	6.766900E+1	1.410000E+0
2.722600E+1	1.268241E+0	5.360293E+0	3.301310E+2	6.766900E+1	1.410000E+0
2.723500E+1	1.268241E+0	5.360293E+0	3.301310E+2	6.766900E+1	1.410000E+0
2.731700E+1	1.276836E+0	5.478579E+0	3.301310E+2	6.766900E+1	1.410000E+0
2.732900E+1	1.276836E+0	5.478579E+0	3.301310E+2	6.766900E+1	1.410000E+0
2.744500E+1	1.279267E+0	5.515541E+0	3.301310E+2	6.766900E+1	1.410000E+0
2.745400E+1	1.279267E+0	5.515541E+0	3.301310E+2	6.766900E+1	1.410000E+0
2.753600E+1	1.288255E+0	5.638372E+0	3.301310E+2	6.766900E+1	1.410000E+0
2.754400E+1	1.288255E+0	5.638372E+0	3.301310E+2	6.766900E+1	1.410000E+0
2.762600E+1	1.290275E+0	5.669268E+0	3.301310E+2	6.766900E+1	1.410000E+0
2.763500E+1	1.290275E+0	5.669268E+0	3.301310E+2	6.766900E+1	1.410000E+0
2.771600E+1	1.299100E+0	5.792546E+0	3.301310E+2	6.766900E+1	1.410000E+0
2.772400E+1	1.299100E+0	5.792546E+0	3.301310E+2	6.766900E+1	1.410000E+0
2.780500E+1	1.301315E+0	5.827411E+0	3.301310E+2	6.766900E+1	1.410000E+0
2.781400E+1	1.301315E+0	5.827411E+0	3.301310E+2	6.766900E+1	1.410000E+0
2.792600E+1	1.301293E+0	5.828905E+0	3.301310E+2	6.766900E+1	1.410000E+0
2.793500E+1	1.301293E+0	5.828905E+0	3.301310E+2	6.766900E+1	1.410000E+0
2.801500E+1	1.312286E+0	5.987241E+0	3.301310E+2	6.766900E+1	1.410000E+0
2.802300E+1	1.312286E+0	5.987241E+0	3.301310E+2	6.766900E+1	1.410000E+0
2.810500E+1	1.312307E+0	5.992059E+0	3.301310E+2	6.766900E+1	1.410000E+0
2.811400E+1	1.312307E+0	5.992059E+0	3.301310E+2	6.766900E+1	1.410000E+0
2.819500E+1	1.317831E+0	6.073001E+0	3.301310E+2	6.766900E+1	1.410000E+0
2.820400E+1	1.317831E+0	6.073001E+0	3.301310E+2	6.766900E+1	1.410000E+0
2.828500E+1	1.317832E+0	6.071705E+0	3.301310E+2	6.766900E+1	1.410000E+0
2.829400E+1	1.317832E+0	6.071705E+0	3.301310E+2	6.766900E+1	1.410000E+0
2.840600E+1	1.326919E+0	6.204947E+0	3.301310E+2	6.766900E+1	1.410000E+0
2.842000E+1	1.326919E+0	6.204947E+0	3.301310E+2	6.766900E+1	1.410000E+0
2.850400E+1	1.328858E+0	6.235426E+0	3.301310E+2	6.766900E+1	1.410000E+0
2.851300E+1	1.328858E+0	6.235426E+0	3.301310E+2	6.766900E+1	1.410000E+0
2.859500E+1	1.337463E+0	6.361996E+0	3.301310E+2	6.766900E+1	1.410000E+0
2.860400E+1	1.337463E+0	6.361996E+0	3.301310E+2	6.766900E+1	1.410000E+0
2.868500E+1	1.339885E+0	6.401666E+0	3.301310E+2	6.766900E+1	1.410000E+0
2.869400E+1	1.339885E+0	6.401666E+0	3.301310E+2	6.766900E+1	1.410000E+0
2.877500E+1	1.348791E+0	6.535787E+0	3.301310E+2	6.766900E+1	1.410000E+0
2.878400E+1	1.348791E+0	6.535787E+0	3.301310E+2	6.766900E+1	1.410000E+0
2.889500E+1	1.350933E+0	6.569008E+0	3.301310E+2	6.766900E+1	1.410000E+0
2.890400E+1	1.350933E+0	6.569008E+0	3.301310E+2	6.766900E+1	1.410000E+0
2.898400E+1	1.350929E+0	6.571971E+0	3.301310E+2	6.766900E+1	1.410000E+0
2.899300E+1	1.350929E+0	6.571971E+0	3.301310E+2	6.766900E+1	1.410000E+0
2.907400E+1	1.362327E+0	6.747589E+0	3.301310E+2	6.766900E+1	1.410000E+0
2.908400E+1	1.362327E+0	6.747589E+0	3.301310E+2	6.766900E+1	1.410000E+0
2.916400E+1	1.362367E+0	6.747325E+0	3.301310E+2	6.766900E+1	1.410000E+0
2.917200E+1	1.362367E+0	6.747325E+0	3.301310E+2	6.766900E+1	1.410000E+0
2.925400E+1	1.373414E+0	6.920596E+0	3.301310E+2	6.766900E+1	1.410000E+0
2.926300E+1	1.373414E+0	6.920596E+0	3.301310E+2	6.766900E+1	1.410000E+0
2.937500E+1	1.373427E+0	6.923075E+0	3.301310E+2	6.766900E+1	1.410000E+0
2.938800E+1	1.373427E+0	6.923075E+0	3.301310E+2	6.766900E+1	1.410000E+0
2.946900E+1	1.377037E+0	7.001223E+0	3.301310E+2	6.766900E+1	1.410000E+0
2.947800E+1	1.377037E+0	7.001223E+0	3.301310E+2	6.766900E+1	1.410000E+0
2.956300E+1	1.378911E+0	7.011983E+0	3.301310E+2	6.766900E+1	1.410000E+0
2.957200E+1	1.378911E+0	7.011983E+0	3.301310E+2	6.766900E+1	1.410000E+0
2.965300E+1	1.386585E+0	7.129272E+0	3.301310E+2	6.766900E+1	1.410000E+0
2.966200E+1	1.386585E+0	7.129272E+0	3.301310E+2	6.766900E+1	1.410000E+0
2.974300E+1	1.389963E+0	7.185617E+0	3.301310E+2	6.766900E+1	1.410000E+0
2.975100E+1	1.389963E+0	7.185617E+0	3.301310E+2	6.766900E+1	1.410000E+0
2.986400E+1	1.398792E+0	7.329982E+0	3.301310E+2	6.766900E+1	1.410000E+0
2.987300E+1	1.398792E+0	7.329982E+0	3.301310E+2	6.766900E+1	1.410000E+0
2.995200E+1	1.400959E+0	7.369625E+0	3.301310E+2	6.766900E+1	1.410000E+0
2.996100E+1	1.400959E+0	7.369625E+0	3.301310E+2	6.766900E+1	1.410000E+0
3.004200E+1	1.400950E+0	7.366207E+0	3.301310E+2	6.766900E+1	1.410000E+0
3.005100E+1	1.400950E+0	7.366207E+0	3.301310E+2	6.766900E+1	1.410000E+0
3.013200E+1	1.412005E+0	7.549310E+0	3.301310E+2	6.766900E+1	1.410000E+0
3.014100E+1	1.412005E+0	7.549310E+0	3.301310E+2	6.766900E+1	1.410000E+0
3.022300E+1	1.412015E+0	7.550796E+0	3.301310E+2	6.766900E+1	1.410000E+0
3.023200E+1	1.412015E+0	7.550796E+0	3.301310E+2	6.766900E+1	1.410000E+0
3.034600E+1	1.423028E+0	7.730474E+0	3.301310E+2	6.766900E+1	1.410000E+0
3.035900E+1	1.423028E+0	7.730474E+0	3.301310E+2	6.766900E+1	1.410000E+0
3.044200E+1	1.423026E+0	7.738595E+0	3.301310E+2	6.766900E+1	1.410000E+0
3.045100E+1	1.423026E+0	7.738595E+0	3.301310E+2	6.766900E+1	1.410000E+0
3.053200E+1	1.425787E+0	7.781185E+0	3.301310E+2	6.766900E+1	1.410000E+0
3.054100E+1	1.425787E+0	7.781185E+0	3.301310E+2	6.766900E+1	1.410000E+0
3.062200E+1	1.428559E+0	7.830252E+0	3.301310E+2	6.766900E+1	1.410000E+0
3.063100E+1	1.428559E+0	7.830252E+0	3.301310E+2	6.766900E+1	1.410000E+0
3.071200E+1	1.436770E+0	7.967904E+0	3.301310E+2	6.766900E+1	1.410000E+0
3.072100E+1	1.436770E+0	7.967904E+0	3.301310E+2	6.766900E+1	1.410000E+0
3.083200E+1	1.439579E+0	8.018484E+0	3.301310E+2	6.766900E+1	1.410000E+0
3.084100E+1	1.439579E+0	8.018484E+0	3.301310E+2	6.766900E+1	1.410000E+0
3.092100E+1	1.448298E+0	8.166635E+0	3.301310E+2	6.766900E+1	1.410000E+0
3.093000E+1	1.448298E+0	8.166635E+0	3.301310E+2	6.766900E+1	1.410000E+0
3.101100E+1	1.450514E+0	8.208497E+0	3.301310E+2	6.766900E+1	1.410000E+0
3.102000E+1	1.450514E+0	8.208497E+0	3.301310E+2	6.766900E+1	1.410000E+0
3.110100E+1	1.450519E+0	8.210502E+0	3.301310E+2	6.766900E+1	1.410000E+0
3.111000E+1	1.450519E+0	8.210502E+0	3.301310E+2	6.766900E+1	1.410000E+0
3.119200E+1	1.461520E+0	8.398978E+0	3.301310E+2	6.766900E+1	1.410000E+0
3.120100E+1	1.461520E+0	8.398978E+0	3.301310E+2	6.766900E+1	1.410000E+0
3.131300E+1	1.461556E+0	8.406352E+0	3.301310E+2	6.766900E+1	1.410000E+0
3.132500E+1	1.461556E+0	8.406352E+0	3.301310E+2	6.766900E+1	1.410000E+0
3.140800E+1	1.469327E+0	8.587354E+0	3.301310E+2	6.766900E+1	1.410000E+0
3.141700E+1	1.469327E+0	8.587354E+0	3.301310E+2	6.766900E+1	1.410000E+0
3.150100E+1	1.472578E+0	8.599128E+0	3.301310E+2	6.766900E+1	1.410000E+0
3.151000E+1	1.472578E+0	8.599128E+0	3.301310E+2	6.766900E+1	1.410000E+0
3.159100E+1	1.475231E+0	8.648624E+0	3.301310E+2	6.766900E+1	1.410000E+0
3.160000E+1	1.475231E+0	8.648624E+0	3.301310E+2	6.766900E+1	1.410000E+0
3.168000E+1	1.478081E+0	8.701870E+0	3.301310E+2	6.766900E+1	1.410000E+0
3.168900E+1	1.478081E+0	8.701870E+0	3.301310E+2	6.766900E+1	1.410000E+0
3.180200E+1	1.486065E+0	8.845249E+0	3.301310E+2	6.766900E+1	1.410000E+0
3.181100E+1	1.486065E+0	8.845249E+0	3.301310E+2	6.766900E+1	1.410000E+0
3.189100E+1	1.489067E+0	8.901270E+0	3.301310E+2	6.766900E+1	1.410000E+0
3.190000E+1	1.489067E+0	8.901270E+0	3.301310E+2	6.766900E+1	1.410000E+0
3.198100E+1	1.496802E+0	9.043402E+0	3.301310E+2	6.766900E+1	1.410000E+0
3.198900E+1	1.496802E+0	9.043402E+0	3.301310E+2	6.766900E+1	1.410000E+0
3.207100E+1	1.500104E+0	9.109448E+0	3.301310E+2	6.766900E+1	1.410000E+0
3.207900E+1	1.500104E+0	9.109448E+0	3.301310E+2	6.766900E+1	1.410000E+0
3.216000E+1	1.500097E+0	9.107692E+0	3.301310E+2	6.766900E+1	1.410000E+0
3.216900E+1	1.500097E+0	9.107692E+0	3.301310E+2	6.766900E+1	1.410000E+0
3.228200E+1	1.511101E+0	9.314493E+0	3.301310E+2	6.766900E+1	1.410000E+0
3.229000E+1	1.511101E+0	9.314493E+0	3.301310E+2	6.766900E+1	1.410000E+0
3.237000E+1	1.511118E+0	9.323021E+0	3.301310E+2	6.766900E+1	1.410000E+0
3.238300E+1	1.511118E+0	9.323021E+0	3.301310E+2	6.766900E+1	1.410000E+0
3.246600E+1	1.522148E+0	9.525053E+0	3.301310E+2	6.766900E+1	1.410000E+0
3.247500E+1	1.522148E+0	9.525053E+0	3.301310E+2	6.766900E+1	1.410000E+0
3.255900E+1	1.522144E+0	9.529009E+0	3.301310E+2	6.766900E+1	1.410000E+0
3.256800E+1	1.522144E+0	9.529009E+0	3.301310E+2	6.766900E+1	1.410000E+0
3.265000E+1	1.531099E+0	9.700628E+0	3.301310E+2	6.766900E+1	1.410000E+0
3.265900E+1	1.531099E+0	9.700628E+0	3.301310E+2	6.766900E+1	1.410000E+0
3.277000E+1	1.533094E+0	9.737242E+0	3.301310E+2	6.766900E+1	1.410000E+0
3.277800E+1	1.533094E+0	9.737242E+0	3.301310E+2	6.766900E+1	1.410000E+0
3.285900E+1	1.536777E+0	9.809761E+0	3.301310E+2	6.766900E+1	1.410000E+0
3.286800E+1	1.536777E+0	9.809761E+0	3.301310E+2	6.766900E+1	1.410000E+0
3.294800E+1	1.538632E+0	9.850402E+0	3.301310E+2	6.766900E+1	1.410000E+0
3.295700E+1	1.538632E+0	9.850402E+0	3.301310E+2	6.766900E+1	1.410000E+0
3.303900E+1	1.542823E+0	9.929352E+0	3.301310E+2	6.766900E+1	1.410000E+0
3.304800E+1	1.542823E+0	9.929352E+0	3.301310E+2	6.766900E+1	1.410000E+0
3.312900E+1	1.549671E+0	1.006532E+1	3.301310E+2	6.766900E+1	1.410000E+0
