Sample;s1(i1)
V-V length(cm);1.000000
Field (T);9.040446
Temp (K);4.200000
Angle (deg.);0.000000
Field(T)_memo;10.000000
Time(sec.)	Current(A)	Voltage(uV)	Temp.1(K)	Temp.2(K)	Temp.3(K)
0.000000E+0	7.217981E-4	-4.710031E-4	3.301310E+2	6.766900E+1	1.410000E+0
4.400000E-2	7.217981E-4	-4.137597E-4	3.301310E+2	6.766900E+1	1.410000E+0
5.300000E-2	7.217981E-4	-4.137597E-4	3.301310E+2	6.766900E+1	1.410000E+0
1.360000E-1	7.187909E-4	-2.701489E-4	3.301310E+2	6.766900E+1	1.410000E+0
1.450000E-1	7.187909E-4	-2.701489E-4	3.301310E+2	6.766900E+1	1.410000E+0
2.270000E-1	7.187909E-4	-2.902343E-4	3.301310E+2	6.766900E+1	1.410000E+0
2.360000E-1	7.187909E-4	-2.902343E-4	3.301310E+2	6.766900E+1	1.410000E+0
3.170000E-1	7.290156E-4	-3.143368E-4	3.301310E+2	6.766900E+1	1.410000E+0
3.430000E-1	7.290156E-4	-3.143368E-4	3.301310E+2	6.766900E+1	1.410000E+0
4.260000E-1	1.171725E-2	3.880443E-1	3.301310E+2	6.766900E+1	1.410000E+0
4.350000E-1	1.171725E-2	3.880443E-1	3.301310E+2	6.766900E+1	1.410000E+0
5.160000E-1	1.173709E-2	3.885595E-1	3.301310E+2	6.766900E+1	1.410000E+0
5.250000E-1	1.173709E-2	3.885595E-1	3.301310E+2	6.766900E+1	1.410000E+0
6.070000E-1	1.173048E-2	3.884365E-1	3.301310E+2	6.766900E+1	1.410000E+0
6.150000E-1	1.173048E-2	3.884365E-1	3.301310E+2	6.766900E+1	1.410000E+0
6.970000E-1	1.173449E-2	3.884149E-1	3.301310E+2	6.766900E+1	1.410000E+0
7.060000E-1	1.173449E-2	3.884149E-1	3.301310E+2	6.766900E+1	1.410000E+0
8.170000E-1	1.172847E-2	3.884390E-1	3.301310E+2	6.766900E+1	1.410000E+0
8.260000E-1	1.172847E-2	3.884390E-1	3.301310E+2	6.766900E+1	1.410000E+0
9.060000E-1	1.172948E-2	3.885148E-1	3.301310E+2	6.766900E+1	1.410000E+0
9.150000E-1	1.172948E-2	3.885148E-1	3.301310E+2	6.766900E+1	1.410000E+0
9.970000E-1	1.997706E-2	7.173167E-1	3.301310E+2	6.766900E+1	1.410000E+0
1.006000E+0	1.997706E-2	7.173167E-1	3.301310E+2	6.766900E+1	1.410000E+0
1.087000E+0	2.276763E-2	8.314681E-1	3.301310E+2	6.766900E+1	1.410000E+0
1.096000E+0	2.276763E-2	8.314681E-1	3.301310E+2	6.766900E+1	1.410000E+0
1.177000E+0	2.276262E-2	8.317674E-1	3.301310E+2	6.766900E+1	1.410000E+0
1.185000E+0	2.276262E-2	8.317674E-1	3.301310E+2	6.766900E+1	1.410000E+0
1.297000E+0	2.276683E-2	8.319000E-1	3.301310E+2	6.766900E+1	1.410000E+0
1.311000E+0	2.276683E-2	8.319000E-1	3.301310E+2	6.766900E+1	1.410000E+0
1.392000E+0	2.276582E-2	8.317333E-1	3.301310E+2	6.766900E+1	1.410000E+0
1.401000E+0	2.276582E-2	8.317333E-1	3.301310E+2	6.766900E+1	1.410000E+0
1.486000E+0	2.277424E-2	8.320285E-1	3.301310E+2	6.766900E+1	1.410000E+0
1.495000E+0	2.277424E-2	8.320285E-1	3.301310E+2	6.766900E+1	1.410000E+0
1.577000E+0	2.276482E-2	8.318744E-1	3.301310E+2	6.766900E+1	1.410000E+0
1.586000E+0	2.276482E-2	8.318744E-1	3.301310E+2	6.766900E+1	1.410000E+0
1.667000E+0	2.827397E-2	1.060720E+0	3.301310E+2	6.766900E+1	1.410000E+0
1.676000E+0	2.827397E-2	1.060720E+0	3.301310E+2	6.766900E+1	1.410000E+0
1.790000E+0	2.829101E-2	1.061234E+0	3.301310E+2	6.766900E+1	1.410000E+0
1.799000E+0	2.829101E-2	1.061234E+0	3.301310E+2	6.766900E+1	1.410000E+0
1.882000E+0	2.829342E-2	1.061608E+0	3.301310E+2	6.766900E+1	1.410000E+0
1.891000E+0	2.829342E-2	1.061608E+0	3.301310E+2	6.766900E+1	1.410000E+0
1.975000E+0	2.829282E-2	1.061517E+0	3.301310E+2	6.766900E+1	1.410000E+0
1.984000E+0	2.829282E-2	1.061517E+0	3.301310E+2	6.766900E+1	1.410000E+0
2.067000E+0	2.829041E-2	1.061316E+0	3.301310E+2	6.766900E+1	1.410000E+0
2.075000E+0	2.829041E-2	1.061316E+0	3.301310E+2	6.766900E+1	1.410000E+0
2.157000E+0	2.828961E-2	1.061629E+0	3.301310E+2	6.766900E+1	1.410000E+0
2.165000E+0	2.828961E-2	1.061629E+0	3.301310E+2	6.766900E+1	1.410000E+0
2.277000E+0	2.828921E-2	1.061170E+0	3.301310E+2	6.766900E+1	1.410000E+0
2.290000E+0	2.828921E-2	1.061170E+0	3.301310E+2	6.766900E+1	1.410000E+0
2.373000E+0	3.921028E-2	1.524879E+0	3.301310E+2	6.766900E+1	1.410000E+0
2.381000E+0	3.921028E-2	1.524879E+0	3.301310E+2	6.766900E+1	1.410000E+0
2.467000E+0	3.923353E-2	1.525390E+0	3.301310E+2	6.766900E+1	1.410000E+0
2.476000E+0	3.923353E-2	1.525390E+0	3.301310E+2	6.766900E+1	1.410000E+0
2.557000E+0	3.924416E-2	1.526065E+0	3.301310E+2	6.766900E+1	1.410000E+0
2.566000E+0	3.924416E-2	1.526065E+0	3.301310E+2	6.766900E+1	1.410000E+0
2.645000E+0	3.924917E-2	1.526243E+0	3.301310E+2	6.766900E+1	1.410000E+0
2.655000E+0	3.924917E-2	1.526243E+0	3.301310E+2	6.766900E+1	1.410000E+0
2.767000E+0	3.924436E-2	1.525945E+0	3.301310E+2	6.766900E+1	1.410000E+0
2.776000E+0	3.924436E-2	1.525945E+0	3.301310E+2	6.766900E+1	1.410000E+0
2.857000E+0	3.923915E-2	1.525770E+0	3.301310E+2	6.766900E+1	1.410000E+0
2.866000E+0	3.923915E-2	1.525770E+0	3.301310E+2	6.766900E+1	1.410000E+0
2.946000E+0	4.693680E-2	1.857637E+0	3.301310E+2	6.766900E+1	1.410000E+0
2.955000E+0	4.693680E-2	1.857637E+0	3.301310E+2	6.766900E+1	1.410000E+0
3.036000E+0	5.027429E-2	2.003236E+0	3.301310E+2	6.766900E+1	1.410000E+0
3.045000E+0	5.027429E-2	2.003236E+0	3.301310E+2	6.766900E+1	1.410000E+0
3.126000E+0	5.027730E-2	2.003281E+0	3.301310E+2	6.766900E+1	1.410000E+0
3.134000E+0	5.027730E-2	2.003281E+0	3.301310E+2	6.766900E+1	1.410000E+0
3.247000E+0	5.029273E-2	2.003891E+0	3.301310E+2	6.766900E+1	1.410000E+0
3.260000E+0	5.029273E-2	2.003891E+0	3.301310E+2	6.766900E+1	1.410000E+0
3.342000E+0	5.028692E-2	2.003939E+0	3.301310E+2	6.766900E+1	1.410000E+0
3.350000E+0	5.028692E-2	2.003939E+0	3.301310E+2	6.766900E+1	1.410000E+0
3.436000E+0	5.028652E-2	2.003862E+0	3.301310E+2	6.766900E+1	1.410000E+0
3.445000E+0	5.028652E-2	2.003862E+0	3.301310E+2	6.766900E+1	1.410000E+0
3.525000E+0	5.028592E-2	2.004167E+0	3.301310E+2	6.766900E+1	1.410000E+0
3.534000E+0	5.028592E-2	2.004167E+0	3.301310E+2	6.766900E+1	1.410000E+0
3.615000E+0	6.127455E-2	2.485750E+0	3.301310E+2	6.766900E+1	1.410000E+0
3.624000E+0	6.127455E-2	2.485750E+0	3.301310E+2	6.766900E+1	1.410000E+0
3.737000E+0	6.131304E-2	2.487839E+0	3.301310E+2	6.766900E+1	1.410000E+0
3.746000E+0	6.131304E-2	2.487839E+0	3.301310E+2	6.766900E+1	1.410000E+0
3.826000E+0	6.129380E-2	2.487619E+0	3.301310E+2	6.766900E+1	1.410000E+0
3.834000E+0	6.129380E-2	2.487619E+0	3.301310E+2	6.766900E+1	1.410000E+0
3.916000E+0	6.130843E-2	2.487979E+0	3.301310E+2	6.766900E+1	1.410000E+0
3.925000E+0	6.130843E-2	2.487979E+0	3.301310E+2	6.766900E+1	1.410000E+0
4.006000E+0	6.129901E-2	2.487711E+0	3.301310E+2	6.766900E+1	1.410000E+0
4.015000E+0	6.129901E-2	2.487711E+0	3.301310E+2	6.766900E+1	1.410000E+0
4.095000E+0	6.129961E-2	2.487732E+0	3.301310E+2	6.766900E+1	1.410000E+0
4.104000E+0	6.129961E-2	2.487732E+0	3.301310E+2	6.766900E+1	1.410000E+0
4.216000E+0	6.972042E-2	2.859803E+0	3.301310E+2	6.766900E+1	1.410000E+0
4.226000E+0	6.972042E-2	2.859803E+0	3.301310E+2	6.766900E+1	1.410000E+0
4.306000E+0	7.231952E-2	2.976684E+0	3.301310E+2	6.766900E+1	1.410000E+0
4.319000E+0	7.231952E-2	2.976684E+0	3.301310E+2	6.766900E+1	1.410000E+0
4.402000E+0	7.232734E-2	2.977437E+0	3.301310E+2	6.766900E+1	1.410000E+0
4.411000E+0	7.232734E-2	2.977437E+0	3.301310E+2	6.766900E+1	1.410000E+0
4.496000E+0	7.233135E-2	2.977613E+0	3.301310E+2	6.766900E+1	1.410000E+0
4.505000E+0	7.233135E-2	2.977613E+0	3.301310E+2	6.766900E+1	1.410000E+0
4.586000E+0	7.232714E-2	2.977608E+0	3.301310E+2	6.766900E+1	1.410000E+0
4.594000E+0	7.232714E-2	2.977608E+0	3.301310E+2	6.766900E+1	1.410000E+0
4.706000E+0	7.232854E-2	2.977715E+0	3.301310E+2	6.766900E+1	1.410000E+0
4.715000E+0	7.232854E-2	2.977715E+0	3.301310E+2	6.766900E+1	1.410000E+0
4.795000E+0	7.233515E-2	2.977920E+0	3.301310E+2	6.766900E+1	1.410000E+0
4.804000E+0	7.233515E-2	2.977920E+0	3.301310E+2	6.766900E+1	1.410000E+0
4.885000E+0	7.660911E-2	3.168904E+0	3.301310E+2	6.766900E+1	1.410000E+0
4.894000E+0	7.660911E-2	3.168904E+0	3.301310E+2	6.766900E+1	1.410000E+0
4.976000E+0	7.779539E-2	3.221695E+0	3.301310E+2	6.766900E+1	1.410000E+0
4.984000E+0	7.779539E-2	3.221695E+0	3.301310E+2	6.766900E+1	1.410000E+0
5.065000E+0	7.778937E-2	3.221957E+0	3.301310E+2	6.766900E+1	1.410000E+0
5.074000E+0	7.778937E-2	3.221957E+0	3.301310E+2	6.766900E+1	1.410000E+0
5.185000E+0	7.778396E-2	3.221884E+0	3.301310E+2	6.766900E+1	1.410000E+0
5.194000E+0	7.778396E-2	3.221884E+0	3.301310E+2	6.766900E+1	1.410000E+0
5.275000E+0	7.778917E-2	3.222047E+0	3.301310E+2	6.766900E+1	1.410000E+0
5.287000E+0	7.778917E-2	3.222047E+0	3.301310E+2	6.766900E+1	1.410000E+0
5.371000E+0	7.777674E-2	3.221849E+0	3.301310E+2	6.766900E+1	1.410000E+0
5.380000E+0	7.777674E-2	3.221849E+0	3.301310E+2	6.766900E+1	1.410000E+0
5.465000E+0	7.779398E-2	3.222246E+0	3.301310E+2	6.766900E+1	1.410000E+0
5.475000E+0	7.779398E-2	3.222246E+0	3.301310E+2	6.766900E+1	1.410000E+0
5.555000E+0	8.879104E-2	3.716192E+0	3.301310E+2	6.766900E+1	1.410000E+0
5.563000E+0	8.879104E-2	3.716192E+0	3.301310E+2	6.766900E+1	1.410000E+0
5.677000E+0	8.883374E-2	3.718777E+0	3.301310E+2	6.766900E+1	1.410000E+0
5.686000E+0	8.883374E-2	3.718777E+0	3.301310E+2	6.766900E+1	1.410000E+0
5.765000E+0	8.883093E-2	3.718937E+0	3.301310E+2	6.766900E+1	1.410000E+0
5.774000E+0	8.883093E-2	3.718937E+0	3.301310E+2	6.766900E+1	1.410000E+0
5.855000E+0	8.882071E-2	3.718799E+0	3.301310E+2	6.766900E+1	1.410000E+0
