Sample;s5(j2)
V-V length(cm);1.000000
Field (T);13.058602
Temp (K);4.200000
Angle (deg.);0.000000
Field(T)_memo;13.000000
Time(sec.)	Current(A)	Voltage(uV)	Temp.1(K)	Temp.2(K)	Temp.3(K)
0.000000E+0	7.226030E-4	9.038517E-6	3.301310E+2	6.766900E+1	1.410000E+0
6.600000E-2	7.195957E-4	-9.540657E-6	3.301310E+2	6.766900E+1	1.410000E+0
7.600000E-2	7.195957E-4	-9.540657E-6	3.301310E+2	6.766900E+1	1.410000E+0
1.560000E-1	7.145836E-4	1.908131E-5	3.301310E+2	6.766900E+1	1.410000E+0
1.650000E-1	7.145836E-4	1.908131E-5	3.301310E+2	6.766900E+1	1.410000E+0
2.460000E-1	7.107743E-4	1.054494E-5	3.301310E+2	6.766900E+1	1.410000E+0
2.590000E-1	7.107743E-4	1.054494E-5	3.301310E+2	6.766900E+1	1.410000E+0
3.430000E-1	9.440756E-3	3.816263E-5	3.301310E+2	6.766900E+1	1.410000E+0
3.520000E-1	9.440756E-3	3.816263E-5	3.301310E+2	6.766900E+1	1.410000E+0
4.370000E-1	1.171788E-2	2.259629E-5	3.301310E+2	6.766900E+1	1.410000E+0
4.460000E-1	1.171788E-2	2.259629E-5	3.301310E+2	6.766900E+1	1.410000E+0
5.600000E-1	1.171707E-2	1.104708E-5	3.301310E+2	6.766900E+1	1.410000E+0
5.690000E-1	1.171707E-2	1.104708E-5	3.301310E+2	6.766900E+1	1.410000E+0
6.530000E-1	1.171387E-2	1.054494E-5	3.301310E+2	6.766900E+1	1.410000E+0
6.620000E-1	1.171387E-2	1.054494E-5	3.301310E+2	6.766900E+1	1.410000E+0
7.470000E-1	1.171948E-2	1.004280E-6	3.301310E+2	6.766900E+1	1.410000E+0
7.560000E-1	1.171948E-2	1.004280E-6	3.301310E+2	6.766900E+1	1.410000E+0
8.360000E-1	1.171748E-2	-1.657061E-5	3.301310E+2	6.766900E+1	1.410000E+0
8.450000E-1	1.171748E-2	-1.657061E-5	3.301310E+2	6.766900E+1	1.410000E+0
9.270000E-1	2.106796E-2	1.390927E-4	3.301310E+2	6.766900E+1	1.410000E+0
9.360000E-1	2.106796E-2	1.390927E-4	3.301310E+2	6.766900E+1	1.410000E+0
1.048000E+0	2.274423E-2	1.205093E-5	3.301310E+2	6.766900E+1	1.410000E+0
1.057000E+0	2.274423E-2	1.205093E-5	3.301310E+2	6.766900E+1	1.410000E+0
1.137000E+0	2.275285E-2	-1.506462E-5	3.301310E+2	6.766900E+1	1.410000E+0
1.146000E+0	2.275285E-2	-1.506462E-5	3.301310E+2	6.766900E+1	1.410000E+0
1.227000E+0	2.273961E-2	-2.008985E-6	3.301310E+2	6.766900E+1	1.410000E+0
1.241000E+0	2.273961E-2	-2.008985E-6	3.301310E+2	6.766900E+1	1.410000E+0
1.323000E+0	2.274623E-2	-3.013265E-6	3.301310E+2	6.766900E+1	1.410000E+0
1.331000E+0	2.274623E-2	-3.013265E-6	3.301310E+2	6.766900E+1	1.410000E+0
1.418000E+0	2.748473E-2	6.025635E-5	3.301310E+2	6.766900E+1	1.410000E+0
1.428000E+0	2.748473E-2	6.025635E-5	3.301310E+2	6.766900E+1	1.410000E+0
1.538000E+0	2.828046E-2	-1.857960E-5	3.301310E+2	6.766900E+1	1.410000E+0
1.547000E+0	2.828046E-2	-1.857960E-5	3.301310E+2	6.766900E+1	1.410000E+0
1.627000E+0	2.827765E-2	-4.519684E-6	3.301310E+2	6.766900E+1	1.410000E+0
1.637000E+0	2.827765E-2	-4.519684E-6	3.301310E+2	6.766900E+1	1.410000E+0
1.717000E+0	2.827003E-2	-9.541082E-6	3.301310E+2	6.766900E+1	1.410000E+0
1.726000E+0	2.827003E-2	-9.541082E-6	3.301310E+2	6.766900E+1	1.410000E+0
1.808000E+0	2.828406E-2	1.908089E-5	3.301310E+2	6.766900E+1	1.410000E+0
1.817000E+0	2.828406E-2	1.908089E-5	3.301310E+2	6.766900E+1	1.410000E+0
1.898000E+0	2.828727E-2	4.016692E-6	3.301310E+2	6.766900E+1	1.410000E+0
1.907000E+0	2.828727E-2	4.016692E-6	3.301310E+2	6.766900E+1	1.410000E+0
2.018000E+0	3.920456E-2	1.857875E-5	3.301310E+2	6.766900E+1	1.410000E+0
2.028000E+0	3.920456E-2	1.857875E-5	3.301310E+2	6.766900E+1	1.410000E+0
2.107000E+0	3.921839E-2	-9.541082E-6	3.301310E+2	6.766900E+1	1.410000E+0
2.116000E+0	3.921839E-2	-9.541082E-6	3.301310E+2	6.766900E+1	1.410000E+0
2.198000E+0	3.922260E-2	-1.958388E-5	3.301310E+2	6.766900E+1	1.410000E+0
2.211000E+0	3.922260E-2	-1.958388E-5	3.301310E+2	6.766900E+1	1.410000E+0
2.295000E+0	3.923042E-2	6.025251E-6	3.301310E+2	6.766900E+1	1.410000E+0
2.303000E+0	3.923042E-2	6.025251E-6	3.301310E+2	6.766900E+1	1.410000E+0
2.388000E+0	3.922200E-2	-5.025659E-7	3.301310E+2	6.766900E+1	1.410000E+0
2.397000E+0	3.922200E-2	-5.025659E-7	3.301310E+2	6.766900E+1	1.410000E+0
2.510000E+0	4.790587E-2	1.220195E-4	3.301310E+2	6.766900E+1	1.410000E+0
2.518000E+0	4.790587E-2	1.220195E-4	3.301310E+2	6.766900E+1	1.410000E+0
2.598000E+0	5.027221E-2	-1.305606E-5	3.301310E+2	6.766900E+1	1.410000E+0
2.607000E+0	5.027221E-2	-1.305606E-5	3.301310E+2	6.766900E+1	1.410000E+0
2.688000E+0	5.026920E-2	-5.523964E-6	3.301310E+2	6.766900E+1	1.410000E+0
2.697000E+0	5.026920E-2	-5.523964E-6	3.301310E+2	6.766900E+1	1.410000E+0
2.777000E+0	5.027321E-2	1.556591E-5	3.301310E+2	6.766900E+1	1.410000E+0
2.786000E+0	5.027321E-2	1.556591E-5	3.301310E+2	6.766900E+1	1.410000E+0
2.869000E+0	5.026880E-2	-1.004322E-5	3.301310E+2	6.766900E+1	1.410000E+0
2.878000E+0	5.026880E-2	-1.004322E-5	3.301310E+2	6.766900E+1	1.410000E+0
2.989000E+0	5.027201E-2	1.556591E-5	3.301310E+2	6.766900E+1	1.410000E+0
2.998000E+0	5.027201E-2	1.556591E-5	3.301310E+2	6.766900E+1	1.410000E+0
3.078000E+0	6.128151E-2	7.883552E-5	3.301310E+2	6.766900E+1	1.410000E+0
3.087000E+0	6.128151E-2	7.883552E-5	3.301310E+2	6.766900E+1	1.410000E+0
3.168000E+0	6.131800E-2	4.067290E-5	3.301310E+2	6.766900E+1	1.410000E+0
3.176000E+0	6.131800E-2	4.067290E-5	3.301310E+2	6.766900E+1	1.410000E+0
3.259000E+0	6.130397E-2	4.318360E-5	3.301310E+2	6.766900E+1	1.410000E+0
3.272000E+0	6.130397E-2	4.318360E-5	3.301310E+2	6.766900E+1	1.410000E+0
3.356000E+0	6.130938E-2	8.335478E-5	3.301310E+2	6.766900E+1	1.410000E+0
3.365000E+0	6.130938E-2	8.335478E-5	3.301310E+2	6.766900E+1	1.410000E+0
3.479000E+0	6.130136E-2	4.920927E-5	3.301310E+2	6.766900E+1	1.410000E+0
3.488000E+0	6.130136E-2	4.920927E-5	3.301310E+2	6.766900E+1	1.410000E+0
3.570000E+0	6.965142E-2	4.238056E-4	3.301310E+2	6.766900E+1	1.410000E+0
3.579000E+0	6.965142E-2	4.238056E-4	3.301310E+2	6.766900E+1	1.410000E+0
3.659000E+0	7.234034E-2	3.891579E-4	3.301310E+2	6.766900E+1	1.410000E+0
3.668000E+0	7.234034E-2	3.891579E-4	3.301310E+2	6.766900E+1	1.410000E+0
3.749000E+0	7.234255E-2	4.197884E-4	3.301310E+2	6.766900E+1	1.410000E+0
3.758000E+0	7.234255E-2	4.197884E-4	3.301310E+2	6.766900E+1	1.410000E+0
3.839000E+0	7.232931E-2	4.268184E-4	3.301310E+2	6.766900E+1	1.410000E+0
3.848000E+0	7.232931E-2	4.268184E-4	3.301310E+2	6.766900E+1	1.410000E+0
3.959000E+0	7.234535E-2	3.986986E-4	3.301310E+2	6.766900E+1	1.410000E+0
3.969000E+0	7.234535E-2	3.986986E-4	3.301310E+2	6.766900E+1	1.410000E+0
4.049000E+0	7.233513E-2	4.147670E-4	3.301310E+2	6.766900E+1	1.410000E+0
4.058000E+0	7.233513E-2	4.147670E-4	3.301310E+2	6.766900E+1	1.410000E+0
4.139000E+0	7.779718E-2	9.083704E-4	3.301310E+2	6.766900E+1	1.410000E+0
4.148000E+0	7.779718E-2	9.083704E-4	3.301310E+2	6.766900E+1	1.410000E+0
4.230000E+0	7.779938E-2	9.209239E-4	3.301310E+2	6.766900E+1	1.410000E+0
4.243000E+0	7.779938E-2	9.209239E-4	3.301310E+2	6.766900E+1	1.410000E+0
4.325000E+0	7.781222E-2	8.923020E-4	3.301310E+2	6.766900E+1	1.410000E+0
4.334000E+0	7.781222E-2	8.923020E-4	3.301310E+2	6.766900E+1	1.410000E+0
4.451000E+0	7.781322E-2	9.003362E-4	3.301310E+2	6.766900E+1	1.410000E+0
4.460000E+0	7.781322E-2	9.003362E-4	3.301310E+2	6.766900E+1	1.410000E+0
4.540000E+0	7.779758E-2	9.048555E-4	3.301310E+2	6.766900E+1	1.410000E+0
4.548000E+0	7.779758E-2	9.048555E-4	3.301310E+2	6.766900E+1	1.410000E+0
4.629000E+0	8.196148E-2	1.917671E-3	3.301310E+2	6.766900E+1	1.410000E+0
4.639000E+0	8.196148E-2	1.917671E-3	3.301310E+2	6.766900E+1	1.410000E+0
4.720000E+0	8.883295E-2	3.256878E-3	3.301310E+2	6.766900E+1	1.410000E+0
4.730000E+0	8.883295E-2	3.256878E-3	3.301310E+2	6.766900E+1	1.410000E+0
4.809000E+0	8.883957E-2	3.278470E-3	3.301310E+2	6.766900E+1	1.410000E+0
4.819000E+0	8.883957E-2	3.278470E-3	3.301310E+2	6.766900E+1	1.410000E+0
4.932000E+0	8.883937E-2	3.294037E-3	3.301310E+2	6.766900E+1	1.410000E+0
4.941000E+0	8.883937E-2	3.294037E-3	3.301310E+2	6.766900E+1	1.410000E+0
5.026000E+0	8.883456E-2	3.286504E-3	3.301310E+2	6.766900E+1	1.410000E+0
5.035000E+0	8.883456E-2	3.286504E-3	3.301310E+2	6.766900E+1	1.410000E+0
5.119000E+0	8.884899E-2	3.282487E-3	3.301310E+2	6.766900E+1	1.410000E+0
5.128000E+0	8.884899E-2	3.282487E-3	3.301310E+2	6.766900E+1	1.410000E+0
5.209000E+0	9.983925E-2	8.643332E-3	3.301310E+2	6.766900E+1	1.410000E+0
5.222000E+0	9.983925E-2	8.643332E-3	3.301310E+2	6.766900E+1	1.410000E+0
5.307000E+0	9.984507E-2	8.658898E-3	3.301310E+2	6.766900E+1	1.410000E+0
5.314000E+0	9.984507E-2	8.658898E-3	3.301310E+2	6.766900E+1	1.410000E+0
5.432000E+0	9.985810E-2	8.681494E-3	3.301310E+2	6.766900E+1	1.410000E+0
5.441000E+0	9.985810E-2	8.681494E-3	3.301310E+2	6.766900E+1	1.410000E+0
5.521000E+0	9.984827E-2	8.695052E-3	3.301310E+2	6.766900E+1	1.410000E+0
5.529000E+0	9.984827E-2	8.695052E-3	3.301310E+2	6.766900E+1	1.410000E+0
5.611000E+0	9.984226E-2	8.714636E-3	3.301310E+2	6.766900E+1	1.410000E+0
5.620000E+0	9.984226E-2	8.714636E-3	3.301310E+2	6.766900E+1	1.410000E+0
5.700000E+0	1.080967E-1	1.637628E-2	3.301310E+2	6.766900E+1	1.410000E+0
5.709000E+0	1.080967E-1	1.637628E-2	3.301310E+2	6.766900E+1	1.410000E+0
5.791000E+0	1.108804E-1	1.864445E-2	3.301310E+2	6.766900E+1	1.410000E+0
5.799000E+0	1.108804E-1	1.864445E-2	3.301310E+2	6.766900E+1	1.410000E+0
5.912000E+0	1.108744E-1	1.867910E-2	3.301310E+2	6.766900E+1	1.410000E+0
5.921000E+0	1.108744E-1	1.867910E-2	3.301310E+2	6.766900E+1	1.410000E+0
6.001000E+0	1.108666E-1	1.872630E-2	3.301310E+2	6.766900E+1	1.410000E+0
6.009000E+0	1.108666E-1	1.872630E-2	3.301310E+2	6.766900E+1	1.410000E+0
6.091000E+0	1.108720E-1	1.872981E-2	3.301310E+2	6.766900E+1	1.410000E+0
6.100000E+0	1.108720E-1	1.872981E-2	3.301310E+2	6.766900E+1	1.410000E+0
6.181000E+0	1.108732E-1	1.873182E-2	3.301310E+2	6.766900E+1	1.410000E+0
6.190000E+0	1.108732E-1	1.873182E-2	3.301310E+2	6.766900E+1	1.410000E+0
6.271000E+0	1.218134E-1	3.442821E-2	3.301310E+2	6.766900E+1	1.410000E+0
6.284000E+0	1.218134E-1	3.442821E-2	3.301310E+2	6.766900E+1	1.410000E+0
6.398000E+0	1.218338E-1	3.464463E-2	3.301310E+2	6.766900E+1	1.410000E+0
6.407000E+0	1.218338E-1	3.464463E-2	3.301310E+2	6.766900E+1	1.410000E+0
6.492000E+0	1.218460E-1	3.470539E-2	3.301310E+2	6.766900E+1	1.410000E+0
6.501000E+0	1.218460E-1	3.470539E-2	3.301310E+2	6.766900E+1	1.410000E+0
6.581000E+0	1.218258E-1	3.470640E-2	3.301310E+2	6.766900E+1	1.410000E+0
6.590000E+0	1.218258E-1	3.470640E-2	3.301310E+2	6.766900E+1	1.410000E+0
6.671000E+0	1.218354E-1	3.471794E-2	3.301310E+2	6.766900E+1	1.410000E+0
6.680000E+0	1.218354E-1	3.471794E-2	3.301310E+2	6.766900E+1	1.410000E+0
6.762000E+0	1.305556E-1	5.330314E-2	3.301310E+2	6.766900E+1	1.410000E+0
6.770000E+0	1.305556E-1	5.330314E-2	3.301310E+2	6.766900E+1	1.410000E+0
6.882000E+0	1.328586E-1	5.813774E-2	3.301310E+2	6.766900E+1	1.410000E+0
6.892000E+0	1.328586E-1	5.813774E-2	3.301310E+2	6.766900E+1	1.410000E+0
6.971000E+0	1.328692E-1	5.824621E-2	3.301310E+2	6.766900E+1	1.410000E+0
6.981000E+0	1.328692E-1	5.824621E-2	3.301310E+2	6.766900E+1	1.410000E+0
7.061000E+0	1.328734E-1	5.835768E-2	3.301310E+2	6.766900E+1	1.410000E+0
7.070000E+0	1.328734E-1	5.835768E-2	3.301310E+2	6.766900E+1	1.410000E+0
7.152000E+0	1.328618E-1	5.836973E-2	3.301310E+2	6.766900E+1	1.410000E+0
7.161000E+0	1.328618E-1	5.836973E-2	3.301310E+2	6.766900E+1	1.410000E+0
7.241000E+0	1.328664E-1	5.841442E-2	3.301310E+2	6.766900E+1	1.410000E+0
7.253000E+0	1.328664E-1	5.841442E-2	3.301310E+2	6.766900E+1	1.410000E+0
7.370000E+0	1.375656E-1	7.311406E-2	3.301310E+2	6.766900E+1	1.410000E+0
7.379000E+0	1.375656E-1	7.311406E-2	3.301310E+2	6.766900E+1	1.410000E+0
7.462000E+0	1.383976E-1	7.337116E-2	3.301310E+2	6.766900E+1	1.410000E+0
7.470000E+0	1.383976E-1	7.337116E-2	3.301310E+2	6.766900E+1	1.410000E+0
7.553000E+0	1.383830E-1	7.338522E-2	3.301310E+2	6.766900E+1	1.410000E+0
7.561000E+0	1.383830E-1	7.338522E-2	3.301310E+2	6.766900E+1	1.410000E+0
7.642000E+0	1.383876E-1	7.350172E-2	3.301310E+2	6.766900E+1	1.410000E+0
7.652000E+0	1.383876E-1	7.350172E-2	3.301310E+2	6.766900E+1	1.410000E+0
7.732000E+0	1.383874E-1	7.351326E-2	3.301310E+2	6.766900E+1	1.410000E+0
7.741000E+0	1.383874E-1	7.351326E-2	3.301310E+2	6.766900E+1	1.410000E+0
7.853000E+0	1.473744E-1	1.031270E-1	3.301310E+2	6.766900E+1	1.410000E+0
7.862000E+0	1.473744E-1	1.031270E-1	3.301310E+2	6.766900E+1	1.410000E+0
7.942000E+0	1.494139E-1	1.102398E-1	3.301310E+2	6.766900E+1	1.410000E+0
7.951000E+0	1.494139E-1	1.102398E-1	3.301310E+2	6.766900E+1	1.410000E+0
8.033000E+0	1.494025E-1	1.103467E-1	3.301310E+2	6.766900E+1	1.410000E+0
8.041000E+0	1.494025E-1	1.103467E-1	3.301310E+2	6.766900E+1	1.410000E+0
8.122000E+0	1.494111E-1	1.104994E-1	3.301310E+2	6.766900E+1	1.410000E+0
8.131000E+0	1.494111E-1	1.104994E-1	3.301310E+2	6.766900E+1	1.410000E+0
8.212000E+0	1.494137E-1	1.106299E-1	3.301310E+2	6.766900E+1	1.410000E+0
8.225000E+0	1.494137E-1	1.106299E-1	3.301310E+2	6.766900E+1	1.410000E+0
8.339000E+0	1.494175E-1	1.106867E-1	3.301310E+2	6.766900E+1	1.410000E+0
8.348000E+0	1.494175E-1	1.106867E-1	3.301310E+2	6.766900E+1	1.410000E+0
8.433000E+0	1.604413E-1	1.565838E-1	3.301310E+2	6.766900E+1	1.410000E+0
8.441000E+0	1.604413E-1	1.565838E-1	3.301310E+2	6.766900E+1	1.410000E+0
8.523000E+0	1.604577E-1	1.567746E-1	3.301310E+2	6.766900E+1	1.410000E+0
8.533000E+0	1.604577E-1	1.567746E-1	3.301310E+2	6.766900E+1	1.410000E+0
8.611000E+0	1.604481E-1	1.569177E-1	3.301310E+2	6.766900E+1	1.410000E+0
8.619000E+0	1.604481E-1	1.569177E-1	3.301310E+2	6.766900E+1	1.410000E+0
8.703000E+0	1.604535E-1	1.569850E-1	3.301310E+2	6.766900E+1	1.410000E+0
8.712000E+0	1.604535E-1	1.569850E-1	3.301310E+2	6.766900E+1	1.410000E+0
8.823000E+0	1.604365E-1	1.571220E-1	3.301310E+2	6.766900E+1	1.410000E+0
8.832000E+0	1.604365E-1	1.571220E-1	3.301310E+2	6.766900E+1	1.410000E+0
8.913000E+0	1.676878E-1	1.933600E-1	3.301310E+2	6.766900E+1	1.410000E+0
8.922000E+0	1.676878E-1	1.933600E-1	3.301310E+2	6.766900E+1	1.410000E+0
9.003000E+0	1.714444E-1	2.126632E-1	3.301310E+2	6.766900E+1	1.410000E+0
9.012000E+0	1.714444E-1	2.126632E-1	3.301310E+2	6.766900E+1	1.410000E+0
9.093000E+0	1.714414E-1	2.129284E-1	3.301310E+2	6.766900E+1	1.410000E+0
9.102000E+0	1.714414E-1	2.129284E-1	3.301310E+2	6.766900E+1	1.410000E+0
9.183000E+0	1.714309E-1	2.135515E-1	3.301310E+2	6.766900E+1	1.410000E+0
9.192000E+0	1.714309E-1	2.135515E-1	3.301310E+2	6.766900E+1	1.410000E+0
9.303000E+0	1.714442E-1	2.137629E-1	3.301310E+2	6.766900E+1	1.410000E+0
9.316000E+0	1.714442E-1	2.137629E-1	3.301310E+2	6.766900E+1	1.410000E+0
9.399000E+0	1.714401E-1	2.138890E-1	3.301310E+2	6.766900E+1	1.410000E+0
9.407000E+0	1.714401E-1	2.138890E-1	3.301310E+2	6.766900E+1	1.410000E+0
9.493000E+0	1.824525E-1	2.804295E-1	3.301310E+2	6.766900E+1	1.410000E+0
9.502000E+0	1.824525E-1	2.804295E-1	3.301310E+2	6.766900E+1	1.410000E+0
9.583000E+0	1.824735E-1	2.811179E-1	3.301310E+2	6.766900E+1	1.410000E+0
9.592000E+0	1.824735E-1	2.811179E-1	3.301310E+2	6.766900E+1	1.410000E+0
9.673000E+0	1.824677E-1	2.813580E-1	3.301310E+2	6.766900E+1	1.410000E+0
9.683000E+0	1.824677E-1	2.813580E-1	3.301310E+2	6.766900E+1	1.410000E+0
9.794000E+0	1.824697E-1	2.816969E-1	3.301310E+2	6.766900E+1	1.410000E+0
9.803000E+0	1.824697E-1	2.816969E-1	3.301310E+2	6.766900E+1	1.410000E+0
9.883000E+0	1.824613E-1	2.822036E-1	3.301310E+2	6.766900E+1	1.410000E+0
9.892000E+0	1.824613E-1	2.822036E-1	3.301310E+2	6.766900E+1	1.410000E+0
9.973000E+0	1.859377E-1	3.063193E-1	3.301310E+2	6.766900E+1	1.410000E+0
9.982000E+0	1.859377E-1	3.063193E-1	3.301310E+2	6.766900E+1	1.410000E+0
1.006300E+1	1.879532E-1	3.212941E-1	3.301310E+2	6.766900E+1	1.410000E+0
1.007200E+1	1.879532E-1	3.212941E-1	3.301310E+2	6.766900E+1	1.410000E+0
1.015300E+1	1.879500E-1	3.212198E-1	3.301310E+2	6.766900E+1	1.410000E+0
1.016200E+1	1.879500E-1	3.212198E-1	3.301310E+2	6.766900E+1	1.410000E+0
1.027700E+1	1.879490E-1	3.212645E-1	3.301310E+2	6.766900E+1	1.410000E+0
1.029000E+1	1.879490E-1	3.212645E-1	3.301310E+2	6.766900E+1	1.410000E+0
1.037400E+1	1.879316E-1	3.216482E-1	3.301310E+2	6.766900E+1	1.410000E+0
1.038200E+1	1.879316E-1	3.216482E-1	3.301310E+2	6.766900E+1	1.410000E+0
1.046400E+1	1.879416E-1	3.217837E-1	3.301310E+2	6.766900E+1	1.410000E+0
1.047200E+1	1.879416E-1	3.217837E-1	3.301310E+2	6.766900E+1	1.410000E+0
1.055400E+1	1.989676E-1	4.080940E-1	3.301310E+2	6.766900E+1	1.410000E+0
1.056300E+1	1.989676E-1	4.080940E-1	3.301310E+2	6.766900E+1	1.410000E+0
1.064300E+1	1.989894E-1	4.091566E-1	3.301310E+2	6.766900E+1	1.410000E+0
1.065200E+1	1.989894E-1	4.091566E-1	3.301310E+2	6.766900E+1	1.410000E+0
1.076400E+1	1.989864E-1	4.098852E-1	3.301310E+2	6.766900E+1	1.410000E+0
1.077300E+1	1.989864E-1	4.098852E-1	3.301310E+2	6.766900E+1	1.410000E+0
1.085300E+1	1.989788E-1	4.113745E-1	3.301310E+2	6.766900E+1	1.410000E+0
1.086200E+1	1.989788E-1	4.113745E-1	3.301310E+2	6.766900E+1	1.410000E+0
1.094300E+1	1.989826E-1	4.130567E-1	3.301310E+2	6.766900E+1	1.410000E+0
1.095200E+1	1.989826E-1	4.130567E-1	3.301310E+2	6.766900E+1	1.410000E+0
1.103300E+1	2.050173E-1	4.683664E-1	3.301310E+2	6.766900E+1	1.410000E+0
1.104200E+1	2.050173E-1	4.683664E-1	3.301310E+2	6.766900E+1	1.410000E+0
1.112300E+1	2.099031E-1	5.163413E-1	3.301310E+2	6.766900E+1	1.410000E+0
1.113200E+1	2.099031E-1	5.163413E-1	3.301310E+2	6.766900E+1	1.410000E+0
1.124500E+1	2.099364E-1	5.177865E-1	3.301310E+2	6.766900E+1	1.410000E+0
1.125800E+1	2.099364E-1	5.177865E-1	3.301310E+2	6.766900E+1	1.410000E+0
1.134000E+1	2.099358E-1	5.188073E-1	3.301310E+2	6.766900E+1	1.410000E+0
1.134900E+1	2.099358E-1	5.188073E-1	3.301310E+2	6.766900E+1	1.410000E+0
1.143400E+1	2.099306E-1	5.196394E-1	3.301310E+2	6.766900E+1	1.410000E+0
1.144200E+1	2.099306E-1	5.196394E-1	3.301310E+2	6.766900E+1	1.410000E+0
1.152400E+1	2.099368E-1	5.205708E-1	3.301310E+2	6.766900E+1	1.410000E+0
1.153300E+1	2.099368E-1	5.205708E-1	3.301310E+2	6.766900E+1	1.410000E+0
1.161400E+1	2.209491E-1	6.373670E-1	3.301310E+2	6.766900E+1	1.410000E+0
1.162300E+1	2.209491E-1	6.373670E-1	3.301310E+2	6.766900E+1	1.410000E+0
1.173500E+1	2.209531E-1	6.411165E-1	3.301310E+2	6.766900E+1	1.410000E+0
1.174400E+1	2.209531E-1	6.411165E-1	3.301310E+2	6.766900E+1	1.410000E+0
1.182400E+1	2.209653E-1	6.433526E-1	3.301310E+2	6.766900E+1	1.410000E+0
1.183300E+1	2.209653E-1	6.433526E-1	3.301310E+2	6.766900E+1	1.410000E+0
1.191500E+1	2.209657E-1	6.442725E-1	3.301310E+2	6.766900E+1	1.410000E+0
1.192400E+1	2.209657E-1	6.442725E-1	3.301310E+2	6.766900E+1	1.410000E+0
1.200400E+1	2.209665E-1	6.440766E-1	3.301310E+2	6.766900E+1	1.410000E+0
1.201300E+1	2.209665E-1	6.440766E-1	3.301310E+2	6.766900E+1	1.410000E+0
1.209400E+1	2.290754E-1	7.414777E-1	3.301310E+2	6.766900E+1	1.410000E+0
1.210300E+1	2.290754E-1	7.414777E-1	3.301310E+2	6.766900E+1	1.410000E+0
1.221500E+1	2.319817E-1	7.781349E-1	3.301310E+2	6.766900E+1	1.410000E+0
1.222900E+1	2.319817E-1	7.781349E-1	3.301310E+2	6.766900E+1	1.410000E+0
1.231000E+1	2.319735E-1	7.776418E-1	3.301310E+2	6.766900E+1	1.410000E+0
1.231900E+1	2.319735E-1	7.776418E-1	3.301310E+2	6.766900E+1	1.410000E+0
1.240300E+1	2.319598E-1	7.766320E-1	3.301310E+2	6.766900E+1	1.410000E+0
1.241200E+1	2.319598E-1	7.766320E-1	3.301310E+2	6.766900E+1	1.410000E+0
1.249300E+1	2.319755E-1	7.740917E-1	3.301310E+2	6.766900E+1	1.410000E+0
1.250200E+1	2.319755E-1	7.740917E-1	3.301310E+2	6.766900E+1	1.410000E+0
1.258400E+1	2.319694E-1	7.735132E-1	3.301310E+2	6.766900E+1	1.410000E+0
1.259300E+1	2.319694E-1	7.735132E-1	3.301310E+2	6.766900E+1	1.410000E+0
1.270600E+1	2.368387E-1	8.352538E-1	3.301310E+2	6.766900E+1	1.410000E+0
1.271500E+1	2.368387E-1	8.352538E-1	3.301310E+2	6.766900E+1	1.410000E+0
1.279400E+1	2.375139E-1	8.438188E-1	3.301310E+2	6.766900E+1	1.410000E+0
1.280300E+1	2.375139E-1	8.438188E-1	3.301310E+2	6.766900E+1	1.410000E+0
1.288400E+1	2.375087E-1	8.432835E-1	3.301310E+2	6.766900E+1	1.410000E+0
1.289400E+1	2.375087E-1	8.432835E-1	3.301310E+2	6.766900E+1	1.410000E+0
1.297400E+1	2.375053E-1	8.440895E-1	3.301310E+2	6.766900E+1	1.410000E+0
1.298200E+1	2.375053E-1	8.440895E-1	3.301310E+2	6.766900E+1	1.410000E+0
1.306500E+1	2.374997E-1	8.437601E-1	3.301310E+2	6.766900E+1	1.410000E+0
1.307400E+1	2.374997E-1	8.437601E-1	3.301310E+2	6.766900E+1	1.410000E+0
1.318600E+1	2.463165E-1	9.653904E-1	3.301310E+2	6.766900E+1	1.410000E+0
1.319500E+1	2.463165E-1	9.653904E-1	3.301310E+2	6.766900E+1	1.410000E+0
1.327800E+1	2.485378E-1	1.002746E+0	3.301310E+2	6.766900E+1	1.410000E+0
1.329400E+1	2.485378E-1	1.002746E+0	3.301310E+2	6.766900E+1	1.410000E+0
1.337000E+1	2.485388E-1	1.002377E+0	3.301310E+2	6.766900E+1	1.410000E+0
1.337900E+1	2.485388E-1	1.002377E+0	3.301310E+2	6.766900E+1	1.410000E+0
1.346400E+1	2.485449E-1	1.003818E+0	3.301310E+2	6.766900E+1	1.410000E+0
1.347300E+1	2.485449E-1	1.003818E+0	3.301310E+2	6.766900E+1	1.410000E+0
1.355400E+1	2.485404E-1	1.005119E+0	3.301310E+2	6.766900E+1	1.410000E+0
1.356300E+1	2.485404E-1	1.005119E+0	3.301310E+2	6.766900E+1	1.410000E+0
1.367500E+1	2.485475E-1	1.005052E+0	3.301310E+2	6.766900E+1	1.410000E+0
1.368400E+1	2.485475E-1	1.005052E+0	3.301310E+2	6.766900E+1	1.410000E+0
1.376400E+1	2.595285E-1	1.176063E+0	3.301310E+2	6.766900E+1	1.410000E+0
1.377300E+1	2.595285E-1	1.176063E+0	3.301310E+2	6.766900E+1	1.410000E+0
1.385400E+1	2.595363E-1	1.178654E+0	3.301310E+2	6.766900E+1	1.410000E+0
1.386300E+1	2.595363E-1	1.178654E+0	3.301310E+2	6.766900E+1	1.410000E+0
1.394400E+1	2.595431E-1	1.179681E+0	3.301310E+2	6.766900E+1	1.410000E+0
1.395300E+1	2.595431E-1	1.179681E+0	3.301310E+2	6.766900E+1	1.410000E+0
1.403400E+1	2.595349E-1	1.178120E+0	3.301310E+2	6.766900E+1	1.410000E+0
1.404300E+1	2.595349E-1	1.178120E+0	3.301310E+2	6.766900E+1	1.410000E+0
1.415600E+1	2.595449E-1	1.175111E+0	3.301310E+2	6.766900E+1	1.410000E+0
1.416500E+1	2.595449E-1	1.175111E+0	3.301310E+2	6.766900E+1	1.410000E+0
1.424400E+1	2.679229E-1	1.296448E+0	3.301310E+2	6.766900E+1	1.410000E+0
1.425700E+1	2.679229E-1	1.296448E+0	3.301310E+2	6.766900E+1	1.410000E+0
1.434000E+1	2.705769E-1	1.345858E+0	3.301310E+2	6.766900E+1	1.410000E+0
1.434900E+1	2.705769E-1	1.345858E+0	3.301310E+2	6.766900E+1	1.410000E+0
1.443500E+1	2.705847E-1	1.357170E+0	3.301310E+2	6.766900E+1	1.410000E+0
1.444400E+1	2.705847E-1	1.357170E+0	3.301310E+2	6.766900E+1	1.410000E+0
1.452500E+1	2.705863E-1	1.350738E+0	3.301310E+2	6.766900E+1	1.410000E+0
1.453400E+1	2.705863E-1	1.350738E+0	3.301310E+2	6.766900E+1	1.410000E+0
1.464700E+1	2.705909E-1	1.344175E+0	3.301310E+2	6.766900E+1	1.410000E+0
1.465600E+1	2.705909E-1	1.344175E+0	3.301310E+2	6.766900E+1	1.410000E+0
1.474100E+1	2.705984E-1	1.354941E+0	3.301310E+2	6.766900E+1	1.410000E+0
1.475000E+1	2.705984E-1	1.354941E+0	3.301310E+2	6.766900E+1	1.410000E+0
1.483500E+1	2.815970E-1	1.567966E+0	3.301310E+2	6.766900E+1	1.410000E+0
1.484300E+1	2.815970E-1	1.567966E+0	3.301310E+2	6.766900E+1	1.410000E+0
1.492400E+1	2.816061E-1	1.573896E+0	3.301310E+2	6.766900E+1	1.410000E+0
1.493300E+1	2.816061E-1	1.573896E+0	3.301310E+2	6.766900E+1	1.410000E+0
1.501400E+1	2.816171E-1	1.573167E+0	3.301310E+2	6.766900E+1	1.410000E+0
1.502300E+1	2.816171E-1	1.573167E+0	3.301310E+2	6.766900E+1	1.410000E+0
1.513600E+1	2.816261E-1	1.563534E+0	3.301310E+2	6.766900E+1	1.410000E+0
1.514500E+1	2.816261E-1	1.563534E+0	3.301310E+2	6.766900E+1	1.410000E+0
1.522500E+1	2.816063E-1	1.544115E+0	3.301310E+2	6.766900E+1	1.410000E+0
1.523800E+1	2.816063E-1	1.544115E+0	3.301310E+2	6.766900E+1	1.410000E+0
1.532100E+1	2.893076E-1	1.743536E+0	3.301310E+2	6.766900E+1	1.410000E+0
1.533000E+1	2.893076E-1	1.743536E+0	3.301310E+2	6.766900E+1	1.410000E+0
1.541400E+1	2.926617E-1	1.760143E+0	3.301310E+2	6.766900E+1	1.410000E+0
1.542300E+1	2.926617E-1	1.760143E+0	3.301310E+2	6.766900E+1	1.410000E+0
1.550500E+1	2.926751E-1	1.759405E+0	3.301310E+2	6.766900E+1	1.410000E+0
1.551400E+1	2.926751E-1	1.759405E+0	3.301310E+2	6.766900E+1	1.410000E+0
1.562500E+1	2.926629E-1	1.748253E+0	3.301310E+2	6.766900E+1	1.410000E+0
1.563400E+1	2.926629E-1	1.748253E+0	3.301310E+2	6.766900E+1	1.410000E+0
1.571500E+1	2.926787E-1	1.753493E+0	3.301310E+2	6.766900E+1	1.410000E+0
1.572500E+1	2.926787E-1	1.753493E+0	3.301310E+2	6.766900E+1	1.410000E+0
1.580400E+1	2.926701E-1	1.747849E+0	3.301310E+2	6.766900E+1	1.410000E+0
1.581300E+1	2.926701E-1	1.747849E+0	3.301310E+2	6.766900E+1	1.410000E+0
1.589500E+1	2.983042E-1	1.850319E+0	3.301310E+2	6.766900E+1	1.410000E+0
1.590300E+1	2.983042E-1	1.850319E+0	3.301310E+2	6.766900E+1	1.410000E+0
1.598400E+1	2.983060E-1	1.861484E+0	3.301310E+2	6.766900E+1	1.410000E+0
1.599400E+1	2.983060E-1	1.861484E+0	3.301310E+2	6.766900E+1	1.410000E+0
1.610600E+1	2.983166E-1	1.873426E+0	3.301310E+2	6.766900E+1	1.410000E+0
1.611500E+1	2.983166E-1	1.873426E+0	3.301310E+2	6.766900E+1	1.410000E+0
1.619500E+1	2.983068E-1	1.876935E+0	3.301310E+2	6.766900E+1	1.410000E+0
1.620800E+1	2.983068E-1	1.876935E+0	3.301310E+2	6.766900E+1	1.410000E+0
1.629200E+1	2.983198E-1	1.857616E+0	3.301310E+2	6.766900E+1	1.410000E+0
1.630100E+1	2.983198E-1	1.857616E+0	3.301310E+2	6.766900E+1	1.410000E+0
1.638500E+1	3.079576E-1	2.072976E+0	3.301310E+2	6.766900E+1	1.410000E+0
1.639300E+1	3.079576E-1	2.072976E+0	3.301310E+2	6.766900E+1	1.410000E+0
1.647500E+1	3.093803E-1	2.118617E+0	3.301310E+2	6.766900E+1	1.410000E+0
1.648400E+1	3.093803E-1	2.118617E+0	3.301310E+2	6.766900E+1	1.410000E+0
1.659500E+1	3.093847E-1	2.121851E+0	3.301310E+2	6.766900E+1	1.410000E+0
1.660400E+1	3.093847E-1	2.121851E+0	3.301310E+2	6.766900E+1	1.410000E+0
1.668500E+1	3.093873E-1	2.120627E+0	3.301310E+2	6.766900E+1	1.410000E+0
1.669400E+1	3.093873E-1	2.120627E+0	3.301310E+2	6.766900E+1	1.410000E+0
1.677500E+1	3.093770E-1	2.114030E+0	3.301310E+2	6.766900E+1	1.410000E+0
1.678300E+1	3.093770E-1	2.114030E+0	3.301310E+2	6.766900E+1	1.410000E+0
1.686500E+1	3.093859E-1	2.107148E+0	3.301310E+2	6.766900E+1	1.410000E+0
1.687400E+1	3.093859E-1	2.107148E+0	3.301310E+2	6.766900E+1	1.410000E+0
1.695400E+1	3.203902E-1	2.374383E+0	3.301310E+2	6.766900E+1	1.410000E+0
1.696300E+1	3.203902E-1	2.374383E+0	3.301310E+2	6.766900E+1	1.410000E+0
1.707700E+1	3.204082E-1	2.373966E+0	3.301310E+2	6.766900E+1	1.410000E+0
1.708500E+1	3.204082E-1	2.373966E+0	3.301310E+2	6.766900E+1	1.410000E+0
1.716400E+1	3.203964E-1	2.385724E+0	3.301310E+2	6.766900E+1	1.410000E+0
1.717400E+1	3.203964E-1	2.385724E+0	3.301310E+2	6.766900E+1	1.410000E+0
1.725400E+1	3.204006E-1	2.393087E+0	3.301310E+2	6.766900E+1	1.410000E+0
1.726800E+1	3.204006E-1	2.393087E+0	3.301310E+2	6.766900E+1	1.410000E+0
1.735100E+1	3.204198E-1	2.378253E+0	3.301310E+2	6.766900E+1	1.410000E+0
1.735900E+1	3.204198E-1	2.378253E+0	3.301310E+2	6.766900E+1	1.410000E+0
1.744400E+1	3.261706E-1	2.514960E+0	3.301310E+2	6.766900E+1	1.410000E+0
1.745400E+1	3.261706E-1	2.514960E+0	3.301310E+2	6.766900E+1	1.410000E+0
1.756500E+1	3.314616E-1	2.652456E+0	3.301310E+2	6.766900E+1	1.410000E+0
1.757400E+1	3.314616E-1	2.652456E+0	3.301310E+2	6.766900E+1	1.410000E+0
1.765500E+1	3.314438E-1	2.685802E+0	3.301310E+2	6.766900E+1	1.410000E+0
1.766400E+1	3.314438E-1	2.685802E+0	3.301310E+2	6.766900E+1	1.410000E+0
1.774400E+1	3.314612E-1	2.690735E+0	3.301310E+2	6.766900E+1	1.410000E+0
1.775300E+1	3.314612E-1	2.690735E+0	3.301310E+2	6.766900E+1	1.410000E+0
1.783400E+1	3.314654E-1	2.685296E+0	3.301310E+2	6.766900E+1	1.410000E+0
1.784400E+1	3.314654E-1	2.685296E+0	3.301310E+2	6.766900E+1	1.410000E+0
1.792500E+1	3.314668E-1	2.667738E+0	3.301310E+2	6.766900E+1	1.410000E+0
1.793400E+1	3.314668E-1	2.667738E+0	3.301310E+2	6.766900E+1	1.410000E+0
1.804600E+1	3.424200E-1	2.946154E+0	3.301310E+2	6.766900E+1	1.410000E+0
1.805400E+1	3.424200E-1	2.946154E+0	3.301310E+2	6.766900E+1	1.410000E+0
1.813400E+1	3.424411E-1	2.970890E+0	3.301310E+2	6.766900E+1	1.410000E+0
1.814300E+1	3.424411E-1	2.970890E+0	3.301310E+2	6.766900E+1	1.410000E+0
1.822400E+1	3.424467E-1	2.969761E+0	3.301310E+2	6.766900E+1	1.410000E+0
1.823700E+1	3.424467E-1	2.969761E+0	3.301310E+2	6.766900E+1	1.410000E+0
1.832100E+1	3.424497E-1	2.951784E+0	3.301310E+2	6.766900E+1	1.410000E+0
1.833100E+1	3.424497E-1	2.951784E+0	3.301310E+2	6.766900E+1	1.410000E+0
1.841500E+1	3.424541E-1	2.947044E+0	3.301310E+2	6.766900E+1	1.410000E+0
1.842400E+1	3.424541E-1	2.947044E+0	3.301310E+2	6.766900E+1	1.410000E+0
1.853600E+1	3.469606E-1	3.075208E+0	3.301310E+2	6.766900E+1	1.410000E+0
1.854500E+1	3.469606E-1	3.075208E+0	3.301310E+2	6.766900E+1	1.410000E+0
1.862500E+1	3.479955E-1	3.118858E+0	3.301310E+2	6.766900E+1	1.410000E+0
1.863300E+1	3.479955E-1	3.118858E+0	3.301310E+2	6.766900E+1	1.410000E+0
1.871300E+1	3.479777E-1	3.102743E+0	3.301310E+2	6.766900E+1	1.410000E+0
1.872200E+1	3.479777E-1	3.102743E+0	3.301310E+2	6.766900E+1	1.410000E+0
1.880300E+1	3.479905E-1	3.085098E+0	3.301310E+2	6.766900E+1	1.410000E+0
1.881200E+1	3.479905E-1	3.085098E+0	3.301310E+2	6.766900E+1	1.410000E+0
1.889400E+1	3.479827E-1	3.092003E+0	3.301310E+2	6.766900E+1	1.410000E+0
1.890300E+1	3.479827E-1	3.092003E+0	3.301310E+2	6.766900E+1	1.410000E+0
1.901600E+1	3.479841E-1	3.093332E+0	3.301310E+2	6.766900E+1	1.410000E+0
1.902500E+1	3.479841E-1	3.093332E+0	3.301310E+2	6.766900E+1	1.410000E+0
1.910400E+1	3.589982E-1	3.401141E+0	3.301310E+2	6.766900E+1	1.410000E+0
1.911300E+1	3.589982E-1	3.401141E+0	3.301310E+2	6.766900E+1	1.410000E+0
1.919500E+1	3.590253E-1	3.410480E+0	3.301310E+2	6.766900E+1	1.410000E+0
1.920900E+1	3.590253E-1	3.410480E+0	3.301310E+2	6.766900E+1	1.410000E+0
1.929500E+1	3.590295E-1	3.410724E+0	3.301310E+2	6.766900E+1	1.410000E+0
1.930400E+1	3.590295E-1	3.410724E+0	3.301310E+2	6.766900E+1	1.410000E+0
1.938500E+1	3.590383E-1	3.413083E+0	3.301310E+2	6.766900E+1	1.410000E+0
1.939300E+1	3.590383E-1	3.413083E+0	3.301310E+2	6.766900E+1	1.410000E+0
1.950500E+1	3.590181E-1	3.413260E+0	3.301310E+2	6.766900E+1	1.410000E+0
1.951500E+1	3.590181E-1	3.413260E+0	3.301310E+2	6.766900E+1	1.410000E+0
1.959400E+1	3.675544E-1	3.662674E+0	3.301310E+2	6.766900E+1	1.410000E+0
1.960300E+1	3.675544E-1	3.662674E+0	3.301310E+2	6.766900E+1	1.410000E+0
1.968500E+1	3.700282E-1	3.744274E+0	3.301310E+2	6.766900E+1	1.410000E+0
1.969400E+1	3.700282E-1	3.744274E+0	3.301310E+2	6.766900E+1	1.410000E+0
1.977500E+1	3.700350E-1	3.745957E+0	3.301310E+2	6.766900E+1	1.410000E+0
1.978400E+1	3.700350E-1	3.745957E+0	3.301310E+2	6.766900E+1	1.410000E+0
1.986400E+1	3.700396E-1	3.745954E+0	3.301310E+2	6.766900E+1	1.410000E+0
1.987300E+1	3.700396E-1	3.745954E+0	3.301310E+2	6.766900E+1	1.410000E+0
1.998800E+1	3.700260E-1	3.745737E+0	3.301310E+2	6.766900E+1	1.410000E+0
1.999800E+1	3.700260E-1	3.745737E+0	3.301310E+2	6.766900E+1	1.410000E+0
2.008000E+1	3.700258E-1	3.747547E+0	3.301310E+2	6.766900E+1	1.410000E+0
2.008900E+1	3.700258E-1	3.747547E+0	3.301310E+2	6.766900E+1	1.410000E+0
2.017400E+1	3.810275E-1	4.081277E+0	3.301310E+2	6.766900E+1	1.410000E+0
2.018400E+1	3.810275E-1	4.081277E+0	3.301310E+2	6.766900E+1	1.410000E+0
2.026500E+1	3.810572E-1	4.079886E+0	3.301310E+2	6.766900E+1	1.410000E+0
2.027800E+1	3.810572E-1	4.079886E+0	3.301310E+2	6.766900E+1	1.410000E+0
2.036000E+1	3.810498E-1	4.094147E+0	3.301310E+2	6.766900E+1	1.410000E+0
2.037000E+1	3.810498E-1	4.094147E+0	3.301310E+2	6.766900E+1	1.410000E+0
2.048600E+1	3.810592E-1	4.092847E+0	3.301310E+2	6.766900E+1	1.410000E+0
2.049400E+1	3.810592E-1	4.092847E+0	3.301310E+2	6.766900E+1	1.410000E+0
2.057400E+1	3.810391E-1	4.095263E+0	3.301310E+2	6.766900E+1	1.410000E+0
2.058400E+1	3.810391E-1	4.095263E+0	3.301310E+2	6.766900E+1	1.410000E+0
2.066400E+1	3.891472E-1	4.351135E+0	3.301310E+2	6.766900E+1	1.410000E+0
2.067400E+1	3.891472E-1	4.351135E+0	3.301310E+2	6.766900E+1	1.410000E+0
2.075400E+1	3.920025E-1	4.446606E+0	3.301310E+2	6.766900E+1	1.410000E+0
2.076300E+1	3.920025E-1	4.446606E+0	3.301310E+2	6.766900E+1	1.410000E+0
2.084500E+1	3.920003E-1	4.447625E+0	3.301310E+2	6.766900E+1	1.410000E+0
2.085400E+1	3.920003E-1	4.447625E+0	3.301310E+2	6.766900E+1	1.410000E+0
2.096500E+1	3.919901E-1	4.448401E+0	3.301310E+2	6.766900E+1	1.410000E+0
2.097400E+1	3.919901E-1	4.448401E+0	3.301310E+2	6.766900E+1	1.410000E+0
2.105400E+1	3.919833E-1	4.450982E+0	3.301310E+2	6.766900E+1	1.410000E+0
2.106400E+1	3.919833E-1	4.450982E+0	3.301310E+2	6.766900E+1	1.410000E+0
2.114400E+1	3.919795E-1	4.448802E+0	3.301310E+2	6.766900E+1	1.410000E+0
2.115300E+1	3.919795E-1	4.448802E+0	3.301310E+2	6.766900E+1	1.410000E+0
2.123400E+1	4.029912E-1	4.814850E+0	3.301310E+2	6.766900E+1	1.410000E+0
2.124700E+1	4.029912E-1	4.814850E+0	3.301310E+2	6.766900E+1	1.410000E+0
2.133000E+1	4.030255E-1	4.819977E+0	3.301310E+2	6.766900E+1	1.410000E+0
2.133800E+1	4.030255E-1	4.819977E+0	3.301310E+2	6.766900E+1	1.410000E+0
2.145500E+1	4.030275E-1	4.819346E+0	3.301310E+2	6.766900E+1	1.410000E+0
2.146300E+1	4.030275E-1	4.819346E+0	3.301310E+2	6.766900E+1	1.410000E+0
2.154300E+1	4.030203E-1	4.818097E+0	3.301310E+2	6.766900E+1	1.410000E+0
2.155200E+1	4.030203E-1	4.818097E+0	3.301310E+2	6.766900E+1	1.410000E+0
2.163400E+1	4.030195E-1	4.815778E+0	3.301310E+2	6.766900E+1	1.410000E+0
2.164300E+1	4.030195E-1	4.815778E+0	3.301310E+2	6.766900E+1	1.410000E+0
2.172300E+1	4.069777E-1	4.949422E+0	3.301310E+2	6.766900E+1	1.410000E+0
2.173200E+1	4.069777E-1	4.949422E+0	3.301310E+2	6.766900E+1	1.410000E+0
2.181300E+1	4.085072E-1	5.010162E+0	3.301310E+2	6.766900E+1	1.410000E+0
2.182200E+1	4.085072E-1	5.010162E+0	3.301310E+2	6.766900E+1	1.410000E+0
2.193400E+1	4.085116E-1	5.009406E+0	3.301310E+2	6.766900E+1	1.410000E+0
2.194400E+1	4.085116E-1	5.009406E+0	3.301310E+2	6.766900E+1	1.410000E+0
2.202300E+1	4.085012E-1	5.009945E+0	3.301310E+2	6.766900E+1	1.410000E+0
2.203100E+1	4.085012E-1	5.009945E+0	3.301310E+2	6.766900E+1	1.410000E+0
2.211400E+1	4.085104E-1	5.011321E+0	3.301310E+2	6.766900E+1	1.410000E+0
2.212300E+1	4.085104E-1	5.011321E+0	3.301310E+2	6.766900E+1	1.410000E+0
2.220400E+1	4.085072E-1	5.012154E+0	3.301310E+2	6.766900E+1	1.410000E+0
2.221700E+1	4.085072E-1	5.012154E+0	3.301310E+2	6.766900E+1	1.410000E+0
2.230000E+1	4.195259E-1	5.392241E+0	3.301310E+2	6.766900E+1	1.410000E+0
2.230900E+1	4.195259E-1	5.392241E+0	3.301310E+2	6.766900E+1	1.410000E+0
2.242300E+1	4.195452E-1	5.392701E+0	3.301310E+2	6.766900E+1	1.410000E+0
2.243300E+1	4.195452E-1	5.392701E+0	3.301310E+2	6.766900E+1	1.410000E+0
2.251300E+1	4.195446E-1	5.393524E+0	3.301310E+2	6.766900E+1	1.410000E+0
2.252200E+1	4.195446E-1	5.393524E+0	3.301310E+2	6.766900E+1	1.410000E+0
2.260400E+1	4.195375E-1	5.395615E+0	3.301310E+2	6.766900E+1	1.410000E+0
2.261300E+1	4.195375E-1	5.395615E+0	3.301310E+2	6.766900E+1	1.410000E+0
2.269300E+1	4.195375E-1	5.395112E+0	3.301310E+2	6.766900E+1	1.410000E+0
2.270200E+1	4.195375E-1	5.395112E+0	3.301310E+2	6.766900E+1	1.410000E+0
2.278300E+1	4.248478E-1	5.576899E+0	3.301310E+2	6.766900E+1	1.410000E+0
2.279200E+1	4.248478E-1	5.576899E+0	3.301310E+2	6.766900E+1	1.410000E+0
2.290400E+1	4.305228E-1	5.785631E+0	3.301310E+2	6.766900E+1	1.410000E+0
2.291200E+1	4.305228E-1	5.785631E+0	3.301310E+2	6.766900E+1	1.410000E+0
2.299300E+1	4.305128E-1	5.786758E+0	3.301310E+2	6.766900E+1	1.410000E+0
2.300200E+1	4.305128E-1	5.786758E+0	3.301310E+2	6.766900E+1	1.410000E+0
2.308300E+1	4.305110E-1	5.789400E+0	3.301310E+2	6.766900E+1	1.410000E+0
2.309300E+1	4.305110E-1	5.789400E+0	3.301310E+2	6.766900E+1	1.410000E+0
2.317300E+1	4.305062E-1	5.791347E+0	3.301310E+2	6.766900E+1	1.410000E+0
2.318200E+1	4.305062E-1	5.791347E+0	3.301310E+2	6.766900E+1	1.410000E+0
2.326300E+1	4.305054E-1	5.785801E+0	3.301310E+2	6.766900E+1	1.410000E+0
2.327600E+1	4.305054E-1	5.785801E+0	3.301310E+2	6.766900E+1	1.410000E+0
2.339000E+1	4.415331E-1	6.191545E+0	3.301310E+2	6.766900E+1	1.410000E+0
2.339900E+1	4.415331E-1	6.191545E+0	3.301310E+2	6.766900E+1	1.410000E+0
2.348300E+1	4.415530E-1	6.197649E+0	3.301310E+2	6.766900E+1	1.410000E+0
2.349100E+1	4.415530E-1	6.197649E+0	3.301310E+2	6.766900E+1	1.410000E+0
2.357300E+1	4.415494E-1	6.191209E+0	3.301310E+2	6.766900E+1	1.410000E+0
2.358200E+1	4.415494E-1	6.191209E+0	3.301310E+2	6.766900E+1	1.410000E+0
2.366400E+1	4.415391E-1	6.196245E+0	3.301310E+2	6.766900E+1	1.410000E+0
2.367300E+1	4.415391E-1	6.196245E+0	3.301310E+2	6.766900E+1	1.410000E+0
2.375300E+1	4.415401E-1	6.196048E+0	3.301310E+2	6.766900E+1	1.410000E+0
2.376200E+1	4.415401E-1	6.196048E+0	3.301310E+2	6.766900E+1	1.410000E+0
2.387400E+1	4.499580E-1	6.506438E+0	3.301310E+2	6.766900E+1	1.410000E+0
2.388300E+1	4.499580E-1	6.506438E+0	3.301310E+2	6.766900E+1	1.410000E+0
2.396300E+1	4.525629E-1	6.608689E+0	3.301310E+2	6.766900E+1	1.410000E+0
2.397200E+1	4.525629E-1	6.608689E+0	3.301310E+2	6.766900E+1	1.410000E+0
2.405300E+1	4.525671E-1	6.617430E+0	3.301310E+2	6.766900E+1	1.410000E+0
2.406200E+1	4.525671E-1	6.617430E+0	3.301310E+2	6.766900E+1	1.410000E+0
2.414300E+1	4.525605E-1	6.602717E+0	3.301310E+2	6.766900E+1	1.410000E+0
2.415200E+1	4.525605E-1	6.602717E+0	3.301310E+2	6.766900E+1	1.410000E+0
2.423300E+1	4.525663E-1	6.610723E+0	3.301310E+2	6.766900E+1	1.410000E+0
2.424600E+1	4.525663E-1	6.610723E+0	3.301310E+2	6.766900E+1	1.410000E+0
2.436000E+1	4.525731E-1	6.615498E+0	3.301310E+2	6.766900E+1	1.410000E+0
2.436900E+1	4.525731E-1	6.615498E+0	3.301310E+2	6.766900E+1	1.410000E+0
2.445300E+1	4.580785E-1	6.815036E+0	3.301310E+2	6.766900E+1	1.410000E+0
2.446200E+1	4.580785E-1	6.815036E+0	3.301310E+2	6.766900E+1	1.410000E+0
2.454300E+1	4.580869E-1	6.813354E+0	3.301310E+2	6.766900E+1	1.410000E+0
2.455100E+1	4.580869E-1	6.813354E+0	3.301310E+2	6.766900E+1	1.410000E+0
2.463200E+1	4.580983E-1	6.816615E+0	3.301310E+2	6.766900E+1	1.410000E+0
2.464100E+1	4.580983E-1	6.816615E+0	3.301310E+2	6.766900E+1	1.410000E+0
2.472200E+1	4.581009E-1	6.818549E+0	3.301310E+2	6.766900E+1	1.410000E+0
2.473100E+1	4.581009E-1	6.818549E+0	3.301310E+2	6.766900E+1	1.410000E+0
2.484300E+1	4.580971E-1	6.814164E+0	3.301310E+2	6.766900E+1	1.410000E+0
2.485100E+1	4.580971E-1	6.814164E+0	3.301310E+2	6.766900E+1	1.410000E+0
2.493200E+1	4.666952E-1	7.143691E+0	3.301310E+2	6.766900E+1	1.410000E+0
2.494100E+1	4.666952E-1	7.143691E+0	3.301310E+2	6.766900E+1	1.410000E+0
2.502200E+1	4.691200E-1	7.246586E+0	3.301310E+2	6.766900E+1	1.410000E+0
2.503100E+1	4.691200E-1	7.246586E+0	3.301310E+2	6.766900E+1	1.410000E+0
2.511200E+1	4.691299E-1	7.244746E+0	3.301310E+2	6.766900E+1	1.410000E+0
2.512100E+1	4.691299E-1	7.244746E+0	3.301310E+2	6.766900E+1	1.410000E+0
2.520200E+1	4.691385E-1	7.248994E+0	3.301310E+2	6.766900E+1	1.410000E+0
2.521500E+1	4.691385E-1	7.248994E+0	3.301310E+2	6.766900E+1	1.410000E+0
2.533000E+1	4.691275E-1	7.254620E+0	3.301310E+2	6.766900E+1	1.410000E+0
2.533900E+1	4.691275E-1	7.254620E+0	3.301310E+2	6.766900E+1	1.410000E+0
2.542200E+1	4.691337E-1	7.245066E+0	3.301310E+2	6.766900E+1	1.410000E+0
2.543100E+1	4.691337E-1	7.245066E+0	3.301310E+2	6.766900E+1	1.410000E+0
2.551300E+1	4.800919E-1	7.675336E+0	3.301310E+2	6.766900E+1	1.410000E+0
2.552200E+1	4.800919E-1	7.675336E+0	3.301310E+2	6.766900E+1	1.410000E+0
2.560200E+1	4.801151E-1	7.679405E+0	3.301310E+2	6.766900E+1	1.410000E+0
2.561100E+1	4.801151E-1	7.679405E+0	3.301310E+2	6.766900E+1	1.410000E+0
2.569200E+1	4.801083E-1	7.678220E+0	3.301310E+2	6.766900E+1	1.410000E+0
2.570100E+1	4.801083E-1	7.678220E+0	3.301310E+2	6.766900E+1	1.410000E+0
2.581300E+1	4.801053E-1	7.678446E+0	3.301310E+2	6.766900E+1	1.410000E+0
2.582100E+1	4.801053E-1	7.678446E+0	3.301310E+2	6.766900E+1	1.410000E+0
2.590100E+1	4.801089E-1	7.677250E+0	3.301310E+2	6.766900E+1	1.410000E+0
2.591000E+1	4.801089E-1	7.677250E+0	3.301310E+2	6.766900E+1	1.410000E+0
2.599200E+1	4.885752E-1	8.023126E+0	3.301310E+2	6.766900E+1	1.410000E+0
2.600000E+1	4.885752E-1	8.023126E+0	3.301310E+2	6.766900E+1	1.410000E+0
2.608100E+1	4.911393E-1	8.111244E+0	3.301310E+2	6.766900E+1	1.410000E+0
2.609000E+1	4.911393E-1	8.111244E+0	3.301310E+2	6.766900E+1	1.410000E+0
2.617200E+1	4.911533E-1	8.119149E+0	3.301310E+2	6.766900E+1	1.410000E+0
2.618000E+1	4.911533E-1	8.119149E+0	3.301310E+2	6.766900E+1	1.410000E+0
2.629200E+1	4.911541E-1	8.114590E+0	3.301310E+2	6.766900E+1	1.410000E+0
2.630500E+1	4.911541E-1	8.114590E+0	3.301310E+2	6.766900E+1	1.410000E+0
2.638800E+1	4.911491E-1	8.098457E+0	3.301310E+2	6.766900E+1	1.410000E+0
2.639700E+1	4.911491E-1	8.098457E+0	3.301310E+2	6.766900E+1	1.410000E+0
2.648200E+1	4.911425E-1	8.112020E+0	3.301310E+2	6.766900E+1	1.410000E+0
2.649000E+1	4.911425E-1	8.112020E+0	3.301310E+2	6.766900E+1	1.410000E+0
2.657100E+1	5.021488E-1	8.559855E+0	3.301310E+2	6.766900E+1	1.410000E+0
2.658100E+1	5.021488E-1	8.559855E+0	3.301310E+2	6.766900E+1	1.410000E+0
2.666200E+1	5.021660E-1	8.561151E+0	3.301310E+2	6.766900E+1	1.410000E+0
2.667100E+1	5.021660E-1	8.561151E+0	3.301310E+2	6.766900E+1	1.410000E+0
2.678400E+1	5.021636E-1	8.563996E+0	3.301310E+2	6.766900E+1	1.410000E+0
2.679300E+1	5.021636E-1	8.563996E+0	3.301310E+2	6.766900E+1	1.410000E+0
2.687100E+1	5.021638E-1	8.560538E+0	3.301310E+2	6.766900E+1	1.410000E+0
2.688000E+1	5.021638E-1	8.560538E+0	3.301310E+2	6.766900E+1	1.410000E+0
2.696100E+1	5.021600E-1	8.558073E+0	3.301310E+2	6.766900E+1	1.410000E+0
2.697000E+1	5.021600E-1	8.558073E+0	3.301310E+2	6.766900E+1	1.410000E+0
2.705200E+1	5.061627E-1	8.730316E+0	3.301310E+2	6.766900E+1	1.410000E+0
2.706100E+1	5.061627E-1	8.730316E+0	3.301310E+2	6.766900E+1	1.410000E+0
2.714100E+1	5.076686E-1	8.792220E+0	3.301310E+2	6.766900E+1	1.410000E+0
2.715000E+1	5.076686E-1	8.792220E+0	3.301310E+2	6.766900E+1	1.410000E+0
2.726100E+1	5.076591E-1	8.781431E+0	3.301310E+2	6.766900E+1	1.410000E+0
2.727500E+1	5.076591E-1	8.781431E+0	3.301310E+2	6.766900E+1	1.410000E+0
2.735800E+1	5.076660E-1	8.795731E+0	3.301310E+2	6.766900E+1	1.410000E+0
2.736700E+1	5.076660E-1	8.795731E+0	3.301310E+2	6.766900E+1	1.410000E+0
2.745100E+1	5.076686E-1	8.790541E+0	3.301310E+2	6.766900E+1	1.410000E+0
2.746000E+1	5.076686E-1	8.790541E+0	3.301310E+2	6.766900E+1	1.410000E+0
2.754200E+1	5.076748E-1	8.776827E+0	3.301310E+2	6.766900E+1	1.410000E+0
2.755100E+1	5.076748E-1	8.776827E+0	3.301310E+2	6.766900E+1	1.410000E+0
2.763100E+1	5.186151E-1	9.252199E+0	3.301310E+2	6.766900E+1	1.410000E+0
2.764000E+1	5.186151E-1	9.252199E+0	3.301310E+2	6.766900E+1	1.410000E+0
2.775200E+1	5.186600E-1	9.233861E+0	3.301310E+2	6.766900E+1	1.410000E+0
2.776200E+1	5.186600E-1	9.233861E+0	3.301310E+2	6.766900E+1	1.410000E+0
2.784000E+1	5.186640E-1	9.243022E+0	3.301310E+2	6.766900E+1	1.410000E+0
2.784900E+1	5.186640E-1	9.243022E+0	3.301310E+2	6.766900E+1	1.410000E+0
2.793100E+1	5.186630E-1	9.244416E+0	3.301310E+2	6.766900E+1	1.410000E+0
2.793900E+1	5.186630E-1	9.244416E+0	3.301310E+2	6.766900E+1	1.410000E+0
2.802100E+1	5.186594E-1	9.242148E+0	3.301310E+2	6.766900E+1	1.410000E+0
2.803000E+1	5.186594E-1	9.242148E+0	3.301310E+2	6.766900E+1	1.410000E+0
2.811100E+1	5.266847E-1	9.579738E+0	3.301310E+2	6.766900E+1	1.410000E+0
2.812000E+1	5.266847E-1	9.579738E+0	3.301310E+2	6.766900E+1	1.410000E+0
2.823200E+1	5.296908E-1	9.721727E+0	3.301310E+2	6.766900E+1	1.410000E+0
2.824600E+1	5.296908E-1	9.721727E+0	3.301310E+2	6.766900E+1	1.410000E+0
2.833000E+1	5.297014E-1	9.712676E+0	3.301310E+2	6.766900E+1	1.410000E+0
2.833900E+1	5.297014E-1	9.712676E+0	3.301310E+2	6.766900E+1	1.410000E+0
2.842100E+1	5.296958E-1	9.722318E+0	3.301310E+2	6.766900E+1	1.410000E+0
2.843000E+1	5.296958E-1	9.722318E+0	3.301310E+2	6.766900E+1	1.410000E+0
2.851100E+1	5.297080E-1	9.697153E+0	3.301310E+2	6.766900E+1	1.410000E+0
2.852000E+1	5.297080E-1	9.697153E+0	3.301310E+2	6.766900E+1	1.410000E+0
2.860000E+1	5.296966E-1	9.698248E+0	3.301310E+2	6.766900E+1	1.410000E+0
2.860900E+1	5.296966E-1	9.698248E+0	3.301310E+2	6.766900E+1	1.410000E+0
2.872200E+1	5.406751E-1	1.016862E+1	3.301310E+2	6.766900E+1	1.410000E+0
2.873000E+1	5.406751E-1	1.016862E+1	3.301310E+2	6.766900E+1	1.410000E+0
2.881000E+1	5.407093E-1	1.019365E+1	3.301310E+2	6.766900E+1	1.410000E+0
2.881800E+1	5.407093E-1	1.019365E+1	3.301310E+2	6.766900E+1	1.410000E+0
2.890000E+1	5.407232E-1	1.016391E+1	3.301310E+2	6.766900E+1	1.410000E+0
2.890900E+1	5.407232E-1	1.016391E+1	3.301310E+2	6.766900E+1	1.410000E+0
2.899000E+1	5.407298E-1	1.019068E+1	3.301310E+2	6.766900E+1	1.410000E+0
2.899900E+1	5.407298E-1	1.019068E+1	3.301310E+2	6.766900E+1	1.410000E+0
2.907900E+1	5.407160E-1	1.017216E+1	3.301310E+2	6.766900E+1	1.410000E+0
2.908800E+1	5.407160E-1	1.017216E+1	3.301310E+2	6.766900E+1	1.410000E+0
2.920200E+1	5.466353E-1	1.042878E+1	3.301310E+2	6.766900E+1	1.410000E+0
2.921500E+1	5.466353E-1	1.042878E+1	3.301310E+2	6.766900E+1	1.410000E+0
2.929600E+1	5.517427E-1	1.066054E+1	3.301310E+2	6.766900E+1	1.410000E+0
2.930600E+1	5.517427E-1	1.066054E+1	3.301310E+2	6.766900E+1	1.410000E+0
2.939000E+1	5.517541E-1	1.067569E+1	3.301310E+2	6.766900E+1	1.410000E+0
2.939900E+1	5.517541E-1	1.067569E+1	3.301310E+2	6.766900E+1	1.410000E+0
2.948000E+1	5.517630E-1	1.063187E+1	3.301310E+2	6.766900E+1	1.410000E+0
2.948900E+1	5.517630E-1	1.063187E+1	3.301310E+2	6.766900E+1	1.410000E+0
2.957000E+1	5.517549E-1	1.065494E+1	3.301310E+2	6.766900E+1	1.410000E+0
2.957900E+1	5.517549E-1	1.065494E+1	3.301310E+2	6.766900E+1	1.410000E+0
2.969300E+1	5.517554E-1	1.065915E+1	3.301310E+2	6.766900E+1	1.410000E+0
2.970200E+1	5.517554E-1	1.065915E+1	3.301310E+2	6.766900E+1	1.410000E+0
2.978600E+1	5.620953E-1	1.112506E+1	3.301310E+2	6.766900E+1	1.410000E+0
2.979500E+1	5.620953E-1	1.112506E+1	3.301310E+2	6.766900E+1	1.410000E+0
2.988000E+1	5.626901E-1	1.111703E+1	3.301310E+2	6.766900E+1	1.410000E+0
2.988900E+1	5.626901E-1	1.111703E+1	3.301310E+2	6.766900E+1	1.410000E+0
2.996900E+1	5.626959E-1	1.113806E+1	3.301310E+2	6.766900E+1	1.410000E+0
2.997800E+1	5.626959E-1	1.113806E+1	3.301310E+2	6.766900E+1	1.410000E+0
3.006000E+1	5.626839E-1	1.112618E+1	3.301310E+2	6.766900E+1	1.410000E+0
3.006900E+1	5.626839E-1	1.112618E+1	3.301310E+2	6.766900E+1	1.410000E+0
3.018100E+1	5.626827E-1	1.115620E+1	3.301310E+2	6.766900E+1	1.410000E+0
3.018900E+1	5.626827E-1	1.115620E+1	3.301310E+2	6.766900E+1	1.410000E+0
3.026900E+1	5.668568E-1	1.128986E+1	3.301310E+2	6.766900E+1	1.410000E+0
3.028200E+1	5.668568E-1	1.128986E+1	3.301310E+2	6.766900E+1	1.410000E+0
3.036500E+1	5.681957E-1	1.137364E+1	3.301310E+2	6.766900E+1	1.410000E+0
3.037400E+1	5.681957E-1	1.137364E+1	3.301310E+2	6.766900E+1	1.410000E+0
3.046000E+1	5.681893E-1	1.136536E+1	3.301310E+2	6.766900E+1	1.410000E+0
3.046900E+1	5.681893E-1	1.136536E+1	3.301310E+2	6.766900E+1	1.410000E+0
3.054900E+1	5.681995E-1	1.138044E+1	3.301310E+2	6.766900E+1	1.410000E+0
