Sample;s5(j2)
V-V length(cm);1.000000
Field (T);14.063257
Temp (K);4.200000
Angle (deg.);0.000000
Field(T)_memo;14.000000
Time(sec.)	Current(A)	Voltage(uV)	Temp.1(K)	Temp.2(K)	Temp.3(K)
0.000000E+0	7.011519E-4	-3.314136E-5	3.301310E+2	6.766900E+1	1.410000E+0
4.500000E-2	6.999490E-4	4.017134E-6	3.301310E+2	6.766900E+1	1.410000E+0
5.300000E-2	6.999490E-4	4.017134E-6	3.301310E+2	6.766900E+1	1.410000E+0
1.370000E-1	6.977436E-4	5.021418E-7	3.301310E+2	6.766900E+1	1.410000E+0
1.460000E-1	6.977436E-4	5.021418E-7	3.301310E+2	6.766900E+1	1.410000E+0
2.270000E-1	6.913281E-4	-5.021418E-7	3.301310E+2	6.766900E+1	1.410000E+0
2.350000E-1	6.913281E-4	-5.021418E-7	3.301310E+2	6.766900E+1	1.410000E+0
3.180000E-1	9.689569E-3	1.692218E-4	3.301310E+2	6.766900E+1	1.410000E+0
3.260000E-1	9.689569E-3	1.692218E-4	3.301310E+2	6.766900E+1	1.410000E+0
4.070000E-1	1.170727E-2	5.523559E-6	3.301310E+2	6.766900E+1	1.410000E+0
4.160000E-1	1.170727E-2	5.523559E-6	3.301310E+2	6.766900E+1	1.410000E+0
5.310000E-1	1.170506E-2	-5.021418E-6	3.301310E+2	6.766900E+1	1.410000E+0
5.400000E-1	1.170506E-2	-5.021418E-6	3.301310E+2	6.766900E+1	1.410000E+0
6.240000E-1	1.170686E-2	-8.034268E-6	3.301310E+2	6.766900E+1	1.410000E+0
6.340000E-1	1.170686E-2	-8.034268E-6	3.301310E+2	6.766900E+1	1.410000E+0
7.180000E-1	1.170466E-2	1.205140E-5	3.301310E+2	6.766900E+1	1.410000E+0
7.270000E-1	1.170466E-2	1.205140E-5	3.301310E+2	6.766900E+1	1.410000E+0
8.070000E-1	1.171067E-2	2.008567E-6	3.301310E+2	6.766900E+1	1.410000E+0
8.160000E-1	1.171067E-2	2.008567E-6	3.301310E+2	6.766900E+1	1.410000E+0
8.970000E-1	2.271739E-2	-6.025701E-6	3.301310E+2	6.766900E+1	1.410000E+0
9.100000E-1	2.271739E-2	-6.025701E-6	3.301310E+2	6.766900E+1	1.410000E+0
1.025000E+0	2.272921E-2	-5.021418E-7	3.301310E+2	6.766900E+1	1.410000E+0
1.034000E+0	2.272921E-2	-5.021418E-7	3.301310E+2	6.766900E+1	1.410000E+0
1.118000E+0	2.273423E-2	0.000000E+0	3.301310E+2	6.766900E+1	1.410000E+0
1.127000E+0	2.273423E-2	0.000000E+0	3.301310E+2	6.766900E+1	1.410000E+0
1.206000E+0	2.273884E-2	-2.560923E-5	3.301310E+2	6.766900E+1	1.410000E+0
1.215000E+0	2.273884E-2	-2.560923E-5	3.301310E+2	6.766900E+1	1.410000E+0
1.297000E+0	2.273262E-2	-1.405997E-5	3.301310E+2	6.766900E+1	1.410000E+0
1.306000E+0	2.273262E-2	-1.405997E-5	3.301310E+2	6.766900E+1	1.410000E+0
1.388000E+0	2.708559E-2	8.988337E-5	3.301310E+2	6.766900E+1	1.410000E+0
1.397000E+0	2.708559E-2	8.988337E-5	3.301310E+2	6.766900E+1	1.410000E+0
1.508000E+0	2.824761E-2	9.038798E-6	3.301310E+2	6.766900E+1	1.410000E+0
1.517000E+0	2.824761E-2	9.038798E-6	3.301310E+2	6.766900E+1	1.410000E+0
1.597000E+0	2.825643E-2	-1.506401E-5	3.301310E+2	6.766900E+1	1.410000E+0
1.607000E+0	2.825643E-2	-1.506401E-5	3.301310E+2	6.766900E+1	1.410000E+0
1.687000E+0	2.825382E-2	-1.807686E-5	3.301310E+2	6.766900E+1	1.410000E+0
1.696000E+0	2.825382E-2	-1.807686E-5	3.301310E+2	6.766900E+1	1.410000E+0
1.777000E+0	2.823337E-2	7.532373E-6	3.301310E+2	6.766900E+1	1.410000E+0
1.787000E+0	2.823337E-2	7.532373E-6	3.301310E+2	6.766900E+1	1.410000E+0
1.867000E+0	2.823277E-2	-6.527597E-6	3.301310E+2	6.766900E+1	1.410000E+0
1.875000E+0	2.823277E-2	-6.527597E-6	3.301310E+2	6.766900E+1	1.410000E+0
1.988000E+0	3.917533E-2	3.168517E-4	3.301310E+2	6.766900E+1	1.410000E+0
2.001000E+0	3.917533E-2	3.168517E-4	3.301310E+2	6.766900E+1	1.410000E+0
2.087000E+0	3.919438E-2	3.309117E-4	3.301310E+2	6.766900E+1	1.410000E+0
2.096000E+0	3.919438E-2	3.309117E-4	3.301310E+2	6.766900E+1	1.410000E+0
2.177000E+0	3.920460E-2	3.143410E-4	3.301310E+2	6.766900E+1	1.410000E+0
2.186000E+0	3.920460E-2	3.143410E-4	3.301310E+2	6.766900E+1	1.410000E+0
2.267000E+0	3.919458E-2	3.138389E-4	3.301310E+2	6.766900E+1	1.410000E+0
2.276000E+0	3.919458E-2	3.138389E-4	3.301310E+2	6.766900E+1	1.410000E+0
2.357000E+0	3.919778E-2	3.053025E-4	3.301310E+2	6.766900E+1	1.410000E+0
2.366000E+0	3.919778E-2	3.053025E-4	3.301310E+2	6.766900E+1	1.410000E+0
2.478000E+0	4.750815E-2	2.503177E-3	3.301310E+2	6.766900E+1	1.410000E+0
2.487000E+0	4.750815E-2	2.503177E-3	3.301310E+2	6.766900E+1	1.410000E+0
2.566000E+0	5.024139E-2	2.828565E-3	3.301310E+2	6.766900E+1	1.410000E+0
2.574000E+0	5.024139E-2	2.828565E-3	3.301310E+2	6.766900E+1	1.410000E+0
2.657000E+0	5.023978E-2	2.831578E-3	3.301310E+2	6.766900E+1	1.410000E+0
2.666000E+0	5.023978E-2	2.831578E-3	3.301310E+2	6.766900E+1	1.410000E+0
2.746000E+0	5.023918E-2	2.821033E-3	3.301310E+2	6.766900E+1	1.410000E+0
2.755000E+0	5.023918E-2	2.821033E-3	3.301310E+2	6.766900E+1	1.410000E+0
2.836000E+0	5.023738E-2	2.848148E-3	3.301310E+2	6.766900E+1	1.410000E+0
2.845000E+0	5.023738E-2	2.848148E-3	3.301310E+2	6.766900E+1	1.410000E+0
2.958000E+0	5.023838E-2	2.849153E-3	3.301310E+2	6.766900E+1	1.410000E+0
2.971000E+0	5.023838E-2	2.849153E-3	3.301310E+2	6.766900E+1	1.410000E+0
3.056000E+0	6.125111E-2	1.140716E-2	3.301310E+2	6.766900E+1	1.410000E+0
3.065000E+0	6.125111E-2	1.140716E-2	3.301310E+2	6.766900E+1	1.410000E+0
3.146000E+0	6.124790E-2	1.149503E-2	3.301310E+2	6.766900E+1	1.410000E+0
3.155000E+0	6.124790E-2	1.149503E-2	3.301310E+2	6.766900E+1	1.410000E+0
3.236000E+0	6.126153E-2	1.149804E-2	3.301310E+2	6.766900E+1	1.410000E+0
3.245000E+0	6.126153E-2	1.149804E-2	3.301310E+2	6.766900E+1	1.410000E+0
3.326000E+0	6.124349E-2	1.151110E-2	3.301310E+2	6.766900E+1	1.410000E+0
3.335000E+0	6.124349E-2	1.151110E-2	3.301310E+2	6.766900E+1	1.410000E+0
3.448000E+0	6.124128E-2	1.152717E-2	3.301310E+2	6.766900E+1	1.410000E+0
3.457000E+0	6.124128E-2	1.152717E-2	3.301310E+2	6.766900E+1	1.410000E+0
3.537000E+0	6.949913E-2	2.509956E-2	3.301310E+2	6.766900E+1	1.410000E+0
3.546000E+0	6.949913E-2	2.509956E-2	3.301310E+2	6.766900E+1	1.410000E+0
3.627000E+0	7.227005E-2	3.056939E-2	3.301310E+2	6.766900E+1	1.410000E+0
3.636000E+0	7.227005E-2	3.056939E-2	3.301310E+2	6.766900E+1	1.410000E+0
3.717000E+0	7.228008E-2	3.066078E-2	3.301310E+2	6.766900E+1	1.410000E+0
3.725000E+0	7.228008E-2	3.066078E-2	3.301310E+2	6.766900E+1	1.410000E+0
3.806000E+0	7.227025E-2	3.067283E-2	3.301310E+2	6.766900E+1	1.410000E+0
3.814000E+0	7.227025E-2	3.067283E-2	3.301310E+2	6.766900E+1	1.410000E+0
3.927000E+0	7.226704E-2	3.070195E-2	3.301310E+2	6.766900E+1	1.410000E+0
3.940000E+0	7.226704E-2	3.070195E-2	3.301310E+2	6.766900E+1	1.410000E+0
4.026000E+0	7.226885E-2	3.070145E-2	3.301310E+2	6.766900E+1	1.410000E+0
4.036000E+0	7.226885E-2	3.070145E-2	3.301310E+2	6.766900E+1	1.410000E+0
4.117000E+0	7.772329E-2	4.498688E-2	3.301310E+2	6.766900E+1	1.410000E+0
4.126000E+0	7.772329E-2	4.498688E-2	3.301310E+2	6.766900E+1	1.410000E+0
4.207000E+0	7.771988E-2	4.506371E-2	3.301310E+2	6.766900E+1	1.410000E+0
4.216000E+0	7.771988E-2	4.506371E-2	3.301310E+2	6.766900E+1	1.410000E+0
4.296000E+0	7.772288E-2	4.515359E-2	3.301310E+2	6.766900E+1	1.410000E+0
4.305000E+0	7.772288E-2	4.515359E-2	3.301310E+2	6.766900E+1	1.410000E+0
4.419000E+0	7.773231E-2	4.517468E-2	3.301310E+2	6.766900E+1	1.410000E+0
4.428000E+0	7.773231E-2	4.517468E-2	3.301310E+2	6.766900E+1	1.410000E+0
4.513000E+0	7.772048E-2	4.520632E-2	3.301310E+2	6.766900E+1	1.410000E+0
4.522000E+0	7.772048E-2	4.520632E-2	3.301310E+2	6.766900E+1	1.410000E+0
4.606000E+0	8.747155E-2	8.083177E-2	3.301310E+2	6.766900E+1	1.410000E+0
4.616000E+0	8.747155E-2	8.083177E-2	3.301310E+2	6.766900E+1	1.410000E+0
4.696000E+0	8.876549E-2	8.582005E-2	3.301310E+2	6.766900E+1	1.410000E+0
4.705000E+0	8.876549E-2	8.582005E-2	3.301310E+2	6.766900E+1	1.410000E+0
4.786000E+0	8.877812E-2	8.599228E-2	3.301310E+2	6.766900E+1	1.410000E+0
4.795000E+0	8.877812E-2	8.599228E-2	3.301310E+2	6.766900E+1	1.410000E+0
4.909000E+0	8.877170E-2	8.605204E-2	3.301310E+2	6.766900E+1	1.410000E+0
4.922000E+0	8.877170E-2	8.605204E-2	3.301310E+2	6.766900E+1	1.410000E+0
5.006000E+0	8.876508E-2	8.611832E-2	3.301310E+2	6.766900E+1	1.410000E+0
5.014000E+0	8.876508E-2	8.611832E-2	3.301310E+2	6.766900E+1	1.410000E+0
5.096000E+0	8.876709E-2	8.620670E-2	3.301310E+2	6.766900E+1	1.410000E+0
5.105000E+0	8.876709E-2	8.620670E-2	3.301310E+2	6.766900E+1	1.410000E+0
5.187000E+0	9.977521E-2	1.433324E-1	3.301310E+2	6.766900E+1	1.410000E+0
5.196000E+0	9.977521E-2	1.433324E-1	3.301310E+2	6.766900E+1	1.410000E+0
5.276000E+0	9.977019E-2	1.439992E-1	3.301310E+2	6.766900E+1	1.410000E+0
5.284000E+0	9.977019E-2	1.439992E-1	3.301310E+2	6.766900E+1	1.410000E+0
5.397000E+0	9.978363E-2	1.442216E-1	3.301310E+2	6.766900E+1	1.410000E+0
5.406000E+0	9.978363E-2	1.442216E-1	3.301310E+2	6.766900E+1	1.410000E+0
5.486000E+0	9.978884E-2	1.444084E-1	3.301310E+2	6.766900E+1	1.410000E+0
5.494000E+0	9.978884E-2	1.444084E-1	3.301310E+2	6.766900E+1	1.410000E+0
5.575000E+0	9.977320E-2	1.444747E-1	3.301310E+2	6.766900E+1	1.410000E+0
5.584000E+0	9.977320E-2	1.444747E-1	3.301310E+2	6.766900E+1	1.410000E+0
5.666000E+0	1.081126E-1	2.024048E-1	3.301310E+2	6.766900E+1	1.410000E+0
5.675000E+0	1.081126E-1	2.024048E-1	3.301310E+2	6.766900E+1	1.410000E+0
5.756000E+0	1.108080E-1	2.215570E-1	3.301310E+2	6.766900E+1	1.410000E+0
5.765000E+0	1.108080E-1	2.215570E-1	3.301310E+2	6.766900E+1	1.410000E+0
5.877000E+0	1.108100E-1	2.219276E-1	3.301310E+2	6.766900E+1	1.410000E+0
5.886000E+0	1.108100E-1	2.219276E-1	3.301310E+2	6.766900E+1	1.410000E+0
5.970000E+0	1.108064E-1	2.222700E-1	3.301310E+2	6.766900E+1	1.410000E+0
5.987000E+0	1.108064E-1	2.222700E-1	3.301310E+2	6.766900E+1	1.410000E+0
6.074000E+0	1.107984E-1	2.224493E-1	3.301310E+2	6.766900E+1	1.410000E+0
6.083000E+0	1.107984E-1	2.224493E-1	3.301310E+2	6.766900E+1	1.410000E+0
6.166000E+0	1.108094E-1	2.225236E-1	3.301310E+2	6.766900E+1	1.410000E+0
6.175000E+0	1.108094E-1	2.225236E-1	3.301310E+2	6.766900E+1	1.410000E+0
6.255000E+0	1.217535E-1	3.183413E-1	3.301310E+2	6.766900E+1	1.410000E+0
6.264000E+0	1.217535E-1	3.183413E-1	3.301310E+2	6.766900E+1	1.410000E+0
6.376000E+0	1.217746E-1	3.198824E-1	3.301310E+2	6.766900E+1	1.410000E+0
6.385000E+0	1.217746E-1	3.198824E-1	3.301310E+2	6.766900E+1	1.410000E+0
6.466000E+0	1.217654E-1	3.205598E-1	3.301310E+2	6.766900E+1	1.410000E+0
6.474000E+0	1.217654E-1	3.205598E-1	3.301310E+2	6.766900E+1	1.410000E+0
6.556000E+0	1.217584E-1	3.208264E-1	3.301310E+2	6.766900E+1	1.410000E+0
6.566000E+0	1.217584E-1	3.208264E-1	3.301310E+2	6.766900E+1	1.410000E+0
6.646000E+0	1.217694E-1	3.209936E-1	3.301310E+2	6.766900E+1	1.410000E+0
6.655000E+0	1.217694E-1	3.209936E-1	3.301310E+2	6.766900E+1	1.410000E+0
6.736000E+0	1.306948E-1	4.141535E-1	3.301310E+2	6.766900E+1	1.410000E+0
6.745000E+0	1.306948E-1	4.141535E-1	3.301310E+2	6.766900E+1	1.410000E+0
6.856000E+0	1.328096E-1	4.376110E-1	3.301310E+2	6.766900E+1	1.410000E+0
6.865000E+0	1.328096E-1	4.376110E-1	3.301310E+2	6.766900E+1	1.410000E+0
6.946000E+0	1.328096E-1	4.375337E-1	3.301310E+2	6.766900E+1	1.410000E+0
6.960000E+0	1.328096E-1	4.375337E-1	3.301310E+2	6.766900E+1	1.410000E+0
7.042000E+0	1.328168E-1	4.374895E-1	3.301310E+2	6.766900E+1	1.410000E+0
7.052000E+0	1.328168E-1	4.374895E-1	3.301310E+2	6.766900E+1	1.410000E+0
7.136000E+0	1.328138E-1	4.373047E-1	3.301310E+2	6.766900E+1	1.410000E+0
7.145000E+0	1.328138E-1	4.373047E-1	3.301310E+2	6.766900E+1	1.410000E+0
7.225000E+0	1.328208E-1	4.374830E-1	3.301310E+2	6.766900E+1	1.410000E+0
7.234000E+0	1.328208E-1	4.374830E-1	3.301310E+2	6.766900E+1	1.410000E+0
7.349000E+0	1.383396E-1	5.050994E-1	3.301310E+2	6.766900E+1	1.410000E+0
7.358000E+0	1.383396E-1	5.050994E-1	3.301310E+2	6.766900E+1	1.410000E+0
7.442000E+0	1.383514E-1	5.052269E-1	3.301310E+2	6.766900E+1	1.410000E+0
7.451000E+0	1.383514E-1	5.052269E-1	3.301310E+2	6.766900E+1	1.410000E+0
7.536000E+0	1.383538E-1	5.052380E-1	3.301310E+2	6.766900E+1	1.410000E+0
7.545000E+0	1.383538E-1	5.052380E-1	3.301310E+2	6.766900E+1	1.410000E+0
7.626000E+0	1.383725E-1	5.056899E-1	3.301310E+2	6.766900E+1	1.410000E+0
7.634000E+0	1.383725E-1	5.056899E-1	3.301310E+2	6.766900E+1	1.410000E+0
7.717000E+0	1.383599E-1	5.050708E-1	3.301310E+2	6.766900E+1	1.410000E+0
7.725000E+0	1.383599E-1	5.050708E-1	3.301310E+2	6.766900E+1	1.410000E+0
7.838000E+0	1.472280E-1	6.275994E-1	3.301310E+2	6.766900E+1	1.410000E+0
7.847000E+0	1.472280E-1	6.275994E-1	3.301310E+2	6.766900E+1	1.410000E+0
7.926000E+0	1.493808E-1	6.604440E-1	3.301310E+2	6.766900E+1	1.410000E+0
7.939000E+0	1.493808E-1	6.604440E-1	3.301310E+2	6.766900E+1	1.410000E+0
8.022000E+0	1.493880E-1	6.607347E-1	3.301310E+2	6.766900E+1	1.410000E+0
8.031000E+0	1.493880E-1	6.607347E-1	3.301310E+2	6.766900E+1	1.410000E+0
8.117000E+0	1.493850E-1	6.614854E-1	3.301310E+2	6.766900E+1	1.410000E+0
8.126000E+0	1.493850E-1	6.614854E-1	3.301310E+2	6.766900E+1	1.410000E+0
8.206000E+0	1.493792E-1	6.619002E-1	3.301310E+2	6.766900E+1	1.410000E+0
8.214000E+0	1.493792E-1	6.619002E-1	3.301310E+2	6.766900E+1	1.410000E+0
8.327000E+0	1.493766E-1	6.621834E-1	3.301310E+2	6.766900E+1	1.410000E+0
8.336000E+0	1.493766E-1	6.621834E-1	3.301310E+2	6.766900E+1	1.410000E+0
8.417000E+0	1.603739E-1	8.392974E-1	3.301310E+2	6.766900E+1	1.410000E+0
8.426000E+0	1.603739E-1	8.392974E-1	3.301310E+2	6.766900E+1	1.410000E+0
8.507000E+0	1.604102E-1	8.442435E-1	3.301310E+2	6.766900E+1	1.410000E+0
8.516000E+0	1.604102E-1	8.442435E-1	3.301310E+2	6.766900E+1	1.410000E+0
8.596000E+0	1.604104E-1	8.462982E-1	3.301310E+2	6.766900E+1	1.410000E+0
8.605000E+0	1.604104E-1	8.462982E-1	3.301310E+2	6.766900E+1	1.410000E+0
8.686000E+0	1.604166E-1	8.473080E-1	3.301310E+2	6.766900E+1	1.410000E+0
8.695000E+0	1.604166E-1	8.473080E-1	3.301310E+2	6.766900E+1	1.410000E+0
8.807000E+0	1.604154E-1	8.474757E-1	3.301310E+2	6.766900E+1	1.410000E+0
8.816000E+0	1.604154E-1	8.474757E-1	3.301310E+2	6.766900E+1	1.410000E+0
8.896000E+0	1.674102E-1	9.737574E-1	3.301310E+2	6.766900E+1	1.410000E+0
8.910000E+0	1.674102E-1	9.737574E-1	3.301310E+2	6.766900E+1	1.410000E+0
8.992000E+0	1.714049E-1	1.051704E+0	3.301310E+2	6.766900E+1	1.410000E+0
9.001000E+0	1.714049E-1	1.051704E+0	3.301310E+2	6.766900E+1	1.410000E+0
9.086000E+0	1.714028E-1	1.053668E+0	3.301310E+2	6.766900E+1	1.410000E+0
9.095000E+0	1.714028E-1	1.053668E+0	3.301310E+2	6.766900E+1	1.410000E+0
9.176000E+0	1.714077E-1	1.053482E+0	3.301310E+2	6.766900E+1	1.410000E+0
9.184000E+0	1.714077E-1	1.053482E+0	3.301310E+2	6.766900E+1	1.410000E+0
9.297000E+0	1.714097E-1	1.053946E+0	3.301310E+2	6.766900E+1	1.410000E+0
9.307000E+0	1.714097E-1	1.053946E+0	3.301310E+2	6.766900E+1	1.410000E+0
9.386000E+0	1.714105E-1	1.051521E+0	3.301310E+2	6.766900E+1	1.410000E+0
9.395000E+0	1.714105E-1	1.051521E+0	3.301310E+2	6.766900E+1	1.410000E+0
9.476000E+0	1.824186E-1	1.272923E+0	3.301310E+2	6.766900E+1	1.410000E+0
9.485000E+0	1.824186E-1	1.272923E+0	3.301310E+2	6.766900E+1	1.410000E+0
9.567000E+0	1.824360E-1	1.278495E+0	3.301310E+2	6.766900E+1	1.410000E+0
9.576000E+0	1.824360E-1	1.278495E+0	3.301310E+2	6.766900E+1	1.410000E+0
9.656000E+0	1.824240E-1	1.282733E+0	3.301310E+2	6.766900E+1	1.410000E+0
9.665000E+0	1.824240E-1	1.282733E+0	3.301310E+2	6.766900E+1	1.410000E+0
9.776000E+0	1.824338E-1	1.283343E+0	3.301310E+2	6.766900E+1	1.410000E+0
9.786000E+0	1.824338E-1	1.283343E+0	3.301310E+2	6.766900E+1	1.410000E+0
9.866000E+0	1.824278E-1	1.282673E+0	3.301310E+2	6.766900E+1	1.410000E+0
9.875000E+0	1.824278E-1	1.282673E+0	3.301310E+2	6.766900E+1	1.410000E+0
9.956000E+0	1.848621E-1	1.330548E+0	3.301310E+2	6.766900E+1	1.410000E+0
9.969000E+0	1.848621E-1	1.330548E+0	3.301310E+2	6.766900E+1	1.410000E+0
1.005200E+1	1.879274E-1	1.396750E+0	3.301310E+2	6.766900E+1	1.410000E+0
1.006000E+1	1.879274E-1	1.396750E+0	3.301310E+2	6.766900E+1	1.410000E+0
1.014600E+1	1.879390E-1	1.395611E+0	3.301310E+2	6.766900E+1	1.410000E+0
1.015600E+1	1.879390E-1	1.395611E+0	3.301310E+2	6.766900E+1	1.410000E+0
1.026900E+1	1.879377E-1	1.394795E+0	3.301310E+2	6.766900E+1	1.410000E+0
1.027800E+1	1.879377E-1	1.394795E+0	3.301310E+2	6.766900E+1	1.410000E+0
1.036200E+1	1.879321E-1	1.394591E+0	3.301310E+2	6.766900E+1	1.410000E+0
1.037100E+1	1.879321E-1	1.394591E+0	3.301310E+2	6.766900E+1	1.410000E+0
1.045700E+1	1.879279E-1	1.393802E+0	3.301310E+2	6.766900E+1	1.410000E+0
1.046500E+1	1.879279E-1	1.393802E+0	3.301310E+2	6.766900E+1	1.410000E+0
1.054600E+1	1.989591E-1	1.651323E+0	3.301310E+2	6.766900E+1	1.410000E+0
1.055500E+1	1.989591E-1	1.651323E+0	3.301310E+2	6.766900E+1	1.410000E+0
1.063600E+1	1.989719E-1	1.655251E+0	3.301310E+2	6.766900E+1	1.410000E+0
1.064500E+1	1.989719E-1	1.655251E+0	3.301310E+2	6.766900E+1	1.410000E+0
1.075700E+1	1.989625E-1	1.653525E+0	3.301310E+2	6.766900E+1	1.410000E+0
1.076600E+1	1.989625E-1	1.653525E+0	3.301310E+2	6.766900E+1	1.410000E+0
1.084600E+1	1.989631E-1	1.655756E+0	3.301310E+2	6.766900E+1	1.410000E+0
1.085500E+1	1.989631E-1	1.655756E+0	3.301310E+2	6.766900E+1	1.410000E+0
1.093600E+1	1.989697E-1	1.658042E+0	3.301310E+2	6.766900E+1	1.410000E+0
1.094900E+1	1.989697E-1	1.658042E+0	3.301310E+2	6.766900E+1	1.410000E+0
1.103200E+1	2.071141E-1	1.928334E+0	3.301310E+2	6.766900E+1	1.410000E+0
1.104100E+1	2.071141E-1	1.928334E+0	3.301310E+2	6.766900E+1	1.410000E+0
1.112600E+1	2.099080E-1	1.937011E+0	3.301310E+2	6.766900E+1	1.410000E+0
1.113500E+1	2.099080E-1	1.937011E+0	3.301310E+2	6.766900E+1	1.410000E+0
1.124600E+1	2.099149E-1	1.931519E+0	3.301310E+2	6.766900E+1	1.410000E+0
1.125500E+1	2.099149E-1	1.931519E+0	3.301310E+2	6.766900E+1	1.410000E+0
1.133500E+1	2.099195E-1	1.940884E+0	3.301310E+2	6.766900E+1	1.410000E+0
1.134400E+1	2.099195E-1	1.940884E+0	3.301310E+2	6.766900E+1	1.410000E+0
1.142500E+1	2.099197E-1	1.943331E+0	3.301310E+2	6.766900E+1	1.410000E+0
1.143400E+1	2.099197E-1	1.943331E+0	3.301310E+2	6.766900E+1	1.410000E+0
1.151600E+1	2.099221E-1	1.939362E+0	3.301310E+2	6.766900E+1	1.410000E+0
1.152500E+1	2.099221E-1	1.939362E+0	3.301310E+2	6.766900E+1	1.410000E+0
1.160600E+1	2.158775E-1	2.096267E+0	3.301310E+2	6.766900E+1	1.410000E+0
1.161500E+1	2.158775E-1	2.096267E+0	3.301310E+2	6.766900E+1	1.410000E+0
1.172700E+1	2.209527E-1	2.247140E+0	3.301310E+2	6.766900E+1	1.410000E+0
1.173600E+1	2.209527E-1	2.247140E+0	3.301310E+2	6.766900E+1	1.410000E+0
1.181600E+1	2.209581E-1	2.251836E+0	3.301310E+2	6.766900E+1	1.410000E+0
1.182500E+1	2.209581E-1	2.251836E+0	3.301310E+2	6.766900E+1	1.410000E+0
1.190700E+1	2.209565E-1	2.246520E+0	3.301310E+2	6.766900E+1	1.410000E+0
1.192000E+1	2.209565E-1	2.246520E+0	3.301310E+2	6.766900E+1	1.410000E+0
1.200200E+1	2.209625E-1	2.234348E+0	3.301310E+2	6.766900E+1	1.410000E+0
1.201100E+1	2.209625E-1	2.234348E+0	3.301310E+2	6.766900E+1	1.410000E+0
1.209600E+1	2.309325E-1	2.523472E+0	3.301310E+2	6.766900E+1	1.410000E+0
1.210500E+1	2.309325E-1	2.523472E+0	3.301310E+2	6.766900E+1	1.410000E+0
1.221800E+1	2.319842E-1	2.567577E+0	3.301310E+2	6.766900E+1	1.410000E+0
1.222700E+1	2.319842E-1	2.567577E+0	3.301310E+2	6.766900E+1	1.410000E+0
1.230600E+1	2.319816E-1	2.555970E+0	3.301310E+2	6.766900E+1	1.410000E+0
1.231500E+1	2.319816E-1	2.555970E+0	3.301310E+2	6.766900E+1	1.410000E+0
1.239700E+1	2.319918E-1	2.557965E+0	3.301310E+2	6.766900E+1	1.410000E+0
1.240700E+1	2.319918E-1	2.557965E+0	3.301310E+2	6.766900E+1	1.410000E+0
1.248500E+1	2.319810E-1	2.565460E+0	3.301310E+2	6.766900E+1	1.410000E+0
1.249500E+1	2.319810E-1	2.565460E+0	3.301310E+2	6.766900E+1	1.410000E+0
1.257600E+1	2.319850E-1	2.560685E+0	3.301310E+2	6.766900E+1	1.410000E+0
1.258500E+1	2.319850E-1	2.560685E+0	3.301310E+2	6.766900E+1	1.410000E+0
1.269700E+1	2.374960E-1	2.723891E+0	3.301310E+2	6.766900E+1	1.410000E+0
1.270600E+1	2.374960E-1	2.723891E+0	3.301310E+2	6.766900E+1	1.410000E+0
1.278600E+1	2.375130E-1	2.733099E+0	3.301310E+2	6.766900E+1	1.410000E+0
1.279500E+1	2.375130E-1	2.733099E+0	3.301310E+2	6.766900E+1	1.410000E+0
1.287600E+1	2.375058E-1	2.732673E+0	3.301310E+2	6.766900E+1	1.410000E+0
1.288500E+1	2.375058E-1	2.732673E+0	3.301310E+2	6.766900E+1	1.410000E+0
1.297000E+1	2.375088E-1	2.731203E+0	3.301310E+2	6.766900E+1	1.410000E+0
1.299300E+1	2.375088E-1	2.731203E+0	3.301310E+2	6.766900E+1	1.410000E+0
1.306200E+1	2.375048E-1	2.737414E+0	3.301310E+2	6.766900E+1	1.410000E+0
1.307100E+1	2.375048E-1	2.737414E+0	3.301310E+2	6.766900E+1	1.410000E+0
1.318700E+1	2.471542E-1	3.037538E+0	3.301310E+2	6.766900E+1	1.410000E+0
1.319500E+1	2.471542E-1	3.037538E+0	3.301310E+2	6.766900E+1	1.410000E+0
1.327600E+1	2.485356E-1	3.092513E+0	3.301310E+2	6.766900E+1	1.410000E+0
1.328500E+1	2.485356E-1	3.092513E+0	3.301310E+2	6.766900E+1	1.410000E+0
1.336500E+1	2.485524E-1	3.100790E+0	3.301310E+2	6.766900E+1	1.410000E+0
1.337300E+1	2.485524E-1	3.100790E+0	3.301310E+2	6.766900E+1	1.410000E+0
1.345500E+1	2.485392E-1	3.097396E+0	3.301310E+2	6.766900E+1	1.410000E+0
1.346400E+1	2.485392E-1	3.097396E+0	3.301310E+2	6.766900E+1	1.410000E+0
1.354500E+1	2.485446E-1	3.091516E+0	3.301310E+2	6.766900E+1	1.410000E+0
1.355400E+1	2.485446E-1	3.091516E+0	3.301310E+2	6.766900E+1	1.410000E+0
1.366600E+1	2.485522E-1	3.085096E+0	3.301310E+2	6.766900E+1	1.410000E+0
1.367500E+1	2.485522E-1	3.085096E+0	3.301310E+2	6.766900E+1	1.410000E+0
1.375600E+1	2.595042E-1	3.455171E+0	3.301310E+2	6.766900E+1	1.410000E+0
1.376500E+1	2.595042E-1	3.455171E+0	3.301310E+2	6.766900E+1	1.410000E+0
1.384600E+1	2.595487E-1	3.468605E+0	3.301310E+2	6.766900E+1	1.410000E+0
1.385500E+1	2.595487E-1	3.468605E+0	3.301310E+2	6.766900E+1	1.410000E+0
1.393600E+1	2.595327E-1	3.461118E+0	3.301310E+2	6.766900E+1	1.410000E+0
1.395000E+1	2.595327E-1	3.461118E+0	3.301310E+2	6.766900E+1	1.410000E+0
1.403200E+1	2.595485E-1	3.446191E+0	3.301310E+2	6.766900E+1	1.410000E+0
1.404100E+1	2.595485E-1	3.446191E+0	3.301310E+2	6.766900E+1	1.410000E+0
1.415900E+1	2.595301E-1	3.440135E+0	3.301310E+2	6.766900E+1	1.410000E+0
1.416700E+1	2.595301E-1	3.440135E+0	3.301310E+2	6.766900E+1	1.410000E+0
1.424600E+1	2.671097E-1	3.702598E+0	3.301310E+2	6.766900E+1	1.410000E+0
1.425500E+1	2.671097E-1	3.702598E+0	3.301310E+2	6.766900E+1	1.410000E+0
1.433700E+1	2.705655E-1	3.830661E+0	3.301310E+2	6.766900E+1	1.410000E+0
1.434600E+1	2.705655E-1	3.830661E+0	3.301310E+2	6.766900E+1	1.410000E+0
1.442500E+1	2.705763E-1	3.835359E+0	3.301310E+2	6.766900E+1	1.410000E+0
1.443400E+1	2.705763E-1	3.835359E+0	3.301310E+2	6.766900E+1	1.410000E+0
1.451700E+1	2.705839E-1	3.828782E+0	3.301310E+2	6.766900E+1	1.410000E+0
1.452500E+1	2.705839E-1	3.828782E+0	3.301310E+2	6.766900E+1	1.410000E+0
1.463900E+1	2.705679E-1	3.828688E+0	3.301310E+2	6.766900E+1	1.410000E+0
1.464800E+1	2.705679E-1	3.828688E+0	3.301310E+2	6.766900E+1	1.410000E+0
1.473300E+1	2.705598E-1	3.839783E+0	3.301310E+2	6.766900E+1	1.410000E+0
1.474200E+1	2.705598E-1	3.839783E+0	3.301310E+2	6.766900E+1	1.410000E+0
1.482600E+1	2.815657E-1	4.225031E+0	3.301310E+2	6.766900E+1	1.410000E+0
1.483500E+1	2.815657E-1	4.225031E+0	3.301310E+2	6.766900E+1	1.410000E+0
1.491500E+1	2.815728E-1	4.234325E+0	3.301310E+2	6.766900E+1	1.410000E+0
1.492900E+1	2.815728E-1	4.234325E+0	3.301310E+2	6.766900E+1	1.410000E+0
1.501200E+1	2.815886E-1	4.240220E+0	3.301310E+2	6.766900E+1	1.410000E+0
1.502000E+1	2.815886E-1	4.240220E+0	3.301310E+2	6.766900E+1	1.410000E+0
1.513700E+1	2.815814E-1	4.243663E+0	3.301310E+2	6.766900E+1	1.410000E+0
1.514600E+1	2.815814E-1	4.243663E+0	3.301310E+2	6.766900E+1	1.410000E+0
1.522500E+1	2.815860E-1	4.236225E+0	3.301310E+2	6.766900E+1	1.410000E+0
1.523400E+1	2.815860E-1	4.236225E+0	3.301310E+2	6.766900E+1	1.410000E+0
1.531600E+1	2.872778E-1	4.446330E+0	3.301310E+2	6.766900E+1	1.410000E+0
1.532500E+1	2.872778E-1	4.446330E+0	3.301310E+2	6.766900E+1	1.410000E+0
1.540600E+1	2.926160E-1	4.648902E+0	3.301310E+2	6.766900E+1	1.410000E+0
1.541500E+1	2.926160E-1	4.648902E+0	3.301310E+2	6.766900E+1	1.410000E+0
1.549600E+1	2.926238E-1	4.648399E+0	3.301310E+2	6.766900E+1	1.410000E+0
1.550500E+1	2.926238E-1	4.648399E+0	3.301310E+2	6.766900E+1	1.410000E+0
1.561700E+1	2.926292E-1	4.650246E+0	3.301310E+2	6.766900E+1	1.410000E+0
1.562600E+1	2.926292E-1	4.650246E+0	3.301310E+2	6.766900E+1	1.410000E+0
1.570500E+1	2.926314E-1	4.645861E+0	3.301310E+2	6.766900E+1	1.410000E+0
1.571400E+1	2.926314E-1	4.645861E+0	3.301310E+2	6.766900E+1	1.410000E+0
1.579600E+1	2.926320E-1	4.643382E+0	3.301310E+2	6.766900E+1	1.410000E+0
1.580500E+1	2.926320E-1	4.643382E+0	3.301310E+2	6.766900E+1	1.410000E+0
1.588600E+1	2.982657E-1	4.854450E+0	3.301310E+2	6.766900E+1	1.410000E+0
1.589900E+1	2.982657E-1	4.854450E+0	3.301310E+2	6.766900E+1	1.410000E+0
1.598200E+1	2.982863E-1	4.857042E+0	3.301310E+2	6.766900E+1	1.410000E+0
1.599100E+1	2.982863E-1	4.857042E+0	3.301310E+2	6.766900E+1	1.410000E+0
1.610700E+1	2.982817E-1	4.860300E+0	3.301310E+2	6.766900E+1	1.410000E+0
1.611700E+1	2.982817E-1	4.860300E+0	3.301310E+2	6.766900E+1	1.410000E+0
1.619600E+1	2.982735E-1	4.861612E+0	3.301310E+2	6.766900E+1	1.410000E+0
1.620500E+1	2.982735E-1	4.861612E+0	3.301310E+2	6.766900E+1	1.410000E+0
1.628700E+1	2.982763E-1	4.862400E+0	3.301310E+2	6.766900E+1	1.410000E+0
1.629600E+1	2.982763E-1	4.862400E+0	3.301310E+2	6.766900E+1	1.410000E+0
1.637700E+1	3.065945E-1	5.179811E+0	3.301310E+2	6.766900E+1	1.410000E+0
1.638600E+1	3.065945E-1	5.179811E+0	3.301310E+2	6.766900E+1	1.410000E+0
1.646600E+1	3.093510E-1	5.293062E+0	3.301310E+2	6.766900E+1	1.410000E+0
1.647500E+1	3.093510E-1	5.293062E+0	3.301310E+2	6.766900E+1	1.410000E+0
1.658700E+1	3.093544E-1	5.296014E+0	3.301310E+2	6.766900E+1	1.410000E+0
1.659600E+1	3.093544E-1	5.296014E+0	3.301310E+2	6.766900E+1	1.410000E+0
1.667600E+1	3.093566E-1	5.299002E+0	3.301310E+2	6.766900E+1	1.410000E+0
1.668500E+1	3.093566E-1	5.299002E+0	3.301310E+2	6.766900E+1	1.410000E+0
1.676600E+1	3.093626E-1	5.298570E+0	3.301310E+2	6.766900E+1	1.410000E+0
1.677500E+1	3.093626E-1	5.298570E+0	3.301310E+2	6.766900E+1	1.410000E+0
1.685600E+1	3.093610E-1	5.298833E+0	3.301310E+2	6.766900E+1	1.410000E+0
1.686500E+1	3.093610E-1	5.298833E+0	3.301310E+2	6.766900E+1	1.410000E+0
1.694600E+1	3.203302E-1	5.731730E+0	3.301310E+2	6.766900E+1	1.410000E+0
1.695900E+1	3.203302E-1	5.731730E+0	3.301310E+2	6.766900E+1	1.410000E+0
1.707300E+1	3.203946E-1	5.738244E+0	3.301310E+2	6.766900E+1	1.410000E+0
1.708300E+1	3.203946E-1	5.738244E+0	3.301310E+2	6.766900E+1	1.410000E+0
1.716600E+1	3.203856E-1	5.737734E+0	3.301310E+2	6.766900E+1	1.410000E+0
1.717500E+1	3.203856E-1	5.737734E+0	3.301310E+2	6.766900E+1	1.410000E+0
1.725600E+1	3.203964E-1	5.741756E+0	3.301310E+2	6.766900E+1	1.410000E+0
1.726500E+1	3.203964E-1	5.741756E+0	3.301310E+2	6.766900E+1	1.410000E+0
1.734600E+1	3.203978E-1	5.742634E+0	3.301310E+2	6.766900E+1	1.410000E+0
1.735400E+1	3.203978E-1	5.742634E+0	3.301310E+2	6.766900E+1	1.410000E+0
1.743600E+1	3.293830E-1	6.099827E+0	3.301310E+2	6.766900E+1	1.410000E+0
1.744500E+1	3.293830E-1	6.099827E+0	3.301310E+2	6.766900E+1	1.410000E+0
1.755600E+1	3.314276E-1	6.178934E+0	3.301310E+2	6.766900E+1	1.410000E+0
1.756500E+1	3.314276E-1	6.178934E+0	3.301310E+2	6.766900E+1	1.410000E+0
1.764600E+1	3.314259E-1	6.177437E+0	3.301310E+2	6.766900E+1	1.410000E+0
1.765400E+1	3.314259E-1	6.177437E+0	3.301310E+2	6.766900E+1	1.410000E+0
1.773600E+1	3.314298E-1	6.178450E+0	3.301310E+2	6.766900E+1	1.410000E+0
1.774400E+1	3.314298E-1	6.178450E+0	3.301310E+2	6.766900E+1	1.410000E+0
1.782600E+1	3.314288E-1	6.178492E+0	3.301310E+2	6.766900E+1	1.410000E+0
1.783500E+1	3.314288E-1	6.178492E+0	3.301310E+2	6.766900E+1	1.410000E+0
1.791600E+1	3.314273E-1	6.179975E+0	3.301310E+2	6.766900E+1	1.410000E+0
1.792900E+1	3.314273E-1	6.179975E+0	3.301310E+2	6.766900E+1	1.410000E+0
1.804200E+1	3.423978E-1	6.630419E+0	3.301310E+2	6.766900E+1	1.410000E+0
1.805200E+1	3.423978E-1	6.630419E+0	3.301310E+2	6.766900E+1	1.410000E+0
1.813600E+1	3.424200E-1	6.625636E+0	3.301310E+2	6.766900E+1	1.410000E+0
1.814500E+1	3.424200E-1	6.625636E+0	3.301310E+2	6.766900E+1	1.410000E+0
1.822600E+1	3.424170E-1	6.618589E+0	3.301310E+2	6.766900E+1	1.410000E+0
1.823500E+1	3.424170E-1	6.618589E+0	3.301310E+2	6.766900E+1	1.410000E+0
1.831600E+1	3.424108E-1	6.615020E+0	3.301310E+2	6.766900E+1	1.410000E+0
1.832500E+1	3.424108E-1	6.615020E+0	3.301310E+2	6.766900E+1	1.410000E+0
1.840600E+1	3.424132E-1	6.615384E+0	3.301310E+2	6.766900E+1	1.410000E+0
1.841500E+1	3.424132E-1	6.615384E+0	3.301310E+2	6.766900E+1	1.410000E+0
1.852700E+1	3.468239E-1	6.794605E+0	3.301310E+2	6.766900E+1	1.410000E+0
1.853600E+1	3.468239E-1	6.794605E+0	3.301310E+2	6.766900E+1	1.410000E+0
1.861600E+1	3.479521E-1	6.843855E+0	3.301310E+2	6.766900E+1	1.410000E+0
1.862600E+1	3.479521E-1	6.843855E+0	3.301310E+2	6.766900E+1	1.410000E+0
1.870600E+1	3.479496E-1	6.844315E+0	3.301310E+2	6.766900E+1	1.410000E+0
1.871500E+1	3.479496E-1	6.844315E+0	3.301310E+2	6.766900E+1	1.410000E+0
1.879600E+1	3.479496E-1	6.847488E+0	3.301310E+2	6.766900E+1	1.410000E+0
1.880500E+1	3.479496E-1	6.847488E+0	3.301310E+2	6.766900E+1	1.410000E+0
1.888700E+1	3.479537E-1	6.843021E+0	3.301310E+2	6.766900E+1	1.410000E+0
1.890000E+1	3.479537E-1	6.843021E+0	3.301310E+2	6.766900E+1	1.410000E+0
1.901400E+1	3.479553E-1	6.845951E+0	3.301310E+2	6.766900E+1	1.410000E+0
1.902200E+1	3.479553E-1	6.845951E+0	3.301310E+2	6.766900E+1	1.410000E+0
1.910700E+1	3.589848E-1	7.311669E+0	3.301310E+2	6.766900E+1	1.410000E+0
1.911500E+1	3.589848E-1	7.311669E+0	3.301310E+2	6.766900E+1	1.410000E+0
1.919700E+1	3.589959E-1	7.314446E+0	3.301310E+2	6.766900E+1	1.410000E+0
1.920600E+1	3.589959E-1	7.314446E+0	3.301310E+2	6.766900E+1	1.410000E+0
1.928700E+1	3.589936E-1	7.314657E+0	3.301310E+2	6.766900E+1	1.410000E+0
1.929600E+1	3.589936E-1	7.314657E+0	3.301310E+2	6.766900E+1	1.410000E+0
1.937700E+1	3.589866E-1	7.315595E+0	3.301310E+2	6.766900E+1	1.410000E+0
1.938600E+1	3.589866E-1	7.315595E+0	3.301310E+2	6.766900E+1	1.410000E+0
1.949700E+1	3.589904E-1	7.310596E+0	3.301310E+2	6.766900E+1	1.410000E+0
1.950600E+1	3.589904E-1	7.310596E+0	3.301310E+2	6.766900E+1	1.410000E+0
1.958600E+1	3.660117E-1	7.611759E+0	3.301310E+2	6.766900E+1	1.410000E+0
1.959500E+1	3.660117E-1	7.611759E+0	3.301310E+2	6.766900E+1	1.410000E+0
1.967700E+1	3.700116E-1	7.788284E+0	3.301310E+2	6.766900E+1	1.410000E+0
1.968600E+1	3.700116E-1	7.788284E+0	3.301310E+2	6.766900E+1	1.410000E+0
1.976600E+1	3.700128E-1	7.787975E+0	3.301310E+2	6.766900E+1	1.410000E+0
1.977500E+1	3.700128E-1	7.787975E+0	3.301310E+2	6.766900E+1	1.410000E+0
1.985600E+1	3.699996E-1	7.789088E+0	3.301310E+2	6.766900E+1	1.410000E+0
1.986500E+1	3.699996E-1	7.789088E+0	3.301310E+2	6.766900E+1	1.410000E+0
1.998000E+1	3.700022E-1	7.786004E+0	3.301310E+2	6.766900E+1	1.410000E+0
1.999300E+1	3.700022E-1	7.786004E+0	3.301310E+2	6.766900E+1	1.410000E+0
2.007700E+1	3.699853E-1	7.789652E+0	3.301310E+2	6.766900E+1	1.410000E+0
2.008600E+1	3.699853E-1	7.789652E+0	3.301310E+2	6.766900E+1	1.410000E+0
2.016600E+1	3.809842E-1	8.260003E+0	3.301310E+2	6.766900E+1	1.410000E+0
2.017500E+1	3.809842E-1	8.260003E+0	3.301310E+2	6.766900E+1	1.410000E+0
2.025600E+1	3.810101E-1	8.268576E+0	3.301310E+2	6.766900E+1	1.410000E+0
2.026500E+1	3.810101E-1	8.268576E+0	3.301310E+2	6.766900E+1	1.410000E+0
2.034600E+1	3.810251E-1	8.259647E+0	3.301310E+2	6.766900E+1	1.410000E+0
2.035500E+1	3.810251E-1	8.259647E+0	3.301310E+2	6.766900E+1	1.410000E+0
2.046700E+1	3.810225E-1	8.264320E+0	3.301310E+2	6.766900E+1	1.410000E+0
2.047600E+1	3.810225E-1	8.264320E+0	3.301310E+2	6.766900E+1	1.410000E+0
2.055600E+1	3.810265E-1	8.260829E+0	3.301310E+2	6.766900E+1	1.410000E+0
2.056500E+1	3.810265E-1	8.260829E+0	3.301310E+2	6.766900E+1	1.410000E+0
2.064600E+1	3.894446E-1	8.631756E+0	3.301310E+2	6.766900E+1	1.410000E+0
2.065500E+1	3.894446E-1	8.631756E+0	3.301310E+2	6.766900E+1	1.410000E+0
2.073700E+1	3.919613E-1	8.747097E+0	3.301310E+2	6.766900E+1	1.410000E+0
2.074500E+1	3.919613E-1	8.747097E+0	3.301310E+2	6.766900E+1	1.410000E+0
2.082700E+1	3.919719E-1	8.744255E+0	3.301310E+2	6.766900E+1	1.410000E+0
2.083600E+1	3.919719E-1	8.744255E+0	3.301310E+2	6.766900E+1	1.410000E+0
2.094700E+1	3.919605E-1	8.752402E+0	3.301310E+2	6.766900E+1	1.410000E+0
2.096000E+1	3.919605E-1	8.752402E+0	3.301310E+2	6.766900E+1	1.410000E+0
2.104300E+1	3.919763E-1	8.745913E+0	3.301310E+2	6.766900E+1	1.410000E+0
2.105200E+1	3.919763E-1	8.745913E+0	3.301310E+2	6.766900E+1	1.410000E+0
2.113600E+1	3.919767E-1	8.750581E+0	3.301310E+2	6.766900E+1	1.410000E+0
2.114500E+1	3.919767E-1	8.750581E+0	3.301310E+2	6.766900E+1	1.410000E+0
2.122600E+1	4.029814E-1	9.223159E+0	3.301310E+2	6.766900E+1	1.410000E+0
2.123500E+1	4.029814E-1	9.223159E+0	3.301310E+2	6.766900E+1	1.410000E+0
2.131600E+1	4.030257E-1	9.234832E+0	3.301310E+2	6.766900E+1	1.410000E+0
2.132500E+1	4.030257E-1	9.234832E+0	3.301310E+2	6.766900E+1	1.410000E+0
2.143700E+1	4.030189E-1	9.233614E+0	3.301310E+2	6.766900E+1	1.410000E+0
2.144500E+1	4.030189E-1	9.233614E+0	3.301310E+2	6.766900E+1	1.410000E+0
2.152600E+1	4.030267E-1	9.223968E+0	3.301310E+2	6.766900E+1	1.410000E+0
2.153500E+1	4.030267E-1	9.223968E+0	3.301310E+2	6.766900E+1	1.410000E+0
2.161600E+1	4.030231E-1	9.233253E+0	3.301310E+2	6.766900E+1	1.410000E+0
2.162500E+1	4.030231E-1	9.233253E+0	3.301310E+2	6.766900E+1	1.410000E+0
2.170600E+1	4.071684E-1	9.411571E+0	3.301310E+2	6.766900E+1	1.410000E+0
2.171500E+1	4.071684E-1	9.411571E+0	3.301310E+2	6.766900E+1	1.410000E+0
2.179600E+1	4.085273E-1	9.476727E+0	3.301310E+2	6.766900E+1	1.410000E+0
2.180600E+1	4.085273E-1	9.476727E+0	3.301310E+2	6.766900E+1	1.410000E+0
2.191800E+1	4.085176E-1	9.476575E+0	3.301310E+2	6.766900E+1	1.410000E+0
2.193200E+1	4.085176E-1	9.476575E+0	3.301310E+2	6.766900E+1	1.410000E+0
2.201300E+1	4.085076E-1	9.485931E+0	3.301310E+2	6.766900E+1	1.410000E+0
2.202300E+1	4.085076E-1	9.485931E+0	3.301310E+2	6.766900E+1	1.410000E+0
2.210600E+1	4.085218E-1	9.470058E+0	3.301310E+2	6.766900E+1	1.410000E+0
2.211500E+1	4.085218E-1	9.470058E+0	3.301310E+2	6.766900E+1	1.410000E+0
2.219600E+1	4.085192E-1	9.478610E+0	3.301310E+2	6.766900E+1	1.410000E+0
2.220500E+1	4.085192E-1	9.478610E+0	3.301310E+2	6.766900E+1	1.410000E+0
2.228600E+1	4.195316E-1	9.985225E+0	3.301310E+2	6.766900E+1	1.410000E+0
2.229500E+1	4.195316E-1	9.985225E+0	3.301310E+2	6.766900E+1	1.410000E+0
2.240700E+1	4.195520E-1	9.970648E+0	3.301310E+2	6.766900E+1	1.410000E+0
2.241600E+1	4.195520E-1	9.970648E+0	3.301310E+2	6.766900E+1	1.410000E+0
2.249600E+1	4.195550E-1	9.970254E+0	3.301310E+2	6.766900E+1	1.410000E+0
2.250500E+1	4.195550E-1	9.970254E+0	3.301310E+2	6.766900E+1	1.410000E+0
2.258700E+1	4.195646E-1	9.972484E+0	3.301310E+2	6.766900E+1	1.410000E+0
2.259600E+1	4.195646E-1	9.972484E+0	3.301310E+2	6.766900E+1	1.410000E+0
2.267600E+1	4.195534E-1	9.970881E+0	3.301310E+2	6.766900E+1	1.410000E+0
2.268500E+1	4.195534E-1	9.970881E+0	3.301310E+2	6.766900E+1	1.410000E+0
2.276600E+1	4.252893E-1	1.022909E+1	3.301310E+2	6.766900E+1	1.410000E+0
2.277500E+1	4.252893E-1	1.022909E+1	3.301310E+2	6.766900E+1	1.410000E+0
2.288700E+1	4.305373E-1	1.049270E+1	3.301310E+2	6.766900E+1	1.410000E+0
2.290100E+1	4.305373E-1	1.049270E+1	3.301310E+2	6.766900E+1	1.410000E+0
2.298300E+1	4.305387E-1	1.046629E+1	3.301310E+2	6.766900E+1	1.410000E+0
2.299200E+1	4.305387E-1	1.046629E+1	3.301310E+2	6.766900E+1	1.410000E+0
2.307600E+1	4.305441E-1	1.048005E+1	3.301310E+2	6.766900E+1	1.410000E+0
2.308500E+1	4.305441E-1	1.048005E+1	3.301310E+2	6.766900E+1	1.410000E+0
2.316700E+1	4.305365E-1	1.046771E+1	3.301310E+2	6.766900E+1	1.410000E+0
2.317600E+1	4.305365E-1	1.046771E+1	3.301310E+2	6.766900E+1	1.410000E+0
2.325600E+1	4.305385E-1	1.046248E+1	3.301310E+2	6.766900E+1	1.410000E+0
2.326500E+1	4.305385E-1	1.046248E+1	3.301310E+2	6.766900E+1	1.410000E+0
2.337700E+1	4.415342E-1	1.098058E+1	3.301310E+2	6.766900E+1	1.410000E+0
2.338600E+1	4.415342E-1	1.098058E+1	3.301310E+2	6.766900E+1	1.410000E+0
2.346700E+1	4.415586E-1	1.097472E+1	3.301310E+2	6.766900E+1	1.410000E+0
2.347600E+1	4.415586E-1	1.097472E+1	3.301310E+2	6.766900E+1	1.410000E+0
2.355600E+1	4.415785E-1	1.097680E+1	3.301310E+2	6.766900E+1	1.410000E+0
2.356500E+1	4.415785E-1	1.097680E+1	3.301310E+2	6.766900E+1	1.410000E+0
2.364700E+1	4.415787E-1	1.097886E+1	3.301310E+2	6.766900E+1	1.410000E+0
2.365700E+1	4.415787E-1	1.097886E+1	3.301310E+2	6.766900E+1	1.410000E+0
2.373600E+1	4.415837E-1	1.096981E+1	3.301310E+2	6.766900E+1	1.410000E+0
2.374500E+1	4.415837E-1	1.096981E+1	3.301310E+2	6.766900E+1	1.410000E+0
2.385800E+1	4.472055E-1	1.123859E+1	3.301310E+2	6.766900E+1	1.410000E+0
2.386700E+1	4.472055E-1	1.123859E+1	3.301310E+2	6.766900E+1	1.410000E+0
2.394600E+1	4.525888E-1	1.148607E+1	3.301310E+2	6.766900E+1	1.410000E+0
2.395900E+1	4.525888E-1	1.148607E+1	3.301310E+2	6.766900E+1	1.410000E+0
2.404300E+1	4.525758E-1	1.150166E+1	3.301310E+2	6.766900E+1	1.410000E+0
2.405200E+1	4.525758E-1	1.150166E+1	3.301310E+2	6.766900E+1	1.410000E+0
2.413700E+1	4.525758E-1	1.147586E+1	3.301310E+2	6.766900E+1	1.410000E+0
2.414500E+1	4.525758E-1	1.147586E+1	3.301310E+2	6.766900E+1	1.410000E+0
2.422700E+1	4.525778E-1	1.150217E+1	3.301310E+2	6.766900E+1	1.410000E+0
2.423600E+1	4.525778E-1	1.150217E+1	3.301310E+2	6.766900E+1	1.410000E+0
2.434900E+1	4.525746E-1	1.147081E+1	3.301310E+2	6.766900E+1	1.410000E+0
2.435700E+1	4.525746E-1	1.147081E+1	3.301310E+2	6.766900E+1	1.410000E+0
2.443600E+1	4.580881E-1	1.174362E+1	3.301310E+2	6.766900E+1	1.410000E+0
2.444500E+1	4.580881E-1	1.174362E+1	3.301310E+2	6.766900E+1	1.410000E+0
2.452600E+1	4.581014E-1	1.174097E+1	3.301310E+2	6.766900E+1	1.410000E+0
2.453500E+1	4.581014E-1	1.174097E+1	3.301310E+2	6.766900E+1	1.410000E+0
2.461600E+1	4.581074E-1	1.174538E+1	3.301310E+2	6.766900E+1	1.410000E+0
2.462500E+1	4.581074E-1	1.174538E+1	3.301310E+2	6.766900E+1	1.410000E+0
2.470600E+1	4.581062E-1	1.174401E+1	3.301310E+2	6.766900E+1	1.410000E+0
2.471500E+1	4.581062E-1	1.174401E+1	3.301310E+2	6.766900E+1	1.410000E+0
2.482800E+1	4.581076E-1	1.173927E+1	3.301310E+2	6.766900E+1	1.410000E+0
2.483700E+1	4.581076E-1	1.173927E+1	3.301310E+2	6.766900E+1	1.410000E+0
2.503300E+1	4.664346E-1	1.224755E+1	3.301310E+2	6.766900E+1	1.410000E+0
2.504500E+1	4.664346E-1	1.224755E+1	3.301310E+2	6.766900E+1	1.410000E+0
2.512600E+1	4.691217E-1	1.225061E+1	3.301310E+2	6.766900E+1	1.410000E+0
2.513500E+1	4.691217E-1	1.225061E+1	3.301310E+2	6.766900E+1	1.410000E+0
2.524400E+1	4.691311E-1	1.226504E+1	3.301310E+2	6.766900E+1	1.410000E+0
2.525300E+1	4.691311E-1	1.226504E+1	3.301310E+2	6.766900E+1	1.410000E+0
