Sample;s5(j2)
V-V length(cm);1.000000
Field (T);15.067636
Temp (K);4.200000
Angle (deg.);0.000000
Field(T)_memo;15.000000
Time(sec.)	Current(A)	Voltage(uV)	Temp.1(K)	Temp.2(K)	Temp.3(K)
0.000000E+0	6.640577E-4	-7.531818E-6	3.301310E+2	6.766900E+1	1.410000E+0
5.500000E-2	6.790942E-4	2.460537E-5	3.301310E+2	6.766900E+1	1.410000E+0
6.400000E-2	6.790942E-4	2.460537E-5	3.301310E+2	6.766900E+1	1.410000E+0
1.450000E-1	6.662631E-4	3.113324E-5	3.301310E+2	6.766900E+1	1.410000E+0
1.540000E-1	6.662631E-4	3.113324E-5	3.301310E+2	6.766900E+1	1.410000E+0
2.660000E-1	6.740820E-4	2.410323E-5	3.301310E+2	6.766900E+1	1.410000E+0
2.750000E-1	6.740820E-4	2.410323E-5	3.301310E+2	6.766900E+1	1.410000E+0
3.550000E-1	6.716762E-4	8.034634E-6	3.301310E+2	6.766900E+1	1.410000E+0
3.640000E-1	6.716762E-4	8.034634E-6	3.301310E+2	6.766900E+1	1.410000E+0
4.450000E-1	1.167313E-2	6.528203E-6	3.301310E+2	6.766900E+1	1.410000E+0
4.540000E-1	1.167313E-2	6.528203E-6	3.301310E+2	6.766900E+1	1.410000E+0
5.350000E-1	1.168055E-2	3.364396E-5	3.301310E+2	6.766900E+1	1.410000E+0
5.440000E-1	1.168055E-2	3.364396E-5	3.301310E+2	6.766900E+1	1.410000E+0
6.250000E-1	1.168536E-2	3.213753E-5	3.301310E+2	6.766900E+1	1.410000E+0
6.340000E-1	1.168536E-2	3.213753E-5	3.301310E+2	6.766900E+1	1.410000E+0
7.470000E-1	1.169118E-2	4.418897E-5	3.301310E+2	6.766900E+1	1.410000E+0
7.600000E-1	1.169118E-2	4.418897E-5	3.301310E+2	6.766900E+1	1.410000E+0
8.420000E-1	1.169278E-2	1.406036E-5	3.301310E+2	6.766900E+1	1.410000E+0
8.520000E-1	1.169278E-2	1.406036E-5	3.301310E+2	6.766900E+1	1.410000E+0
9.360000E-1	1.168777E-2	1.255393E-5	3.301310E+2	6.766900E+1	1.410000E+0
9.450000E-1	1.168777E-2	1.255393E-5	3.301310E+2	6.766900E+1	1.410000E+0
1.025000E+0	2.046163E-2	7.582372E-4	3.301310E+2	6.766900E+1	1.410000E+0
1.034000E+0	2.046163E-2	7.582372E-4	3.301310E+2	6.766900E+1	1.410000E+0
1.116000E+0	2.272030E-2	8.044344E-4	3.301310E+2	6.766900E+1	1.410000E+0
1.125000E+0	2.272030E-2	8.044344E-4	3.301310E+2	6.766900E+1	1.410000E+0
1.237000E+0	2.271589E-2	8.164858E-4	3.301310E+2	6.766900E+1	1.410000E+0
1.246000E+0	2.271589E-2	8.164858E-4	3.301310E+2	6.766900E+1	1.410000E+0
1.326000E+0	2.271429E-2	8.069451E-4	3.301310E+2	6.766900E+1	1.410000E+0
1.335000E+0	2.271429E-2	8.069451E-4	3.301310E+2	6.766900E+1	1.410000E+0
1.416000E+0	2.272792E-2	7.933872E-4	3.301310E+2	6.766900E+1	1.410000E+0
1.425000E+0	2.272792E-2	7.933872E-4	3.301310E+2	6.766900E+1	1.410000E+0
1.506000E+0	2.271910E-2	8.370737E-4	3.301310E+2	6.766900E+1	1.410000E+0
1.516000E+0	2.271910E-2	8.370737E-4	3.301310E+2	6.766900E+1	1.410000E+0
1.596000E+0	2.272551E-2	8.210051E-4	3.301310E+2	6.766900E+1	1.410000E+0
1.605000E+0	2.272551E-2	8.210051E-4	3.301310E+2	6.766900E+1	1.410000E+0
1.716000E+0	2.822925E-2	3.154466E-3	3.301310E+2	6.766900E+1	1.410000E+0
1.726000E+0	2.822925E-2	3.154466E-3	3.301310E+2	6.766900E+1	1.410000E+0
1.806000E+0	2.823186E-2	3.166016E-3	3.301310E+2	6.766900E+1	1.410000E+0
1.820000E+0	2.823186E-2	3.166016E-3	3.301310E+2	6.766900E+1	1.410000E+0
1.903000E+0	2.822825E-2	3.148943E-3	3.301310E+2	6.766900E+1	1.410000E+0
1.911000E+0	2.822825E-2	3.148943E-3	3.301310E+2	6.766900E+1	1.410000E+0
1.996000E+0	2.823466E-2	3.181080E-3	3.301310E+2	6.766900E+1	1.410000E+0
2.005000E+0	2.823466E-2	3.181080E-3	3.301310E+2	6.766900E+1	1.410000E+0
2.086000E+0	2.822544E-2	3.164509E-3	3.301310E+2	6.766900E+1	1.410000E+0
2.095000E+0	2.822544E-2	3.164509E-3	3.301310E+2	6.766900E+1	1.410000E+0
2.206000E+0	2.822304E-2	3.148441E-3	3.301310E+2	6.766900E+1	1.410000E+0
2.215000E+0	2.822304E-2	3.148441E-3	3.301310E+2	6.766900E+1	1.410000E+0
2.296000E+0	2.822524E-2	3.180076E-3	3.301310E+2	6.766900E+1	1.410000E+0
2.305000E+0	2.822524E-2	3.180076E-3	3.301310E+2	6.766900E+1	1.410000E+0
2.386000E+0	3.916054E-2	1.881582E-2	3.301310E+2	6.766900E+1	1.410000E+0
2.395000E+0	3.916054E-2	1.881582E-2	3.301310E+2	6.766900E+1	1.410000E+0
2.476000E+0	3.916976E-2	1.892328E-2	3.301310E+2	6.766900E+1	1.410000E+0
2.485000E+0	3.916976E-2	1.892328E-2	3.301310E+2	6.766900E+1	1.410000E+0
2.566000E+0	3.916756E-2	1.896145E-2	3.301310E+2	6.766900E+1	1.410000E+0
2.575000E+0	3.916756E-2	1.896145E-2	3.301310E+2	6.766900E+1	1.410000E+0
2.688000E+0	3.917999E-2	1.900111E-2	3.301310E+2	6.766900E+1	1.410000E+0
2.696000E+0	3.917999E-2	1.900111E-2	3.301310E+2	6.766900E+1	1.410000E+0
2.776000E+0	3.917678E-2	1.897199E-2	3.301310E+2	6.766900E+1	1.410000E+0
2.789000E+0	3.917678E-2	1.897199E-2	3.301310E+2	6.766900E+1	1.410000E+0
2.873000E+0	3.917918E-2	1.899660E-2	3.301310E+2	6.766900E+1	1.410000E+0
2.881000E+0	3.917918E-2	1.899660E-2	3.301310E+2	6.766900E+1	1.410000E+0
2.966000E+0	4.840634E-2	5.080789E-2	3.301310E+2	6.766900E+1	1.410000E+0
2.975000E+0	4.840634E-2	5.080789E-2	3.301310E+2	6.766900E+1	1.410000E+0
3.056000E+0	5.022595E-2	5.826222E-2	3.301310E+2	6.766900E+1	1.410000E+0
3.065000E+0	5.022595E-2	5.826222E-2	3.301310E+2	6.766900E+1	1.410000E+0
3.177000E+0	5.022415E-2	5.839780E-2	3.301310E+2	6.766900E+1	1.410000E+0
3.186000E+0	5.022415E-2	5.839780E-2	3.301310E+2	6.766900E+1	1.410000E+0
3.266000E+0	5.022876E-2	5.844701E-2	3.301310E+2	6.766900E+1	1.410000E+0
3.274000E+0	5.022876E-2	5.844701E-2	3.301310E+2	6.766900E+1	1.410000E+0
3.356000E+0	5.022956E-2	5.847161E-2	3.301310E+2	6.766900E+1	1.410000E+0
3.366000E+0	5.022956E-2	5.847161E-2	3.301310E+2	6.766900E+1	1.410000E+0
3.447000E+0	5.022194E-2	5.846609E-2	3.301310E+2	6.766900E+1	1.410000E+0
3.455000E+0	5.022194E-2	5.846609E-2	3.301310E+2	6.766900E+1	1.410000E+0
3.536000E+0	5.023437E-2	5.853890E-2	3.301310E+2	6.766900E+1	1.410000E+0
3.546000E+0	5.023437E-2	5.853890E-2	3.301310E+2	6.766900E+1	1.410000E+0
3.658000E+0	6.123643E-2	1.267089E-1	3.301310E+2	6.766900E+1	1.410000E+0
3.667000E+0	6.123643E-2	1.267089E-1	3.301310E+2	6.766900E+1	1.410000E+0
3.752000E+0	6.124926E-2	1.273963E-1	3.301310E+2	6.766900E+1	1.410000E+0
3.765000E+0	6.124926E-2	1.273963E-1	3.301310E+2	6.766900E+1	1.410000E+0
3.846000E+0	6.124826E-2	1.275495E-1	3.301310E+2	6.766900E+1	1.410000E+0
3.855000E+0	6.124826E-2	1.275495E-1	3.301310E+2	6.766900E+1	1.410000E+0
3.936000E+0	6.125107E-2	1.275947E-1	3.301310E+2	6.766900E+1	1.410000E+0
3.944000E+0	6.125107E-2	1.275947E-1	3.301310E+2	6.766900E+1	1.410000E+0
4.027000E+0	6.124425E-2	1.276575E-1	3.301310E+2	6.766900E+1	1.410000E+0
4.036000E+0	6.124425E-2	1.276575E-1	3.301310E+2	6.766900E+1	1.410000E+0
4.149000E+0	6.124505E-2	1.276655E-1	3.301310E+2	6.766900E+1	1.410000E+0
4.158000E+0	6.124505E-2	1.276655E-1	3.301310E+2	6.766900E+1	1.410000E+0
4.242000E+0	6.770591E-2	2.114923E-1	3.301310E+2	6.766900E+1	1.410000E+0
4.251000E+0	6.770591E-2	2.114923E-1	3.301310E+2	6.766900E+1	1.410000E+0
4.337000E+0	7.226716E-2	2.302228E-1	3.301310E+2	6.766900E+1	1.410000E+0
4.346000E+0	7.226716E-2	2.302228E-1	3.301310E+2	6.766900E+1	1.410000E+0
4.426000E+0	7.226656E-2	2.305683E-1	3.301310E+2	6.766900E+1	1.410000E+0
4.435000E+0	7.226656E-2	2.305683E-1	3.301310E+2	6.766900E+1	1.410000E+0
4.517000E+0	7.226816E-2	2.307621E-1	3.301310E+2	6.766900E+1	1.410000E+0
4.526000E+0	7.226816E-2	2.307621E-1	3.301310E+2	6.766900E+1	1.410000E+0
4.637000E+0	7.228220E-2	2.310117E-1	3.301310E+2	6.766900E+1	1.410000E+0
4.646000E+0	7.228220E-2	2.310117E-1	3.301310E+2	6.766900E+1	1.410000E+0
4.725000E+0	7.228059E-2	2.311493E-1	3.301310E+2	6.766900E+1	1.410000E+0
4.734000E+0	7.228059E-2	2.311493E-1	3.301310E+2	6.766900E+1	1.410000E+0
4.816000E+0	7.227899E-2	2.311061E-1	3.301310E+2	6.766900E+1	1.410000E+0
4.830000E+0	7.227899E-2	2.311061E-1	3.301310E+2	6.766900E+1	1.410000E+0
4.912000E+0	7.653370E-2	2.946418E-1	3.301310E+2	6.766900E+1	1.410000E+0
4.921000E+0	7.653370E-2	2.946418E-1	3.301310E+2	6.766900E+1	1.410000E+0
5.006000E+0	7.775185E-2	2.957656E-1	3.301310E+2	6.766900E+1	1.410000E+0
5.015000E+0	7.775185E-2	2.957656E-1	3.301310E+2	6.766900E+1	1.410000E+0
5.127000E+0	7.774884E-2	2.959253E-1	3.301310E+2	6.766900E+1	1.410000E+0
5.136000E+0	7.774884E-2	2.959253E-1	3.301310E+2	6.766900E+1	1.410000E+0
5.216000E+0	7.774243E-2	2.960824E-1	3.301310E+2	6.766900E+1	1.410000E+0
5.225000E+0	7.774243E-2	2.960824E-1	3.301310E+2	6.766900E+1	1.410000E+0
5.306000E+0	7.774443E-2	2.962733E-1	3.301310E+2	6.766900E+1	1.410000E+0
5.315000E+0	7.774443E-2	2.962733E-1	3.301310E+2	6.766900E+1	1.410000E+0
5.396000E+0	7.775185E-2	2.963933E-1	3.301310E+2	6.766900E+1	1.410000E+0
5.405000E+0	7.775185E-2	2.963933E-1	3.301310E+2	6.766900E+1	1.410000E+0
5.487000E+0	7.775265E-2	2.964269E-1	3.301310E+2	6.766900E+1	1.410000E+0
5.496000E+0	7.775265E-2	2.964269E-1	3.301310E+2	6.766900E+1	1.410000E+0
5.608000E+0	8.875611E-2	4.530771E-1	3.301310E+2	6.766900E+1	1.410000E+0
5.616000E+0	8.875611E-2	4.530771E-1	3.301310E+2	6.766900E+1	1.410000E+0
5.697000E+0	8.879501E-2	4.556803E-1	3.301310E+2	6.766900E+1	1.410000E+0
5.706000E+0	8.879501E-2	4.556803E-1	3.301310E+2	6.766900E+1	1.410000E+0
5.787000E+0	8.879180E-2	4.561899E-1	3.301310E+2	6.766900E+1	1.410000E+0
5.800000E+0	8.879180E-2	4.561899E-1	3.301310E+2	6.766900E+1	1.410000E+0
5.883000E+0	8.880563E-2	4.564972E-1	3.301310E+2	6.766900E+1	1.410000E+0
5.892000E+0	8.880563E-2	4.564972E-1	3.301310E+2	6.766900E+1	1.410000E+0
5.977000E+0	8.879000E-2	4.566871E-1	3.301310E+2	6.766900E+1	1.410000E+0
5.987000E+0	8.879000E-2	4.566871E-1	3.301310E+2	6.766900E+1	1.410000E+0
6.097000E+0	8.879461E-2	4.569572E-1	3.301310E+2	6.766900E+1	1.410000E+0
6.106000E+0	8.879461E-2	4.569572E-1	3.301310E+2	6.766900E+1	1.410000E+0
6.186000E+0	9.746141E-2	6.084394E-1	3.301310E+2	6.766900E+1	1.410000E+0
6.195000E+0	9.746141E-2	6.084394E-1	3.301310E+2	6.766900E+1	1.410000E+0
6.276000E+0	9.980829E-2	6.544031E-1	3.301310E+2	6.766900E+1	1.410000E+0
6.285000E+0	9.980829E-2	6.544031E-1	3.301310E+2	6.766900E+1	1.410000E+0
6.367000E+0	9.979967E-2	6.553506E-1	3.301310E+2	6.766900E+1	1.410000E+0
6.376000E+0	9.979967E-2	6.553506E-1	3.301310E+2	6.766900E+1	1.410000E+0
6.457000E+0	9.980228E-2	6.556881E-1	3.301310E+2	6.766900E+1	1.410000E+0
6.466000E+0	9.980228E-2	6.556881E-1	3.301310E+2	6.766900E+1	1.410000E+0
6.579000E+0	9.980890E-2	6.555199E-1	3.301310E+2	6.766900E+1	1.410000E+0
6.587000E+0	9.980890E-2	6.555199E-1	3.301310E+2	6.766900E+1	1.410000E+0
6.667000E+0	9.980629E-2	6.555048E-1	3.301310E+2	6.766900E+1	1.410000E+0
6.676000E+0	9.980629E-2	6.555048E-1	3.301310E+2	6.766900E+1	1.410000E+0
6.757000E+0	9.980609E-2	6.557870E-1	3.301310E+2	6.766900E+1	1.410000E+0
6.770000E+0	9.980609E-2	6.557870E-1	3.301310E+2	6.766900E+1	1.410000E+0
6.852000E+0	1.108284E-1	8.869629E-1	3.301310E+2	6.766900E+1	1.410000E+0
6.861000E+0	1.108284E-1	8.869629E-1	3.301310E+2	6.766900E+1	1.410000E+0
6.946000E+0	1.108424E-1	8.889835E-1	3.301310E+2	6.766900E+1	1.410000E+0
6.955000E+0	1.108424E-1	8.889835E-1	3.301310E+2	6.766900E+1	1.410000E+0
7.067000E+0	1.108446E-1	8.896438E-1	3.301310E+2	6.766900E+1	1.410000E+0
7.075000E+0	1.108446E-1	8.896438E-1	3.301310E+2	6.766900E+1	1.410000E+0
7.157000E+0	1.108398E-1	8.897468E-1	3.301310E+2	6.766900E+1	1.410000E+0
7.166000E+0	1.108398E-1	8.897468E-1	3.301310E+2	6.766900E+1	1.410000E+0
7.247000E+0	1.108472E-1	8.895600E-1	3.301310E+2	6.766900E+1	1.410000E+0
7.256000E+0	1.108472E-1	8.895600E-1	3.301310E+2	6.766900E+1	1.410000E+0
7.337000E+0	1.108414E-1	8.896975E-1	3.301310E+2	6.766900E+1	1.410000E+0
7.346000E+0	1.108414E-1	8.896975E-1	3.301310E+2	6.766900E+1	1.410000E+0
7.427000E+0	1.191991E-1	1.087938E+0	3.301310E+2	6.766900E+1	1.410000E+0
7.436000E+0	1.191991E-1	1.087938E+0	3.301310E+2	6.766900E+1	1.410000E+0
7.546000E+0	1.218086E-1	1.156223E+0	3.301310E+2	6.766900E+1	1.410000E+0
7.556000E+0	1.218086E-1	1.156223E+0	3.301310E+2	6.766900E+1	1.410000E+0
7.636000E+0	1.218140E-1	1.158265E+0	3.301310E+2	6.766900E+1	1.410000E+0
7.645000E+0	1.218140E-1	1.158265E+0	3.301310E+2	6.766900E+1	1.410000E+0
7.726000E+0	1.218168E-1	1.159200E+0	3.301310E+2	6.766900E+1	1.410000E+0
7.736000E+0	1.218168E-1	1.159200E+0	3.301310E+2	6.766900E+1	1.410000E+0
7.816000E+0	1.218164E-1	1.158815E+0	3.301310E+2	6.766900E+1	1.410000E+0
7.829000E+0	1.218164E-1	1.158815E+0	3.301310E+2	6.766900E+1	1.410000E+0
7.912000E+0	1.218158E-1	1.157785E+0	3.301310E+2	6.766900E+1	1.410000E+0
7.921000E+0	1.218158E-1	1.157785E+0	3.301310E+2	6.766900E+1	1.410000E+0
8.038000E+0	1.218134E-1	1.156849E+0	3.301310E+2	6.766900E+1	1.410000E+0
8.046000E+0	1.218134E-1	1.156849E+0	3.301310E+2	6.766900E+1	1.410000E+0
8.126000E+0	1.299503E-1	1.372919E+0	3.301310E+2	6.766900E+1	1.410000E+0
8.135000E+0	1.299503E-1	1.372919E+0	3.301310E+2	6.766900E+1	1.410000E+0
8.216000E+0	1.328634E-1	1.456454E+0	3.301310E+2	6.766900E+1	1.410000E+0
8.225000E+0	1.328634E-1	1.456454E+0	3.301310E+2	6.766900E+1	1.410000E+0
8.307000E+0	1.328666E-1	1.457808E+0	3.301310E+2	6.766900E+1	1.410000E+0
8.316000E+0	1.328666E-1	1.457808E+0	3.301310E+2	6.766900E+1	1.410000E+0
8.396000E+0	1.328574E-1	1.458748E+0	3.301310E+2	6.766900E+1	1.410000E+0
8.405000E+0	1.328574E-1	1.458748E+0	3.301310E+2	6.766900E+1	1.410000E+0
8.517000E+0	1.328616E-1	1.459813E+0	3.301310E+2	6.766900E+1	1.410000E+0
8.526000E+0	1.328616E-1	1.459813E+0	3.301310E+2	6.766900E+1	1.410000E+0
8.607000E+0	1.328407E-1	1.458867E+0	3.301310E+2	6.766900E+1	1.410000E+0
8.615000E+0	1.328407E-1	1.458867E+0	3.301310E+2	6.766900E+1	1.410000E+0
8.696000E+0	1.328494E-1	1.460152E+0	3.301310E+2	6.766900E+1	1.410000E+0
8.705000E+0	1.328494E-1	1.460152E+0	3.301310E+2	6.766900E+1	1.410000E+0
8.787000E+0	1.383681E-1	1.619450E+0	3.301310E+2	6.766900E+1	1.410000E+0
8.800000E+0	1.383681E-1	1.619450E+0	3.301310E+2	6.766900E+1	1.410000E+0
8.882000E+0	1.383800E-1	1.621436E+0	3.301310E+2	6.766900E+1	1.410000E+0
8.892000E+0	1.383800E-1	1.621436E+0	3.301310E+2	6.766900E+1	1.410000E+0
9.007000E+0	1.383800E-1	1.622372E+0	3.301310E+2	6.766900E+1	1.410000E+0
9.016000E+0	1.383800E-1	1.622372E+0	3.301310E+2	6.766900E+1	1.410000E+0
9.096000E+0	1.383876E-1	1.622859E+0	3.301310E+2	6.766900E+1	1.410000E+0
9.105000E+0	1.383876E-1	1.622859E+0	3.301310E+2	6.766900E+1	1.410000E+0
9.186000E+0	1.383810E-1	1.622496E+0	3.301310E+2	6.766900E+1	1.410000E+0
9.196000E+0	1.383810E-1	1.622496E+0	3.301310E+2	6.766900E+1	1.410000E+0
9.276000E+0	1.383755E-1	1.623548E+0	3.301310E+2	6.766900E+1	1.410000E+0
9.285000E+0	1.383755E-1	1.623548E+0	3.301310E+2	6.766900E+1	1.410000E+0
9.366000E+0	1.469223E-1	1.884749E+0	3.301310E+2	6.766900E+1	1.410000E+0
9.374000E+0	1.469223E-1	1.884749E+0	3.301310E+2	6.766900E+1	1.410000E+0
9.490000E+0	1.493865E-1	1.967408E+0	3.301310E+2	6.766900E+1	1.410000E+0
9.499000E+0	1.493865E-1	1.967408E+0	3.301310E+2	6.766900E+1	1.410000E+0
9.583000E+0	1.493879E-1	1.967348E+0	3.301310E+2	6.766900E+1	1.410000E+0
9.591000E+0	1.493879E-1	1.967348E+0	3.301310E+2	6.766900E+1	1.410000E+0
9.676000E+0	1.493817E-1	1.964356E+0	3.301310E+2	6.766900E+1	1.410000E+0
9.685000E+0	1.493817E-1	1.964356E+0	3.301310E+2	6.766900E+1	1.410000E+0
9.766000E+0	1.493813E-1	1.961292E+0	3.301310E+2	6.766900E+1	1.410000E+0
9.779000E+0	1.493813E-1	1.961292E+0	3.301310E+2	6.766900E+1	1.410000E+0
9.862000E+0	1.493777E-1	1.961732E+0	3.301310E+2	6.766900E+1	1.410000E+0
9.870000E+0	1.493777E-1	1.961732E+0	3.301310E+2	6.766900E+1	1.410000E+0
9.987000E+0	1.493935E-1	1.960695E+0	3.301310E+2	6.766900E+1	1.410000E+0
9.996000E+0	1.493935E-1	1.960695E+0	3.301310E+2	6.766900E+1	1.410000E+0
1.007600E+1	1.603922E-1	2.322149E+0	3.301310E+2	6.766900E+1	1.410000E+0
1.008600E+1	1.603922E-1	2.322149E+0	3.301310E+2	6.766900E+1	1.410000E+0
1.016600E+1	1.604214E-1	2.325574E+0	3.301310E+2	6.766900E+1	1.410000E+0
1.017500E+1	1.604214E-1	2.325574E+0	3.301310E+2	6.766900E+1	1.410000E+0
1.025600E+1	1.604307E-1	2.320012E+0	3.301310E+2	6.766900E+1	1.410000E+0
1.026400E+1	1.604307E-1	2.320012E+0	3.301310E+2	6.766900E+1	1.410000E+0
1.034600E+1	1.604253E-1	2.320021E+0	3.301310E+2	6.766900E+1	1.410000E+0
1.035500E+1	1.604253E-1	2.320021E+0	3.301310E+2	6.766900E+1	1.410000E+0
1.046700E+1	1.604337E-1	2.317419E+0	3.301310E+2	6.766900E+1	1.410000E+0
1.047600E+1	1.604337E-1	2.317419E+0	3.301310E+2	6.766900E+1	1.410000E+0
1.055600E+1	1.604323E-1	2.315696E+0	3.301310E+2	6.766900E+1	1.410000E+0
1.056500E+1	1.604323E-1	2.315696E+0	3.301310E+2	6.766900E+1	1.410000E+0
1.064700E+1	1.677897E-1	2.563666E+0	3.301310E+2	6.766900E+1	1.410000E+0
1.065500E+1	1.677897E-1	2.563666E+0	3.301310E+2	6.766900E+1	1.410000E+0
1.073600E+1	1.714257E-1	2.694808E+0	3.301310E+2	6.766900E+1	1.410000E+0
1.074500E+1	1.714257E-1	2.694808E+0	3.301310E+2	6.766900E+1	1.410000E+0
1.083000E+1	1.714285E-1	2.696735E+0	3.301310E+2	6.766900E+1	1.410000E+0
1.084600E+1	1.714285E-1	2.696735E+0	3.301310E+2	6.766900E+1	1.410000E+0
1.095400E+1	1.714299E-1	2.692752E+0	3.301310E+2	6.766900E+1	1.410000E+0
1.096200E+1	1.714299E-1	2.692752E+0	3.301310E+2	6.766900E+1	1.410000E+0
1.104600E+1	1.714291E-1	2.690975E+0	3.301310E+2	6.766900E+1	1.410000E+0
1.105500E+1	1.714291E-1	2.690975E+0	3.301310E+2	6.766900E+1	1.410000E+0
1.113600E+1	1.714237E-1	2.691693E+0	3.301310E+2	6.766900E+1	1.410000E+0
1.114400E+1	1.714237E-1	2.691693E+0	3.301310E+2	6.766900E+1	1.410000E+0
1.122600E+1	1.714199E-1	2.691263E+0	3.301310E+2	6.766900E+1	1.410000E+0
1.123500E+1	1.714199E-1	2.691263E+0	3.301310E+2	6.766900E+1	1.410000E+0
1.131600E+1	1.800025E-1	2.994725E+0	3.301310E+2	6.766900E+1	1.410000E+0
1.132400E+1	1.800025E-1	2.994725E+0	3.301310E+2	6.766900E+1	1.410000E+0
1.143800E+1	1.824472E-1	3.089802E+0	3.301310E+2	6.766900E+1	1.410000E+0
1.144700E+1	1.824472E-1	3.089802E+0	3.301310E+2	6.766900E+1	1.410000E+0
1.152600E+1	1.824534E-1	3.087878E+0	3.301310E+2	6.766900E+1	1.410000E+0
1.153400E+1	1.824534E-1	3.087878E+0	3.301310E+2	6.766900E+1	1.410000E+0
1.161700E+1	1.824566E-1	3.085131E+0	3.301310E+2	6.766900E+1	1.410000E+0
1.162600E+1	1.824566E-1	3.085131E+0	3.301310E+2	6.766900E+1	1.410000E+0
1.170600E+1	1.824540E-1	3.085257E+0	3.301310E+2	6.766900E+1	1.410000E+0
1.171500E+1	1.824540E-1	3.085257E+0	3.301310E+2	6.766900E+1	1.410000E+0
1.179600E+1	1.824534E-1	3.082942E+0	3.301310E+2	6.766900E+1	1.410000E+0
1.181000E+1	1.824534E-1	3.082942E+0	3.301310E+2	6.766900E+1	1.410000E+0
1.192300E+1	1.824615E-1	3.081117E+0	3.301310E+2	6.766900E+1	1.410000E+0
1.193200E+1	1.824615E-1	3.081117E+0	3.301310E+2	6.766900E+1	1.410000E+0
1.201700E+1	1.879375E-1	3.284601E+0	3.301310E+2	6.766900E+1	1.410000E+0
1.202600E+1	1.879375E-1	3.284601E+0	3.301310E+2	6.766900E+1	1.410000E+0
1.210500E+1	1.879580E-1	3.284881E+0	3.301310E+2	6.766900E+1	1.410000E+0
1.211400E+1	1.879580E-1	3.284881E+0	3.301310E+2	6.766900E+1	1.410000E+0
1.219600E+1	1.879343E-1	3.284955E+0	3.301310E+2	6.766900E+1	1.410000E+0
1.220500E+1	1.879343E-1	3.284955E+0	3.301310E+2	6.766900E+1	1.410000E+0
1.228700E+1	1.879395E-1	3.284358E+0	3.301310E+2	6.766900E+1	1.410000E+0
1.229600E+1	1.879395E-1	3.284358E+0	3.301310E+2	6.766900E+1	1.410000E+0
1.240700E+1	1.879520E-1	3.286343E+0	3.301310E+2	6.766900E+1	1.410000E+0
1.241600E+1	1.879520E-1	3.286343E+0	3.301310E+2	6.766900E+1	1.410000E+0
1.249600E+1	1.879427E-1	3.286216E+0	3.301310E+2	6.766900E+1	1.410000E+0
1.250500E+1	1.879427E-1	3.286216E+0	3.301310E+2	6.766900E+1	1.410000E+0
1.258600E+1	1.961536E-1	3.593279E+0	3.301310E+2	6.766900E+1	1.410000E+0
1.259500E+1	1.961536E-1	3.593279E+0	3.301310E+2	6.766900E+1	1.410000E+0
1.267600E+1	1.989763E-1	3.707489E+0	3.301310E+2	6.766900E+1	1.410000E+0
1.268500E+1	1.989763E-1	3.707489E+0	3.301310E+2	6.766900E+1	1.410000E+0
1.276600E+1	1.989827E-1	3.708057E+0	3.301310E+2	6.766900E+1	1.410000E+0
1.277900E+1	1.989827E-1	3.708057E+0	3.301310E+2	6.766900E+1	1.410000E+0
1.289300E+1	1.989743E-1	3.705812E+0	3.301310E+2	6.766900E+1	1.410000E+0
1.290100E+1	1.989743E-1	3.705812E+0	3.301310E+2	6.766900E+1	1.410000E+0
1.298700E+1	1.989829E-1	3.708433E+0	3.301310E+2	6.766900E+1	1.410000E+0
1.299600E+1	1.989829E-1	3.708433E+0	3.301310E+2	6.766900E+1	1.410000E+0
1.307600E+1	1.989887E-1	3.710588E+0	3.301310E+2	6.766900E+1	1.410000E+0
1.308600E+1	1.989887E-1	3.710588E+0	3.301310E+2	6.766900E+1	1.410000E+0
1.316600E+1	1.989795E-1	3.709076E+0	3.301310E+2	6.766900E+1	1.410000E+0
1.317500E+1	1.989795E-1	3.709076E+0	3.301310E+2	6.766900E+1	1.410000E+0
1.325600E+1	2.098911E-1	4.135792E+0	3.301310E+2	6.766900E+1	1.410000E+0
1.326500E+1	2.098911E-1	4.135792E+0	3.301310E+2	6.766900E+1	1.410000E+0
1.337800E+1	2.099142E-1	4.144399E+0	3.301310E+2	6.766900E+1	1.410000E+0
1.338800E+1	2.099142E-1	4.144399E+0	3.301310E+2	6.766900E+1	1.410000E+0
1.346500E+1	2.099088E-1	4.142256E+0	3.301310E+2	6.766900E+1	1.410000E+0
1.347400E+1	2.099088E-1	4.142256E+0	3.301310E+2	6.766900E+1	1.410000E+0
1.355700E+1	2.099148E-1	4.139681E+0	3.301310E+2	6.766900E+1	1.410000E+0
1.356600E+1	2.099148E-1	4.139681E+0	3.301310E+2	6.766900E+1	1.410000E+0
1.364600E+1	2.099134E-1	4.140778E+0	3.301310E+2	6.766900E+1	1.410000E+0
1.365500E+1	2.099134E-1	4.140778E+0	3.301310E+2	6.766900E+1	1.410000E+0
1.373600E+1	2.099128E-1	4.141146E+0	3.301310E+2	6.766900E+1	1.410000E+0
1.374500E+1	2.099128E-1	4.141146E+0	3.301310E+2	6.766900E+1	1.410000E+0
1.386200E+1	2.181281E-1	4.466893E+0	3.301310E+2	6.766900E+1	1.410000E+0
1.387800E+1	2.181281E-1	4.466893E+0	3.301310E+2	6.766900E+1	1.410000E+0
1.395500E+1	2.209497E-1	4.589850E+0	3.301310E+2	6.766900E+1	1.410000E+0
1.396400E+1	2.209497E-1	4.589850E+0	3.301310E+2	6.766900E+1	1.410000E+0
1.404600E+1	2.209353E-1	4.592402E+0	3.301310E+2	6.766900E+1	1.410000E+0
1.405500E+1	2.209353E-1	4.592402E+0	3.301310E+2	6.766900E+1	1.410000E+0
1.413500E+1	2.209419E-1	4.590294E+0	3.301310E+2	6.766900E+1	1.410000E+0
1.414400E+1	2.209419E-1	4.590294E+0	3.301310E+2	6.766900E+1	1.410000E+0
1.422600E+1	2.209373E-1	4.596749E+0	3.301310E+2	6.766900E+1	1.410000E+0
1.423500E+1	2.209373E-1	4.596749E+0	3.301310E+2	6.766900E+1	1.410000E+0
1.434700E+1	2.209339E-1	4.597259E+0	3.301310E+2	6.766900E+1	1.410000E+0
1.435600E+1	2.209339E-1	4.597259E+0	3.301310E+2	6.766900E+1	1.410000E+0
1.443500E+1	2.209353E-1	4.593671E+0	3.301310E+2	6.766900E+1	1.410000E+0
1.444400E+1	2.209353E-1	4.593671E+0	3.301310E+2	6.766900E+1	1.410000E+0
1.452600E+1	2.319356E-1	5.045839E+0	3.301310E+2	6.766900E+1	1.410000E+0
1.453500E+1	2.319356E-1	5.045839E+0	3.301310E+2	6.766900E+1	1.410000E+0
1.461500E+1	2.319350E-1	5.044455E+0	3.301310E+2	6.766900E+1	1.410000E+0
1.462400E+1	2.319350E-1	5.044455E+0	3.301310E+2	6.766900E+1	1.410000E+0
1.470600E+1	2.319390E-1	5.046440E+0	3.301310E+2	6.766900E+1	1.410000E+0
1.471500E+1	2.319390E-1	5.046440E+0	3.301310E+2	6.766900E+1	1.410000E+0
1.482700E+1	2.319482E-1	5.046959E+0	3.301310E+2	6.766900E+1	1.410000E+0
1.484000E+1	2.319482E-1	5.046959E+0	3.301310E+2	6.766900E+1	1.410000E+0
1.492500E+1	2.319410E-1	5.057165E+0	3.301310E+2	6.766900E+1	1.410000E+0
1.493400E+1	2.319410E-1	5.057165E+0	3.301310E+2	6.766900E+1	1.410000E+0
1.501600E+1	2.319424E-1	5.055407E+0	3.301310E+2	6.766900E+1	1.410000E+0
1.502500E+1	2.319424E-1	5.055407E+0	3.301310E+2	6.766900E+1	1.410000E+0
1.510600E+1	2.319450E-1	5.055496E+0	3.301310E+2	6.766900E+1	1.410000E+0
1.511500E+1	2.319450E-1	5.055496E+0	3.301310E+2	6.766900E+1	1.410000E+0
1.519600E+1	2.349138E-1	5.179494E+0	3.301310E+2	6.766900E+1	1.410000E+0
1.520500E+1	2.349138E-1	5.179494E+0	3.301310E+2	6.766900E+1	1.410000E+0
1.531600E+1	2.374820E-1	5.291533E+0	3.301310E+2	6.766900E+1	1.410000E+0
1.532600E+1	2.374820E-1	5.291533E+0	3.301310E+2	6.766900E+1	1.410000E+0
1.540600E+1	2.374846E-1	5.291374E+0	3.301310E+2	6.766900E+1	1.410000E+0
1.541400E+1	2.374846E-1	5.291374E+0	3.301310E+2	6.766900E+1	1.410000E+0
1.549600E+1	2.374854E-1	5.291125E+0	3.301310E+2	6.766900E+1	1.410000E+0
1.550500E+1	2.374854E-1	5.291125E+0	3.301310E+2	6.766900E+1	1.410000E+0
1.558500E+1	2.374874E-1	5.291250E+0	3.301310E+2	6.766900E+1	1.410000E+0
1.559400E+1	2.374874E-1	5.291250E+0	3.301310E+2	6.766900E+1	1.410000E+0
1.567500E+1	2.374964E-1	5.292015E+0	3.301310E+2	6.766900E+1	1.410000E+0
1.568400E+1	2.374964E-1	5.292015E+0	3.301310E+2	6.766900E+1	1.410000E+0
1.579600E+1	2.457093E-1	5.642399E+0	3.301310E+2	6.766900E+1	1.410000E+0
1.580900E+1	2.457093E-1	5.642399E+0	3.301310E+2	6.766900E+1	1.410000E+0
1.589100E+1	2.485172E-1	5.763281E+0	3.301310E+2	6.766900E+1	1.410000E+0
1.590000E+1	2.485172E-1	5.763281E+0	3.301310E+2	6.766900E+1	1.410000E+0
1.598600E+1	2.485129E-1	5.757414E+0	3.301310E+2	6.766900E+1	1.410000E+0
1.599500E+1	2.485129E-1	5.757414E+0	3.301310E+2	6.766900E+1	1.410000E+0
1.607600E+1	2.485151E-1	5.758991E+0	3.301310E+2	6.766900E+1	1.410000E+0
1.608400E+1	2.485151E-1	5.758991E+0	3.301310E+2	6.766900E+1	1.410000E+0
1.616500E+1	2.485184E-1	5.756351E+0	3.301310E+2	6.766900E+1	1.410000E+0
1.617400E+1	2.485184E-1	5.756351E+0	3.301310E+2	6.766900E+1	1.410000E+0
1.628800E+1	2.485194E-1	5.757620E+0	3.301310E+2	6.766900E+1	1.410000E+0
1.629700E+1	2.485194E-1	5.757620E+0	3.301310E+2	6.766900E+1	1.410000E+0
1.637500E+1	2.485234E-1	5.758809E+0	3.301310E+2	6.766900E+1	1.410000E+0
1.638500E+1	2.485234E-1	5.758809E+0	3.301310E+2	6.766900E+1	1.410000E+0
1.646600E+1	2.594920E-1	6.235164E+0	3.301310E+2	6.766900E+1	1.410000E+0
1.647500E+1	2.594920E-1	6.235164E+0	3.301310E+2	6.766900E+1	1.410000E+0
1.655600E+1	2.594970E-1	6.236358E+0	3.301310E+2	6.766900E+1	1.410000E+0
1.656500E+1	2.594970E-1	6.236358E+0	3.301310E+2	6.766900E+1	1.410000E+0
1.664600E+1	2.595108E-1	6.234663E+0	3.301310E+2	6.766900E+1	1.410000E+0
1.665400E+1	2.595108E-1	6.234663E+0	3.301310E+2	6.766900E+1	1.410000E+0
1.676600E+1	2.595172E-1	6.235677E+0	3.301310E+2	6.766900E+1	1.410000E+0
1.677800E+1	2.595172E-1	6.235677E+0	3.301310E+2	6.766900E+1	1.410000E+0
1.686200E+1	2.595218E-1	6.240665E+0	3.301310E+2	6.766900E+1	1.410000E+0
1.687000E+1	2.595218E-1	6.240665E+0	3.301310E+2	6.766900E+1	1.410000E+0
1.695500E+1	2.595066E-1	6.240057E+0	3.301310E+2	6.766900E+1	1.410000E+0
1.696400E+1	2.595066E-1	6.240057E+0	3.301310E+2	6.766900E+1	1.410000E+0
1.704500E+1	2.647573E-1	6.470191E+0	3.301310E+2	6.766900E+1	1.410000E+0
1.705400E+1	2.647573E-1	6.470191E+0	3.301310E+2	6.766900E+1	1.410000E+0
1.713600E+1	2.705471E-1	6.732389E+0	3.301310E+2	6.766900E+1	1.410000E+0
1.714500E+1	2.705471E-1	6.732389E+0	3.301310E+2	6.766900E+1	1.410000E+0
1.725700E+1	2.705491E-1	6.732731E+0	3.301310E+2	6.766900E+1	1.410000E+0
1.726500E+1	2.705491E-1	6.732731E+0	3.301310E+2	6.766900E+1	1.410000E+0
1.734500E+1	2.705365E-1	6.737271E+0	3.301310E+2	6.766900E+1	1.410000E+0
1.735400E+1	2.705365E-1	6.737271E+0	3.301310E+2	6.766900E+1	1.410000E+0
1.743600E+1	2.705369E-1	6.729820E+0	3.301310E+2	6.766900E+1	1.410000E+0
1.744500E+1	2.705369E-1	6.729820E+0	3.301310E+2	6.766900E+1	1.410000E+0
1.752500E+1	2.705532E-1	6.732149E+0	3.301310E+2	6.766900E+1	1.410000E+0
1.753400E+1	2.705532E-1	6.732149E+0	3.301310E+2	6.766900E+1	1.410000E+0
1.761500E+1	2.705357E-1	6.731975E+0	3.301310E+2	6.766900E+1	1.410000E+0
1.762400E+1	2.705357E-1	6.731975E+0	3.301310E+2	6.766900E+1	1.410000E+0
1.773500E+1	2.814534E-1	7.219873E+0	3.301310E+2	6.766900E+1	1.410000E+0
1.774400E+1	2.814534E-1	7.219873E+0	3.301310E+2	6.766900E+1	1.410000E+0
1.782500E+1	2.815506E-1	7.228469E+0	3.301310E+2	6.766900E+1	1.410000E+0
1.783800E+1	2.815506E-1	7.228469E+0	3.301310E+2	6.766900E+1	1.410000E+0
1.792200E+1	2.815420E-1	7.232068E+0	3.301310E+2	6.766900E+1	1.410000E+0
1.793000E+1	2.815420E-1	7.232068E+0	3.301310E+2	6.766900E+1	1.410000E+0
1.801500E+1	2.815470E-1	7.227838E+0	3.301310E+2	6.766900E+1	1.410000E+0
1.802400E+1	2.815470E-1	7.227838E+0	3.301310E+2	6.766900E+1	1.410000E+0
1.810500E+1	2.815384E-1	7.229145E+0	3.301310E+2	6.766900E+1	1.410000E+0
1.811300E+1	2.815384E-1	7.229145E+0	3.301310E+2	6.766900E+1	1.410000E+0
1.822600E+1	2.815456E-1	7.231178E+0	3.301310E+2	6.766900E+1	1.410000E+0
1.823500E+1	2.815456E-1	7.231178E+0	3.301310E+2	6.766900E+1	1.410000E+0
1.831500E+1	2.815440E-1	7.226967E+0	3.301310E+2	6.766900E+1	1.410000E+0
1.832400E+1	2.815440E-1	7.226967E+0	3.301310E+2	6.766900E+1	1.410000E+0
1.840500E+1	2.925615E-1	7.729063E+0	3.301310E+2	6.766900E+1	1.410000E+0
1.841400E+1	2.925615E-1	7.729063E+0	3.301310E+2	6.766900E+1	1.410000E+0
1.849600E+1	2.925910E-1	7.731098E+0	3.301310E+2	6.766900E+1	1.410000E+0
1.850500E+1	2.925910E-1	7.731098E+0	3.301310E+2	6.766900E+1	1.410000E+0
1.858500E+1	2.925880E-1	7.729509E+0	3.301310E+2	6.766900E+1	1.410000E+0
1.859400E+1	2.925880E-1	7.729509E+0	3.301310E+2	6.766900E+1	1.410000E+0
1.870500E+1	2.925882E-1	7.726539E+0	3.301310E+2	6.766900E+1	1.410000E+0
1.871400E+1	2.925882E-1	7.726539E+0	3.301310E+2	6.766900E+1	1.410000E+0
1.879500E+1	2.925970E-1	7.718454E+0	3.301310E+2	6.766900E+1	1.410000E+0
1.880800E+1	2.925970E-1	7.718454E+0	3.301310E+2	6.766900E+1	1.410000E+0
1.889100E+1	2.925767E-1	7.717540E+0	3.301310E+2	6.766900E+1	1.410000E+0
1.890000E+1	2.925767E-1	7.717540E+0	3.301310E+2	6.766900E+1	1.410000E+0
1.898600E+1	2.976697E-1	7.946948E+0	3.301310E+2	6.766900E+1	1.410000E+0
1.899500E+1	2.976697E-1	7.946948E+0	3.301310E+2	6.766900E+1	1.410000E+0
1.907500E+1	2.982074E-1	7.972781E+0	3.301310E+2	6.766900E+1	1.410000E+0
1.908400E+1	2.982074E-1	7.972781E+0	3.301310E+2	6.766900E+1	1.410000E+0
1.919900E+1	2.981974E-1	7.973839E+0	3.301310E+2	6.766900E+1	1.410000E+0
1.920800E+1	2.981974E-1	7.973839E+0	3.301310E+2	6.766900E+1	1.410000E+0
1.929100E+1	2.982128E-1	7.974128E+0	3.301310E+2	6.766900E+1	1.410000E+0
1.930000E+1	2.982128E-1	7.974128E+0	3.301310E+2	6.766900E+1	1.410000E+0
1.938500E+1	2.982102E-1	7.981075E+0	3.301310E+2	6.766900E+1	1.410000E+0
1.939400E+1	2.982102E-1	7.981075E+0	3.301310E+2	6.766900E+1	1.410000E+0
1.947500E+1	2.982074E-1	7.968489E+0	3.301310E+2	6.766900E+1	1.410000E+0
1.948400E+1	2.982074E-1	7.968489E+0	3.301310E+2	6.766900E+1	1.410000E+0
1.956500E+1	2.982004E-1	7.970365E+0	3.301310E+2	6.766900E+1	1.410000E+0
1.957300E+1	2.982004E-1	7.970365E+0	3.301310E+2	6.766900E+1	1.410000E+0
1.968600E+1	3.092454E-1	8.484541E+0	3.301310E+2	6.766900E+1	1.410000E+0
1.969500E+1	3.092454E-1	8.484541E+0	3.301310E+2	6.766900E+1	1.410000E+0
1.977600E+1	3.092774E-1	8.487680E+0	3.301310E+2	6.766900E+1	1.410000E+0
1.978800E+1	3.092774E-1	8.487680E+0	3.301310E+2	6.766900E+1	1.410000E+0
1.987200E+1	3.092808E-1	8.491346E+0	3.301310E+2	6.766900E+1	1.410000E+0
1.988100E+1	3.092808E-1	8.491346E+0	3.301310E+2	6.766900E+1	1.410000E+0
1.996500E+1	3.092760E-1	8.491484E+0	3.301310E+2	6.766900E+1	1.410000E+0
1.997400E+1	3.092760E-1	8.491484E+0	3.301310E+2	6.766900E+1	1.410000E+0
2.005500E+1	3.092684E-1	8.493377E+0	3.301310E+2	6.766900E+1	1.410000E+0
2.006400E+1	3.092684E-1	8.493377E+0	3.301310E+2	6.766900E+1	1.410000E+0
2.017700E+1	3.092863E-1	8.494542E+0	3.301310E+2	6.766900E+1	1.410000E+0
2.018600E+1	3.092863E-1	8.494542E+0	3.301310E+2	6.766900E+1	1.410000E+0
2.026500E+1	3.178731E-1	8.899968E+0	3.301310E+2	6.766900E+1	1.410000E+0
2.027400E+1	3.178731E-1	8.899968E+0	3.301310E+2	6.766900E+1	1.410000E+0
2.035600E+1	3.203216E-1	9.002971E+0	3.301310E+2	6.766900E+1	1.410000E+0
2.036500E+1	3.203216E-1	9.002971E+0	3.301310E+2	6.766900E+1	1.410000E+0
2.044500E+1	3.203232E-1	9.005542E+0	3.301310E+2	6.766900E+1	1.410000E+0
2.045500E+1	3.203232E-1	9.005542E+0	3.301310E+2	6.766900E+1	1.410000E+0
2.053600E+1	3.203320E-1	9.007967E+0	3.301310E+2	6.766900E+1	1.410000E+0
2.054500E+1	3.203320E-1	9.007967E+0	3.301310E+2	6.766900E+1	1.410000E+0
2.065700E+1	3.203316E-1	9.006524E+0	3.301310E+2	6.766900E+1	1.410000E+0
2.066600E+1	3.203316E-1	9.006524E+0	3.301310E+2	6.766900E+1	1.410000E+0
2.074500E+1	3.203429E-1	9.007182E+0	3.301310E+2	6.766900E+1	1.410000E+0
2.075800E+1	3.203429E-1	9.007182E+0	3.301310E+2	6.766900E+1	1.410000E+0
2.084200E+1	3.203310E-1	9.009542E+0	3.301310E+2	6.766900E+1	1.410000E+0
2.085100E+1	3.203310E-1	9.009542E+0	3.301310E+2	6.766900E+1	1.410000E+0
2.093600E+1	3.313553E-1	9.523983E+0	3.301310E+2	6.766900E+1	1.410000E+0
2.094500E+1	3.313553E-1	9.523983E+0	3.301310E+2	6.766900E+1	1.410000E+0
2.102600E+1	3.313856E-1	9.526804E+0	3.301310E+2	6.766900E+1	1.410000E+0
2.103500E+1	3.313856E-1	9.526804E+0	3.301310E+2	6.766900E+1	1.410000E+0
2.114600E+1	3.313888E-1	9.531150E+0	3.301310E+2	6.766900E+1	1.410000E+0
2.115600E+1	3.313888E-1	9.531150E+0	3.301310E+2	6.766900E+1	1.410000E+0
2.123500E+1	3.313946E-1	9.520086E+0	3.301310E+2	6.766900E+1	1.410000E+0
2.124400E+1	3.313946E-1	9.520086E+0	3.301310E+2	6.766900E+1	1.410000E+0
2.132500E+1	3.313858E-1	9.524321E+0	3.301310E+2	6.766900E+1	1.410000E+0
2.133400E+1	3.313858E-1	9.524321E+0	3.301310E+2	6.766900E+1	1.410000E+0
2.141400E+1	3.313896E-1	9.533014E+0	3.301310E+2	6.766900E+1	1.410000E+0
2.142300E+1	3.313896E-1	9.533014E+0	3.301310E+2	6.766900E+1	1.410000E+0
2.150600E+1	3.314029E-1	9.520133E+0	3.301310E+2	6.766900E+1	1.410000E+0
2.151500E+1	3.314029E-1	9.520133E+0	3.301310E+2	6.766900E+1	1.410000E+0
2.162600E+1	3.376849E-1	9.820810E+0	3.301310E+2	6.766900E+1	1.410000E+0
2.163500E+1	3.376849E-1	9.820810E+0	3.301310E+2	6.766900E+1	1.410000E+0
2.171500E+1	3.423893E-1	1.004262E+1	3.301310E+2	6.766900E+1	1.410000E+0
2.172400E+1	3.423893E-1	1.004262E+1	3.301310E+2	6.766900E+1	1.410000E+0
2.180500E+1	3.423943E-1	1.004964E+1	3.301310E+2	6.766900E+1	1.410000E+0
2.181800E+1	3.423943E-1	1.004964E+1	3.301310E+2	6.766900E+1	1.410000E+0
2.190100E+1	3.423937E-1	1.005076E+1	3.301310E+2	6.766900E+1	1.410000E+0
2.191100E+1	3.423937E-1	1.005076E+1	3.301310E+2	6.766900E+1	1.410000E+0
2.199500E+1	3.424051E-1	1.004309E+1	3.301310E+2	6.766900E+1	1.410000E+0
2.200400E+1	3.424051E-1	1.004309E+1	3.301310E+2	6.766900E+1	1.410000E+0
2.211700E+1	3.423961E-1	1.004557E+1	3.301310E+2	6.766900E+1	1.410000E+0
2.212500E+1	3.423961E-1	1.004557E+1	3.301310E+2	6.766900E+1	1.410000E+0
2.220600E+1	3.439224E-1	1.011564E+1	3.301310E+2	6.766900E+1	1.410000E+0
2.221500E+1	3.439224E-1	1.011564E+1	3.301310E+2	6.766900E+1	1.410000E+0
2.229500E+1	3.479361E-1	1.030935E+1	3.301310E+2	6.766900E+1	1.410000E+0
2.230400E+1	3.479361E-1	1.030935E+1	3.301310E+2	6.766900E+1	1.410000E+0
2.238600E+1	3.479277E-1	1.030918E+1	3.301310E+2	6.766900E+1	1.410000E+0
2.239500E+1	3.479277E-1	1.030918E+1	3.301310E+2	6.766900E+1	1.410000E+0
2.247600E+1	3.479223E-1	1.030666E+1	3.301310E+2	6.766900E+1	1.410000E+0
2.248500E+1	3.479223E-1	1.030666E+1	3.301310E+2	6.766900E+1	1.410000E+0
2.259700E+1	3.479323E-1	1.031049E+1	3.301310E+2	6.766900E+1	1.410000E+0
2.260500E+1	3.479323E-1	1.031049E+1	3.301310E+2	6.766900E+1	1.410000E+0
2.268600E+1	3.479263E-1	1.030245E+1	3.301310E+2	6.766900E+1	1.410000E+0
2.269500E+1	3.479263E-1	1.030245E+1	3.301310E+2	6.766900E+1	1.410000E+0
2.277600E+1	3.479185E-1	1.030842E+1	3.301310E+2	6.766900E+1	1.410000E+0
2.278900E+1	3.479185E-1	1.030842E+1	3.301310E+2	6.766900E+1	1.410000E+0
2.287200E+1	3.589338E-1	1.084178E+1	3.301310E+2	6.766900E+1	1.410000E+0
2.288000E+1	3.589338E-1	1.084178E+1	3.301310E+2	6.766900E+1	1.410000E+0
2.296500E+1	3.589649E-1	1.084573E+1	3.301310E+2	6.766900E+1	1.410000E+0
2.297400E+1	3.589649E-1	1.084573E+1	3.301310E+2	6.766900E+1	1.410000E+0
2.308800E+1	3.589542E-1	1.083411E+1	3.301310E+2	6.766900E+1	1.410000E+0
2.309800E+1	3.589542E-1	1.083411E+1	3.301310E+2	6.766900E+1	1.410000E+0
2.317500E+1	3.589454E-1	1.083877E+1	3.301310E+2	6.766900E+1	1.410000E+0
2.318400E+1	3.589454E-1	1.083877E+1	3.301310E+2	6.766900E+1	1.410000E+0
2.326600E+1	3.589765E-1	1.083732E+1	3.301310E+2	6.766900E+1	1.410000E+0
2.327600E+1	3.589765E-1	1.083732E+1	3.301310E+2	6.766900E+1	1.410000E+0
2.335500E+1	3.589729E-1	1.084123E+1	3.301310E+2	6.766900E+1	1.410000E+0
2.336300E+1	3.589729E-1	1.084123E+1	3.301310E+2	6.766900E+1	1.410000E+0
2.344600E+1	3.631065E-1	1.103396E+1	3.301310E+2	6.766900E+1	1.410000E+0
2.345500E+1	3.631065E-1	1.103396E+1	3.301310E+2	6.766900E+1	1.410000E+0
2.356800E+1	3.699685E-1	1.137931E+1	3.301310E+2	6.766900E+1	1.410000E+0
2.357700E+1	3.699685E-1	1.137931E+1	3.301310E+2	6.766900E+1	1.410000E+0
2.366200E+1	3.699705E-1	1.137433E+1	3.301310E+2	6.766900E+1	1.410000E+0
2.367100E+1	3.699705E-1	1.137433E+1	3.301310E+2	6.766900E+1	1.410000E+0
2.375500E+1	3.699635E-1	1.137208E+1	3.301310E+2	6.766900E+1	1.410000E+0
2.376800E+1	3.699635E-1	1.137208E+1	3.301310E+2	6.766900E+1	1.410000E+0
2.385200E+1	3.699669E-1	1.136403E+1	3.301310E+2	6.766900E+1	1.410000E+0
2.386000E+1	3.699669E-1	1.136403E+1	3.301310E+2	6.766900E+1	1.410000E+0
2.394600E+1	3.699687E-1	1.137469E+1	3.301310E+2	6.766900E+1	1.410000E+0
2.395400E+1	3.699687E-1	1.137469E+1	3.301310E+2	6.766900E+1	1.410000E+0
2.406600E+1	3.699629E-1	1.136992E+1	3.301310E+2	6.766900E+1	1.410000E+0
2.407500E+1	3.699629E-1	1.136992E+1	3.301310E+2	6.766900E+1	1.410000E+0
2.415600E+1	3.783956E-1	1.176898E+1	3.301310E+2	6.766900E+1	1.410000E+0
2.416500E+1	3.783956E-1	1.176898E+1	3.301310E+2	6.766900E+1	1.410000E+0
2.424600E+1	3.809756E-1	1.190680E+1	3.301310E+2	6.766900E+1	1.410000E+0
2.425500E+1	3.809756E-1	1.190680E+1	3.301310E+2	6.766900E+1	1.410000E+0
2.433500E+1	3.809860E-1	1.190853E+1	3.301310E+2	6.766900E+1	1.410000E+0
2.434400E+1	3.809860E-1	1.190853E+1	3.301310E+2	6.766900E+1	1.410000E+0
2.442500E+1	3.809942E-1	1.190216E+1	3.301310E+2	6.766900E+1	1.410000E+0
2.443400E+1	3.809942E-1	1.190216E+1	3.301310E+2	6.766900E+1	1.410000E+0
2.454600E+1	3.809806E-1	1.190467E+1	3.301310E+2	6.766900E+1	1.410000E+0
2.455500E+1	3.809806E-1	1.190467E+1	3.301310E+2	6.766900E+1	1.410000E+0
2.463500E+1	3.809822E-1	1.190378E+1	3.301310E+2	6.766900E+1	1.410000E+0
2.464400E+1	3.809822E-1	1.190378E+1	3.301310E+2	6.766900E+1	1.410000E+0
2.472500E+1	3.809870E-1	1.190617E+1	3.301310E+2	6.766900E+1	1.410000E+0
2.473400E+1	3.809870E-1	1.190617E+1	3.301310E+2	6.766900E+1	1.410000E+0
2.496200E+1	3.918889E-1	1.243679E+1	3.301310E+2	6.766900E+1	1.410000E+0
2.497500E+1	3.918889E-1	1.243679E+1	3.301310E+2	6.766900E+1	1.410000E+0
2.505600E+1	3.919338E-1	1.243679E+1	3.301310E+2	6.766900E+1	1.410000E+0
2.506500E+1	3.919338E-1	1.243679E+1	3.301310E+2	6.766900E+1	1.410000E+0
2.514600E+1	3.919298E-1	1.243687E+1	3.301310E+2	6.766900E+1	1.410000E+0
2.515500E+1	3.919298E-1	1.243687E+1	3.301310E+2	6.766900E+1	1.410000E+0
2.523600E+1	3.919107E-1	1.243831E+1	3.301310E+2	6.766900E+1	1.410000E+0
2.524500E+1	3.919107E-1	1.243831E+1	3.301310E+2	6.766900E+1	1.410000E+0
2.532600E+1	3.919229E-1	1.243450E+1	3.301310E+2	6.766900E+1	1.410000E+0
2.533600E+1	3.919229E-1	1.243450E+1	3.301310E+2	6.766900E+1	1.410000E+0
2.544600E+1	3.919143E-1	1.243361E+1	3.301310E+2	6.766900E+1	1.410000E+0
