Sample;s6(j1)
V-V length(cm);1.000000
Field (T);3.014467
Temp (K);4.200000
Angle (deg.);0.000000
Field(T)_memo;3.000000
Time(sec.)	Current(A)	Voltage(uV)	Temp.1(K)	Temp.2(K)	Temp.3(K)
0.000000E+0	8.156279E-4	5.523398E-6	3.301310E+2	6.766900E+1	1.410000E+0
8.500000E-2	8.154274E-4	5.523398E-6	3.301310E+2	6.766900E+1	1.410000E+0
9.200000E-2	8.154274E-4	2.008508E-6	3.301310E+2	6.766900E+1	1.410000E+0
1.010000E-1	8.154274E-4	2.008508E-6	3.301310E+2	6.766900E+1	1.410000E+0
1.850000E-1	1.047706E-2	3.514890E-6	3.301310E+2	6.766900E+1	1.410000E+0
1.930000E-1	1.047706E-2	3.514890E-6	3.301310E+2	6.766900E+1	1.410000E+0
2.790000E-1	2.286010E-2	-5.021271E-7	3.301310E+2	6.766900E+1	1.410000E+0
2.880000E-1	2.286010E-2	-5.021271E-7	3.301310E+2	6.766900E+1	1.410000E+0
3.690000E-1	2.697949E-2	-1.606807E-5	3.301310E+2	6.766900E+1	1.410000E+0
3.780000E-1	2.697949E-2	-1.606807E-5	3.301310E+2	6.766900E+1	1.410000E+0
4.900000E-1	2.839091E-2	1.205175E-5	3.301310E+2	6.766900E+1	1.410000E+0
5.030000E-1	2.839091E-2	1.205175E-5	3.301310E+2	6.766900E+1	1.410000E+0
5.890000E-1	3.934488E-2	-1.958226E-5	3.301310E+2	6.766900E+1	1.410000E+0
5.980000E-1	3.934488E-2	-1.958226E-5	3.301310E+2	6.766900E+1	1.410000E+0
6.780000E-1	5.038005E-2	1.955786E-3	3.301310E+2	6.766900E+1	1.410000E+0
6.870000E-1	5.038005E-2	1.955786E-3	3.301310E+2	6.766900E+1	1.410000E+0
7.670000E-1	5.852360E-2	6.038081E-3	3.301310E+2	6.766900E+1	1.410000E+0
7.760000E-1	5.852360E-2	6.038081E-3	3.301310E+2	6.766900E+1	1.410000E+0
8.590000E-1	6.139798E-2	7.728743E-3	3.301310E+2	6.766900E+1	1.410000E+0
8.670000E-1	6.139798E-2	7.728743E-3	3.301310E+2	6.766900E+1	1.410000E+0
9.820000E-1	7.243391E-2	1.524860E-2	3.301310E+2	6.766900E+1	1.410000E+0
9.910000E-1	7.243391E-2	1.524860E-2	3.301310E+2	6.766900E+1	1.410000E+0
1.073000E+0	7.785666E-2	1.953275E-2	3.301310E+2	6.766900E+1	1.410000E+0
1.082000E+0	7.785666E-2	1.953275E-2	3.301310E+2	6.766900E+1	1.410000E+0
1.167000E+0	8.687693E-2	2.689494E-2	3.301310E+2	6.766900E+1	1.410000E+0
1.176000E+0	8.687693E-2	2.689494E-2	3.301310E+2	6.766900E+1	1.410000E+0
1.257000E+0	8.893552E-2	2.879449E-2	3.301310E+2	6.766900E+1	1.410000E+0
1.267000E+0	8.893552E-2	2.879449E-2	3.301310E+2	6.766900E+1	1.410000E+0
1.348000E+0	9.994783E-2	3.850914E-2	3.301310E+2	6.766900E+1	1.410000E+0
1.357000E+0	9.994783E-2	3.850914E-2	3.301310E+2	6.766900E+1	1.410000E+0
1.468000E+0	1.096329E-1	4.777640E-2	3.301310E+2	6.766900E+1	1.410000E+0
1.480000E+0	1.096329E-1	4.777640E-2	3.301310E+2	6.766900E+1	1.410000E+0
1.564000E+0	1.193066E-1	5.989223E-2	3.301310E+2	6.766900E+1	1.410000E+0
1.573000E+0	1.193066E-1	5.989223E-2	3.301310E+2	6.766900E+1	1.410000E+0
1.657000E+0	1.219414E-1	6.005291E-2	3.301310E+2	6.766900E+1	1.410000E+0
1.665000E+0	1.219414E-1	6.005291E-2	3.301310E+2	6.766900E+1	1.410000E+0
1.746000E+0	1.329793E-1	7.162042E-2	3.301310E+2	6.766900E+1	1.410000E+0
1.755000E+0	1.329793E-1	7.162042E-2	3.301310E+2	6.766900E+1	1.410000E+0
1.837000E+0	1.360622E-1	7.490433E-2	3.301310E+2	6.766900E+1	1.410000E+0
1.846000E+0	1.360622E-1	7.490433E-2	3.301310E+2	6.766900E+1	1.410000E+0
1.957000E+0	1.476551E-1	8.749567E-2	3.301310E+2	6.766900E+1	1.410000E+0
1.966000E+0	1.476551E-1	8.749567E-2	3.301310E+2	6.766900E+1	1.410000E+0
2.045000E+0	1.550515E-1	9.610966E-2	3.301310E+2	6.766900E+1	1.410000E+0
2.054000E+0	1.550515E-1	9.610966E-2	3.301310E+2	6.766900E+1	1.410000E+0
2.136000E+0	1.605664E-1	1.026112E-1	3.301310E+2	6.766900E+1	1.410000E+0
2.145000E+0	1.605664E-1	1.026112E-1	3.301310E+2	6.766900E+1	1.410000E+0
2.225000E+0	1.715681E-1	1.167848E-1	3.301310E+2	6.766900E+1	1.410000E+0
2.233000E+0	1.715681E-1	1.167848E-1	3.301310E+2	6.766900E+1	1.410000E+0
2.315000E+0	1.804226E-1	1.286827E-1	3.301310E+2	6.766900E+1	1.410000E+0
2.324000E+0	1.804226E-1	1.286827E-1	3.301310E+2	6.766900E+1	1.410000E+0
2.436000E+0	1.868233E-1	1.375296E-1	3.301310E+2	6.766900E+1	1.410000E+0
2.449000E+0	1.868233E-1	1.375296E-1	3.301310E+2	6.766900E+1	1.410000E+0
2.531000E+0	1.880994E-1	1.395904E-1	3.301310E+2	6.766900E+1	1.410000E+0
2.540000E+0	1.880994E-1	1.395904E-1	3.301310E+2	6.766900E+1	1.410000E+0
2.626000E+0	1.991338E-1	1.553115E-1	3.301310E+2	6.766900E+1	1.410000E+0
2.635000E+0	1.991338E-1	1.553115E-1	3.301310E+2	6.766900E+1	1.410000E+0
2.715000E+0	2.079814E-1	1.684767E-1	3.301310E+2	6.766900E+1	1.410000E+0
2.724000E+0	2.079814E-1	1.684767E-1	3.301310E+2	6.766900E+1	1.410000E+0
2.805000E+0	2.184831E-1	1.845373E-1	3.301310E+2	6.766900E+1	1.410000E+0
2.814000E+0	2.184831E-1	1.845373E-1	3.301310E+2	6.766900E+1	1.410000E+0
2.926000E+0	2.211048E-1	1.887059E-1	3.301310E+2	6.766900E+1	1.410000E+0
2.935000E+0	2.211048E-1	1.887059E-1	3.301310E+2	6.766900E+1	1.410000E+0
3.015000E+0	2.321178E-1	2.057491E-1	3.301310E+2	6.766900E+1	1.410000E+0
3.025000E+0	2.321178E-1	2.057491E-1	3.301310E+2	6.766900E+1	1.410000E+0
3.104000E+0	2.367053E-1	2.130240E-1	3.301310E+2	6.766900E+1	1.410000E+0
3.113000E+0	2.367053E-1	2.130240E-1	3.301310E+2	6.766900E+1	1.410000E+0
3.194000E+0	2.469537E-1	2.295535E-1	3.301310E+2	6.766900E+1	1.410000E+0
3.202000E+0	2.469537E-1	2.295535E-1	3.301310E+2	6.766900E+1	1.410000E+0
3.284000E+0	2.486891E-1	2.327003E-1	3.301310E+2	6.766900E+1	1.410000E+0
3.293000E+0	2.486891E-1	2.327003E-1	3.301310E+2	6.766900E+1	1.410000E+0
3.405000E+0	2.596706E-1	2.509060E-1	3.301310E+2	6.766900E+1	1.410000E+0
3.414000E+0	2.596706E-1	2.509060E-1	3.301310E+2	6.766900E+1	1.410000E+0
3.494000E+0	2.707099E-1	2.702379E-1	3.301310E+2	6.766900E+1	1.410000E+0
3.506000E+0	2.707099E-1	2.702379E-1	3.301310E+2	6.766900E+1	1.410000E+0
3.590000E+0	2.795560E-1	2.899810E-1	3.301310E+2	6.766900E+1	1.410000E+0
3.599000E+0	2.795560E-1	2.899810E-1	3.301310E+2	6.766900E+1	1.410000E+0
3.683000E+0	2.817331E-1	2.899067E-1	3.301310E+2	6.766900E+1	1.410000E+0
3.692000E+0	2.817331E-1	2.899067E-1	3.301310E+2	6.766900E+1	1.410000E+0
3.773000E+0	2.927775E-1	3.101735E-1	3.301310E+2	6.766900E+1	1.410000E+0
3.782000E+0	2.927775E-1	3.101735E-1	3.301310E+2	6.766900E+1	1.410000E+0
3.893000E+0	2.984193E-1	3.209878E-1	3.301310E+2	6.766900E+1	1.410000E+0
3.902000E+0	2.984193E-1	3.209878E-1	3.301310E+2	6.766900E+1	1.410000E+0
3.984000E+0	3.067812E-1	3.370203E-1	3.301310E+2	6.766900E+1	1.410000E+0
3.992000E+0	3.067812E-1	3.370203E-1	3.301310E+2	6.766900E+1	1.410000E+0
4.072000E+0	3.094782E-1	3.423624E-1	3.301310E+2	6.766900E+1	1.410000E+0
4.081000E+0	3.094782E-1	3.423624E-1	3.301310E+2	6.766900E+1	1.410000E+0
4.162000E+0	3.205173E-1	3.637249E-1	3.301310E+2	6.766900E+1	1.410000E+0
4.171000E+0	3.205173E-1	3.637249E-1	3.301310E+2	6.766900E+1	1.410000E+0
4.252000E+0	3.315611E-1	3.858767E-1	3.301310E+2	6.766900E+1	1.410000E+0
4.261000E+0	3.315611E-1	3.858767E-1	3.301310E+2	6.766900E+1	1.410000E+0
4.373000E+0	3.406758E-1	4.046709E-1	3.301310E+2	6.766900E+1	1.410000E+0
4.382000E+0	3.406758E-1	4.046709E-1	3.301310E+2	6.766900E+1	1.410000E+0
4.461000E+0	3.425634E-1	4.089405E-1	3.301310E+2	6.766900E+1	1.410000E+0
4.475000E+0	3.425634E-1	4.089405E-1	3.301310E+2	6.766900E+1	1.410000E+0
4.558000E+0	3.480954E-1	4.204321E-1	3.301310E+2	6.766900E+1	1.410000E+0
4.567000E+0	3.480954E-1	4.204321E-1	3.301310E+2	6.766900E+1	1.410000E+0
4.652000E+0	3.591284E-1	4.438011E-1	3.301310E+2	6.766900E+1	1.410000E+0
4.661000E+0	3.591284E-1	4.438011E-1	3.301310E+2	6.766900E+1	1.410000E+0
4.742000E+0	3.683668E-1	4.634042E-1	3.301310E+2	6.766900E+1	1.410000E+0
4.751000E+0	3.683668E-1	4.634042E-1	3.301310E+2	6.766900E+1	1.410000E+0
4.863000E+0	3.701535E-1	4.674659E-1	3.301310E+2	6.766900E+1	1.410000E+0
4.872000E+0	3.701535E-1	4.674659E-1	3.301310E+2	6.766900E+1	1.410000E+0
4.951000E+0	3.811546E-1	4.914962E-1	3.301310E+2	6.766900E+1	1.410000E+0
4.960000E+0	3.811546E-1	4.914962E-1	3.301310E+2	6.766900E+1	1.410000E+0
5.041000E+0	3.921089E-1	5.155109E-1	3.301310E+2	6.766900E+1	1.410000E+0
5.050000E+0	3.921089E-1	5.155109E-1	3.301310E+2	6.766900E+1	1.410000E+0
5.131000E+0	3.979521E-1	5.287751E-1	3.301310E+2	6.766900E+1	1.410000E+0
5.140000E+0	3.979521E-1	5.287751E-1	3.301310E+2	6.766900E+1	1.410000E+0
5.221000E+0	4.075845E-1	5.509179E-1	3.301310E+2	6.766900E+1	1.410000E+0
5.230000E+0	4.075845E-1	5.509179E-1	3.301310E+2	6.766900E+1	1.410000E+0
5.342000E+0	4.086288E-1	5.534823E-1	3.301310E+2	6.766900E+1	1.410000E+0
5.351000E+0	4.086288E-1	5.534823E-1	3.301310E+2	6.766900E+1	1.410000E+0
5.430000E+0	4.196660E-1	5.792610E-1	3.301310E+2	6.766900E+1	1.410000E+0
5.443000E+0	4.196660E-1	5.792610E-1	3.301310E+2	6.766900E+1	1.410000E+0
5.526000E+0	4.282085E-1	6.053425E-1	3.301310E+2	6.766900E+1	1.410000E+0
5.535000E+0	4.282085E-1	6.053425E-1	3.301310E+2	6.766900E+1	1.410000E+0
5.620000E+0	4.407040E-1	6.295350E-1	3.301310E+2	6.766900E+1	1.410000E+0
5.629000E+0	4.407040E-1	6.295350E-1	3.301310E+2	6.766900E+1	1.410000E+0
5.710000E+0	4.416854E-1	6.321817E-1	3.301310E+2	6.766900E+1	1.410000E+0
5.718000E+0	4.416854E-1	6.321817E-1	3.301310E+2	6.766900E+1	1.410000E+0
5.831000E+0	4.526872E-1	6.590149E-1	3.301310E+2	6.766900E+1	1.410000E+0
5.840000E+0	4.526872E-1	6.590149E-1	3.301310E+2	6.766900E+1	1.410000E+0
5.920000E+0	4.562597E-1	6.677830E-1	3.301310E+2	6.766900E+1	1.410000E+0
5.928000E+0	4.562597E-1	6.677830E-1	3.301310E+2	6.766900E+1	1.410000E+0
6.009000E+0	4.674575E-1	6.956797E-1	3.301310E+2	6.766900E+1	1.410000E+0
6.018000E+0	4.674575E-1	6.956797E-1	3.301310E+2	6.766900E+1	1.410000E+0
6.099000E+0	4.692474E-1	7.002692E-1	3.301310E+2	6.766900E+1	1.410000E+0
6.109000E+0	4.692474E-1	7.002692E-1	3.301310E+2	6.766900E+1	1.410000E+0
6.190000E+0	4.782589E-1	7.229573E-1	3.301310E+2	6.766900E+1	1.410000E+0
6.199000E+0	4.782589E-1	7.229573E-1	3.301310E+2	6.766900E+1	1.410000E+0
6.310000E+0	4.890993E-1	7.504502E-1	3.301310E+2	6.766900E+1	1.410000E+0
6.318000E+0	4.890993E-1	7.504502E-1	3.301310E+2	6.766900E+1	1.410000E+0
6.399000E+0	4.986056E-1	7.748325E-1	3.301310E+2	6.766900E+1	1.410000E+0
6.408000E+0	4.986056E-1	7.748325E-1	3.301310E+2	6.766900E+1	1.410000E+0
6.489000E+0	5.022915E-1	7.847792E-1	3.301310E+2	6.766900E+1	1.410000E+0
6.502000E+0	5.022915E-1	7.847792E-1	3.301310E+2	6.766900E+1	1.410000E+0
6.584000E+0	5.077991E-1	7.989808E-1	3.301310E+2	6.766900E+1	1.410000E+0
6.593000E+0	5.077991E-1	7.989808E-1	3.301310E+2	6.766900E+1	1.410000E+0
6.678000E+0	5.187671E-1	8.279852E-1	3.301310E+2	6.766900E+1	1.410000E+0
6.687000E+0	5.187671E-1	8.279852E-1	3.301310E+2	6.766900E+1	1.410000E+0
6.799000E+0	5.273126E-1	8.508456E-1	3.301310E+2	6.766900E+1	1.410000E+0
6.808000E+0	5.273126E-1	8.508456E-1	3.301310E+2	6.766900E+1	1.410000E+0
6.888000E+0	5.298085E-1	8.578422E-1	3.301310E+2	6.766900E+1	1.410000E+0
6.898000E+0	5.298085E-1	8.578422E-1	3.301310E+2	6.766900E+1	1.410000E+0
6.978000E+0	5.408248E-1	8.875712E-1	3.301310E+2	6.766900E+1	1.410000E+0
6.987000E+0	5.408248E-1	8.875712E-1	3.301310E+2	6.766900E+1	1.410000E+0
7.068000E+0	5.518571E-1	9.176646E-1	3.301310E+2	6.766900E+1	1.410000E+0
7.077000E+0	5.518571E-1	9.176646E-1	3.301310E+2	6.766900E+1	1.410000E+0
7.157000E+0	5.602527E-1	9.405697E-1	3.301310E+2	6.766900E+1	1.410000E+0
7.166000E+0	5.602527E-1	9.405697E-1	3.301310E+2	6.766900E+1	1.410000E+0
7.278000E+0	5.628043E-1	9.478656E-1	3.301310E+2	6.766900E+1	1.410000E+0
7.288000E+0	5.628043E-1	9.478656E-1	3.301310E+2	6.766900E+1	1.410000E+0
7.367000E+0	5.683175E-1	9.633447E-1	3.301310E+2	6.766900E+1	1.410000E+0
7.377000E+0	5.683175E-1	9.633447E-1	3.301310E+2	6.766900E+1	1.410000E+0
7.457000E+0	5.793701E-1	9.941457E-1	3.301310E+2	6.766900E+1	1.410000E+0
7.470000E+0	5.793701E-1	9.941457E-1	3.301310E+2	6.766900E+1	1.410000E+0
7.553000E+0	5.885451E-1	1.025446E+0	3.301310E+2	6.766900E+1	1.410000E+0
7.562000E+0	5.885451E-1	1.025446E+0	3.301310E+2	6.766900E+1	1.410000E+0
7.646000E+0	5.903850E-1	1.025528E+0	3.301310E+2	6.766900E+1	1.410000E+0
7.654000E+0	5.903850E-1	1.025528E+0	3.301310E+2	6.766900E+1	1.410000E+0
7.768000E+0	6.014129E-1	1.056917E+0	3.301310E+2	6.766900E+1	1.410000E+0
7.777000E+0	6.014129E-1	1.056917E+0	3.301310E+2	6.766900E+1	1.410000E+0
7.856000E+0	6.124158E-1	1.088451E+0	3.301310E+2	6.766900E+1	1.410000E+0
7.865000E+0	6.124158E-1	1.088451E+0	3.301310E+2	6.766900E+1	1.410000E+0
7.946000E+0	6.168582E-1	1.101262E+0	3.301310E+2	6.766900E+1	1.410000E+0
7.955000E+0	6.168582E-1	1.101262E+0	3.301310E+2	6.766900E+1	1.410000E+0
8.036000E+0	6.179340E-1	1.104632E+0	3.301310E+2	6.766900E+1	1.410000E+0
8.045000E+0	6.179340E-1	1.104632E+0	3.301310E+2	6.766900E+1	1.410000E+0
8.125000E+0	6.289375E-1	1.136718E+0	3.301310E+2	6.766900E+1	1.410000E+0
8.134000E+0	6.289375E-1	1.136718E+0	3.301310E+2	6.766900E+1	1.410000E+0
8.247000E+0	6.399871E-1	1.169143E+0	3.301310E+2	6.766900E+1	1.410000E+0
8.255000E+0	6.399871E-1	1.169143E+0	3.301310E+2	6.766900E+1	1.410000E+0
8.335000E+0	6.480681E-1	1.193083E+0	3.301310E+2	6.766900E+1	1.410000E+0
8.344000E+0	6.480681E-1	1.193083E+0	3.301310E+2	6.766900E+1	1.410000E+0
8.426000E+0	6.552074E-1	1.214331E+0	3.301310E+2	6.766900E+1	1.410000E+0
8.438000E+0	6.552074E-1	1.214331E+0	3.301310E+2	6.766900E+1	1.410000E+0
8.522000E+0	6.620865E-1	1.234965E+0	3.301310E+2	6.766900E+1	1.410000E+0
8.531000E+0	6.620865E-1	1.234965E+0	3.301310E+2	6.766900E+1	1.410000E+0
8.615000E+0	6.731292E-1	1.268105E+0	3.301310E+2	6.766900E+1	1.410000E+0
8.624000E+0	6.731292E-1	1.268105E+0	3.301310E+2	6.766900E+1	1.410000E+0
8.736000E+0	6.774082E-1	1.281048E+0	3.301310E+2	6.766900E+1	1.410000E+0
8.746000E+0	6.774082E-1	1.281048E+0	3.301310E+2	6.766900E+1	1.410000E+0
8.825000E+0	6.858258E-1	1.306559E+0	3.301310E+2	6.766900E+1	1.410000E+0
8.833000E+0	6.858258E-1	1.306559E+0	3.301310E+2	6.766900E+1	1.410000E+0
8.914000E+0	6.897050E-1	1.318540E+0	3.301310E+2	6.766900E+1	1.410000E+0
8.923000E+0	6.897050E-1	1.318540E+0	3.301310E+2	6.766900E+1	1.410000E+0
9.004000E+0	7.007185E-1	1.352182E+0	3.301310E+2	6.766900E+1	1.410000E+0
9.013000E+0	7.007185E-1	1.352182E+0	3.301310E+2	6.766900E+1	1.410000E+0
9.094000E+0	7.093222E-1	1.378634E+0	3.301310E+2	6.766900E+1	1.410000E+0
9.102000E+0	7.093222E-1	1.378634E+0	3.301310E+2	6.766900E+1	1.410000E+0
9.215000E+0	7.209873E-1	1.414754E+0	3.301310E+2	6.766900E+1	1.410000E+0
9.224000E+0	7.209873E-1	1.414754E+0	3.301310E+2	6.766900E+1	1.410000E+0
9.304000E+0	7.227702E-1	1.420349E+0	3.301310E+2	6.766900E+1	1.410000E+0
9.313000E+0	7.227702E-1	1.420349E+0	3.301310E+2	6.766900E+1	1.410000E+0
9.393000E+0	7.282587E-1	1.437517E+0	3.301310E+2	6.766900E+1	1.410000E+0
9.402000E+0	7.282587E-1	1.437517E+0	3.301310E+2	6.766900E+1	1.410000E+0
9.483000E+0	7.338264E-1	1.454809E+0	3.301310E+2	6.766900E+1	1.410000E+0
9.496000E+0	7.338264E-1	1.454809E+0	3.301310E+2	6.766900E+1	1.410000E+0
9.579000E+0	7.482197E-1	1.506215E+0	3.301310E+2	6.766900E+1	1.410000E+0
9.588000E+0	7.482197E-1	1.506215E+0	3.301310E+2	6.766900E+1	1.410000E+0
9.704000E+0	7.502465E-1	1.506153E+0	3.301310E+2	6.766900E+1	1.410000E+0
9.713000E+0	7.502465E-1	1.506153E+0	3.301310E+2	6.766900E+1	1.410000E+0
9.793000E+0	7.612696E-1	1.540929E+0	3.301310E+2	6.766900E+1	1.410000E+0
9.802000E+0	7.612696E-1	1.540929E+0	3.301310E+2	6.766900E+1	1.410000E+0
9.883000E+0	7.671376E-1	1.559534E+0	3.301310E+2	6.766900E+1	1.410000E+0
9.892000E+0	7.671376E-1	1.559534E+0	3.301310E+2	6.766900E+1	1.410000E+0
9.973000E+0	7.768085E-1	1.590276E+0	3.301310E+2	6.766900E+1	1.410000E+0
9.982000E+0	7.768085E-1	1.590276E+0	3.301310E+2	6.766900E+1	1.410000E+0
1.006300E+1	7.778354E-1	1.593765E+0	3.301310E+2	6.766900E+1	1.410000E+0
1.007200E+1	7.778354E-1	1.593765E+0	3.301310E+2	6.766900E+1	1.410000E+0
1.018500E+1	7.888218E-1	1.628811E+0	3.301310E+2	6.766900E+1	1.410000E+0
1.019300E+1	7.888218E-1	1.628811E+0	3.301310E+2	6.766900E+1	1.410000E+0
1.027200E+1	7.998030E-1	1.663917E+0	3.301310E+2	6.766900E+1	1.410000E+0
1.028100E+1	7.998030E-1	1.663917E+0	3.301310E+2	6.766900E+1	1.410000E+0
1.036100E+1	8.085775E-1	1.692150E+0	3.301310E+2	6.766900E+1	1.410000E+0
1.037000E+1	8.085775E-1	1.692150E+0	3.301310E+2	6.766900E+1	1.410000E+0
1.045200E+1	8.108977E-1	1.699849E+0	3.301310E+2	6.766900E+1	1.410000E+0
1.046500E+1	8.108977E-1	1.699849E+0	3.301310E+2	6.766900E+1	1.410000E+0
1.054700E+1	8.219070E-1	1.735416E+0	3.301310E+2	6.766900E+1	1.410000E+0
1.055700E+1	8.219070E-1	1.735416E+0	3.301310E+2	6.766900E+1	1.410000E+0
1.067600E+1	8.329092E-1	1.771165E+0	3.301310E+2	6.766900E+1	1.410000E+0
1.068500E+1	8.329092E-1	1.771165E+0	3.301310E+2	6.766900E+1	1.410000E+0
1.076700E+1	8.366934E-1	1.788039E+0	3.301310E+2	6.766900E+1	1.410000E+0
1.077600E+1	8.366934E-1	1.788039E+0	3.301310E+2	6.766900E+1	1.410000E+0
1.086100E+1	8.384115E-1	1.789274E+0	3.301310E+2	6.766900E+1	1.410000E+0
1.087000E+1	8.384115E-1	1.789274E+0	3.301310E+2	6.766900E+1	1.410000E+0
1.095000E+1	8.494457E-1	1.825205E+0	3.301310E+2	6.766900E+1	1.410000E+0
1.095900E+1	8.494457E-1	1.825205E+0	3.301310E+2	6.766900E+1	1.410000E+0
1.104100E+1	8.604624E-1	1.861430E+0	3.301310E+2	6.766900E+1	1.410000E+0
1.105000E+1	8.604624E-1	1.861430E+0	3.301310E+2	6.766900E+1	1.410000E+0
1.116200E+1	8.665915E-1	1.881550E+0	3.301310E+2	6.766900E+1	1.410000E+0
1.117100E+1	8.665915E-1	1.881550E+0	3.301310E+2	6.766900E+1	1.410000E+0
1.125100E+1	8.714627E-1	1.897865E+0	3.301310E+2	6.766900E+1	1.410000E+0
1.126000E+1	8.714627E-1	1.897865E+0	3.301310E+2	6.766900E+1	1.410000E+0
1.134000E+1	8.824996E-1	1.934280E+0	3.301310E+2	6.766900E+1	1.410000E+0
1.134900E+1	8.824996E-1	1.934280E+0	3.301310E+2	6.766900E+1	1.410000E+0
1.143000E+1	8.880230E-1	1.952649E+0	3.301310E+2	6.766900E+1	1.410000E+0
1.144300E+1	8.880230E-1	1.952649E+0	3.301310E+2	6.766900E+1	1.410000E+0
1.152600E+1	8.925227E-1	1.971032E+0	3.301310E+2	6.766900E+1	1.410000E+0
1.153600E+1	8.925227E-1	1.971032E+0	3.301310E+2	6.766900E+1	1.410000E+0
1.165000E+1	9.086262E-1	2.020944E+0	3.301310E+2	6.766900E+1	1.410000E+0
1.165900E+1	9.086262E-1	2.020944E+0	3.301310E+2	6.766900E+1	1.410000E+0
1.174000E+1	9.100571E-1	2.026161E+0	3.301310E+2	6.766900E+1	1.410000E+0
1.175000E+1	9.100571E-1	2.026161E+0	3.301310E+2	6.766900E+1	1.410000E+0
1.183000E+1	9.209731E-1	2.062597E+0	3.301310E+2	6.766900E+1	1.410000E+0
1.183900E+1	9.209731E-1	2.062597E+0	3.301310E+2	6.766900E+1	1.410000E+0
1.192000E+1	9.248345E-1	2.075669E+0	3.301310E+2	6.766900E+1	1.410000E+0
1.192900E+1	9.248345E-1	2.075669E+0	3.301310E+2	6.766900E+1	1.410000E+0
1.201000E+1	9.405891E-1	2.128443E+0	3.301310E+2	6.766900E+1	1.410000E+0
1.201900E+1	9.405891E-1	2.128443E+0	3.301310E+2	6.766900E+1	1.410000E+0
1.213100E+1	9.430278E-1	2.136824E+0	3.301310E+2	6.766900E+1	1.410000E+0
1.214000E+1	9.430278E-1	2.136824E+0	3.301310E+2	6.766900E+1	1.410000E+0
1.221900E+1	9.485346E-1	2.155532E+0	3.301310E+2	6.766900E+1	1.410000E+0
1.222900E+1	9.485346E-1	2.155532E+0	3.301310E+2	6.766900E+1	1.410000E+0
1.230900E+1	9.568670E-1	2.183742E+0	3.301310E+2	6.766900E+1	1.410000E+0
1.231800E+1	9.568670E-1	2.183742E+0	3.301310E+2	6.766900E+1	1.410000E+0
1.239900E+1	9.682355E-1	2.222072E+0	3.301310E+2	6.766900E+1	1.410000E+0
1.240800E+1	9.682355E-1	2.222072E+0	3.301310E+2	6.766900E+1	1.410000E+0
1.248900E+1	9.705710E-1	2.230186E+0	3.301310E+2	6.766900E+1	1.410000E+0
1.250100E+1	9.705710E-1	2.230186E+0	3.301310E+2	6.766900E+1	1.410000E+0
1.261600E+1	9.815965E-1	2.267806E+0	3.301310E+2	6.766900E+1	1.410000E+0
1.262400E+1	9.815965E-1	2.267806E+0	3.301310E+2	6.766900E+1	1.410000E+0
1.270900E+1	9.908319E-1	2.299062E+0	3.301310E+2	6.766900E+1	1.410000E+0
1.271700E+1	9.908319E-1	2.299062E+0	3.301310E+2	6.766900E+1	1.410000E+0
1.279800E+1	9.971467E-1	2.320946E+0	3.301310E+2	6.766900E+1	1.410000E+0
1.280700E+1	9.971467E-1	2.320946E+0	3.301310E+2	6.766900E+1	1.410000E+0
1.288800E+1	9.981669E-1	2.324540E+0	3.301310E+2	6.766900E+1	1.410000E+0
1.289700E+1	9.981669E-1	2.324540E+0	3.301310E+2	6.766900E+1	1.410000E+0
1.297800E+1	1.007863E+0	2.357697E+0	3.301310E+2	6.766900E+1	1.410000E+0
1.298800E+1	1.007863E+0	2.357697E+0	3.301310E+2	6.766900E+1	1.410000E+0
1.309800E+1	1.020400E+0	2.400758E+0	3.301310E+2	6.766900E+1	1.410000E+0
1.310700E+1	1.020400E+0	2.400758E+0	3.301310E+2	6.766900E+1	1.410000E+0
1.318800E+1	1.027163E+0	2.423947E+0	3.301310E+2	6.766900E+1	1.410000E+0
1.319700E+1	1.027163E+0	2.423947E+0	3.301310E+2	6.766900E+1	1.410000E+0
1.327700E+1	1.031434E+0	2.438864E+0	3.301310E+2	6.766900E+1	1.410000E+0
1.328700E+1	1.031434E+0	2.438864E+0	3.301310E+2	6.766900E+1	1.410000E+0
1.336700E+1	1.042458E+0	2.476919E+0	3.301310E+2	6.766900E+1	1.410000E+0
1.337600E+1	1.042458E+0	2.476919E+0	3.301310E+2	6.766900E+1	1.410000E+0
1.345800E+1	1.047929E+0	2.495850E+0	3.301310E+2	6.766900E+1	1.410000E+0
1.347000E+1	1.047929E+0	2.495850E+0	3.301310E+2	6.766900E+1	1.410000E+0
1.358400E+1	1.056292E+0	2.534214E+0	3.301310E+2	6.766900E+1	1.410000E+0
1.359300E+1	1.056292E+0	2.534214E+0	3.301310E+2	6.766900E+1	1.410000E+0
1.367700E+1	1.058989E+0	2.534476E+0	3.301310E+2	6.766900E+1	1.410000E+0
1.368600E+1	1.058989E+0	2.534476E+0	3.301310E+2	6.766900E+1	1.410000E+0
1.376700E+1	1.069988E+0	2.572825E+0	3.301310E+2	6.766900E+1	1.410000E+0
1.377600E+1	1.069988E+0	2.572825E+0	3.301310E+2	6.766900E+1	1.410000E+0
1.385600E+1	1.081028E+0	2.611385E+0	3.301310E+2	6.766900E+1	1.410000E+0
1.386500E+1	1.081028E+0	2.611385E+0	3.301310E+2	6.766900E+1	1.410000E+0
1.394700E+1	1.089187E+0	2.640071E+0	3.301310E+2	6.766900E+1	1.410000E+0
1.395600E+1	1.089187E+0	2.640071E+0	3.301310E+2	6.766900E+1	1.410000E+0
1.406700E+1	1.091950E+0	2.649693E+0	3.301310E+2	6.766900E+1	1.410000E+0
1.407600E+1	1.091950E+0	2.649693E+0	3.301310E+2	6.766900E+1	1.410000E+0
1.415500E+1	1.102814E+0	2.687785E+0	3.301310E+2	6.766900E+1	1.410000E+0
1.416400E+1	1.102814E+0	2.687785E+0	3.301310E+2	6.766900E+1	1.410000E+0
1.424600E+1	1.108531E+0	2.707968E+0	3.301310E+2	6.766900E+1	1.410000E+0
1.425400E+1	1.108531E+0	2.707968E+0	3.301310E+2	6.766900E+1	1.410000E+0
1.433600E+1	1.117553E+0	2.740217E+0	3.301310E+2	6.766900E+1	1.410000E+0
1.434500E+1	1.117553E+0	2.740217E+0	3.301310E+2	6.766900E+1	1.410000E+0
1.442600E+1	1.119562E+0	2.746992E+0	3.301310E+2	6.766900E+1	1.410000E+0
1.443900E+1	1.119562E+0	2.746992E+0	3.301310E+2	6.766900E+1	1.410000E+0
1.455400E+1	1.130597E+0	2.786064E+0	3.301310E+2	6.766900E+1	1.410000E+0
1.456300E+1	1.130597E+0	2.786064E+0	3.301310E+2	6.766900E+1	1.410000E+0
1.464600E+1	1.141566E+0	2.825033E+0	3.301310E+2	6.766900E+1	1.410000E+0
1.465500E+1	1.141566E+0	2.825033E+0	3.301310E+2	6.766900E+1	1.410000E+0
1.473500E+1	1.150433E+0	2.856833E+0	3.301310E+2	6.766900E+1	1.410000E+0
1.474400E+1	1.150433E+0	2.856833E+0	3.301310E+2	6.766900E+1	1.410000E+0
1.482500E+1	1.155141E+0	2.873360E+0	3.301310E+2	6.766900E+1	1.410000E+0
1.483400E+1	1.155141E+0	2.873360E+0	3.301310E+2	6.766900E+1	1.410000E+0
1.491500E+1	1.158108E+0	2.884137E+0	3.301310E+2	6.766900E+1	1.410000E+0
1.492400E+1	1.158108E+0	2.884137E+0	3.301310E+2	6.766900E+1	1.410000E+0
1.503800E+1	1.169127E+0	2.923795E+0	3.301310E+2	6.766900E+1	1.410000E+0
1.504700E+1	1.169127E+0	2.923795E+0	3.301310E+2	6.766900E+1	1.410000E+0
1.513200E+1	1.176728E+0	2.960836E+0	3.301310E+2	6.766900E+1	1.410000E+0
1.514000E+1	1.176728E+0	2.960836E+0	3.301310E+2	6.766900E+1	1.410000E+0
1.522500E+1	1.185515E+0	2.982464E+0	3.301310E+2	6.766900E+1	1.410000E+0
1.523400E+1	1.185515E+0	2.982464E+0	3.301310E+2	6.766900E+1	1.410000E+0
1.531400E+1	1.191150E+0	3.003228E+0	3.301310E+2	6.766900E+1	1.410000E+0
1.532400E+1	1.191150E+0	3.003228E+0	3.301310E+2	6.766900E+1	1.410000E+0
1.540300E+1	1.202174E+0	3.042928E+0	3.301310E+2	6.766900E+1	1.410000E+0
1.541300E+1	1.202174E+0	3.042928E+0	3.301310E+2	6.766900E+1	1.410000E+0
1.552500E+1	1.206676E+0	3.059628E+0	3.301310E+2	6.766900E+1	1.410000E+0
1.553800E+1	1.206676E+0	3.059628E+0	3.301310E+2	6.766900E+1	1.410000E+0
1.562000E+1	1.214705E+0	3.098539E+0	3.301310E+2	6.766900E+1	1.410000E+0
1.562900E+1	1.214705E+0	3.098539E+0	3.301310E+2	6.766900E+1	1.410000E+0
1.571300E+1	1.218728E+0	3.103275E+0	3.301310E+2	6.766900E+1	1.410000E+0
1.572200E+1	1.218728E+0	3.103275E+0	3.301310E+2	6.766900E+1	1.410000E+0
1.580300E+1	1.229721E+0	3.143667E+0	3.301310E+2	6.766900E+1	1.410000E+0
1.581200E+1	1.229721E+0	3.143667E+0	3.301310E+2	6.766900E+1	1.410000E+0
1.589300E+1	1.238426E+0	3.175207E+0	3.301310E+2	6.766900E+1	1.410000E+0
1.590200E+1	1.238426E+0	3.175207E+0	3.301310E+2	6.766900E+1	1.410000E+0
1.601300E+1	1.249343E+0	3.214762E+0	3.301310E+2	6.766900E+1	1.410000E+0
1.602200E+1	1.249343E+0	3.214762E+0	3.301310E+2	6.766900E+1	1.410000E+0
1.610300E+1	1.251748E+0	3.223957E+0	3.301310E+2	6.766900E+1	1.410000E+0
1.611200E+1	1.251748E+0	3.223957E+0	3.301310E+2	6.766900E+1	1.410000E+0
1.619300E+1	1.262778E+0	3.264710E+0	3.301310E+2	6.766900E+1	1.410000E+0
1.620200E+1	1.262778E+0	3.264710E+0	3.301310E+2	6.766900E+1	1.410000E+0
1.628200E+1	1.268192E+0	3.284963E+0	3.301310E+2	6.766900E+1	1.410000E+0
1.629100E+1	1.268192E+0	3.284963E+0	3.301310E+2	6.766900E+1	1.410000E+0
1.637300E+1	1.277140E+0	3.316941E+0	3.301310E+2	6.766900E+1	1.410000E+0
1.638200E+1	1.277140E+0	3.316941E+0	3.301310E+2	6.766900E+1	1.410000E+0
1.649300E+1	1.279229E+0	3.324586E+0	3.301310E+2	6.766900E+1	1.410000E+0
1.650600E+1	1.279229E+0	3.324586E+0	3.301310E+2	6.766900E+1	1.410000E+0
1.659200E+1	1.290228E+0	3.366278E+0	3.301310E+2	6.766900E+1	1.410000E+0
1.660000E+1	1.290228E+0	3.366278E+0	3.301310E+2	6.766900E+1	1.410000E+0
1.668100E+1	1.298587E+0	3.397463E+0	3.301310E+2	6.766900E+1	1.410000E+0
1.669000E+1	1.298587E+0	3.397463E+0	3.301310E+2	6.766900E+1	1.410000E+0
1.677100E+1	1.310510E+0	3.441764E+0	3.301310E+2	6.766900E+1	1.410000E+0
1.678000E+1	1.310510E+0	3.441764E+0	3.301310E+2	6.766900E+1	1.410000E+0
1.686100E+1	1.312288E+0	3.450994E+0	3.301310E+2	6.766900E+1	1.410000E+0
1.687000E+1	1.312288E+0	3.450994E+0	3.301310E+2	6.766900E+1	1.410000E+0
1.698300E+1	1.317799E+0	3.471529E+0	3.301310E+2	6.766900E+1	1.410000E+0
1.699200E+1	1.317799E+0	3.471529E+0	3.301310E+2	6.766900E+1	1.410000E+0
1.707100E+1	1.328807E+0	3.513367E+0	3.301310E+2	6.766900E+1	1.410000E+0
1.708000E+1	1.328807E+0	3.513367E+0	3.301310E+2	6.766900E+1	1.410000E+0
1.716100E+1	1.337953E+0	3.546028E+0	3.301310E+2	6.766900E+1	1.410000E+0
1.717000E+1	1.337953E+0	3.546028E+0	3.301310E+2	6.766900E+1	1.410000E+0
1.725100E+1	1.339843E+0	3.552878E+0	3.301310E+2	6.766900E+1	1.410000E+0
1.726000E+1	1.339843E+0	3.552878E+0	3.301310E+2	6.766900E+1	1.410000E+0
1.734100E+1	1.350887E+0	3.594987E+0	3.301310E+2	6.766900E+1	1.410000E+0
1.735000E+1	1.350887E+0	3.594987E+0	3.301310E+2	6.766900E+1	1.410000E+0
1.746300E+1	1.362328E+0	3.640031E+0	3.301310E+2	6.766900E+1	1.410000E+0
1.747700E+1	1.362328E+0	3.640031E+0	3.301310E+2	6.766900E+1	1.410000E+0
1.756100E+1	1.373361E+0	3.681167E+0	3.301310E+2	6.766900E+1	1.410000E+0
1.757000E+1	1.373361E+0	3.681167E+0	3.301310E+2	6.766900E+1	1.410000E+0
1.765000E+1	1.373393E+0	3.681557E+0	3.301310E+2	6.766900E+1	1.410000E+0
1.765900E+1	1.373393E+0	3.681557E+0	3.301310E+2	6.766900E+1	1.410000E+0
1.774100E+1	1.378889E+0	3.705311E+0	3.301310E+2	6.766900E+1	1.410000E+0
1.775000E+1	1.378889E+0	3.705311E+0	3.301310E+2	6.766900E+1	1.410000E+0
1.783000E+1	1.389944E+0	3.745760E+0	3.301310E+2	6.766900E+1	1.410000E+0
1.783900E+1	1.389944E+0	3.745760E+0	3.301310E+2	6.766900E+1	1.410000E+0
1.795100E+1	1.395433E+0	3.762627E+0	3.301310E+2	6.766900E+1	1.410000E+0
1.795900E+1	1.395433E+0	3.762627E+0	3.301310E+2	6.766900E+1	1.410000E+0
1.803900E+1	1.409346E+0	3.816156E+0	3.301310E+2	6.766900E+1	1.410000E+0
1.804800E+1	1.409346E+0	3.816156E+0	3.301310E+2	6.766900E+1	1.410000E+0
1.813000E+1	1.411990E+0	3.829010E+0	3.301310E+2	6.766900E+1	1.410000E+0
1.813900E+1	1.411990E+0	3.829010E+0	3.301310E+2	6.766900E+1	1.410000E+0
1.821900E+1	1.423003E+0	3.872096E+0	3.301310E+2	6.766900E+1	1.410000E+0
1.822800E+1	1.423003E+0	3.872096E+0	3.301310E+2	6.766900E+1	1.410000E+0
1.830900E+1	1.427400E+0	3.889637E+0	3.301310E+2	6.766900E+1	1.410000E+0
1.831800E+1	1.427400E+0	3.889637E+0	3.301310E+2	6.766900E+1	1.410000E+0
1.843000E+1	1.437703E+0	3.932718E+0	3.301310E+2	6.766900E+1	1.410000E+0
1.844300E+1	1.437703E+0	3.932718E+0	3.301310E+2	6.766900E+1	1.410000E+0
1.852900E+1	1.439568E+0	3.942062E+0	3.301310E+2	6.766900E+1	1.410000E+0
1.853800E+1	1.439568E+0	3.942062E+0	3.301310E+2	6.766900E+1	1.410000E+0
1.861800E+1	1.450504E+0	3.979602E+0	3.301310E+2	6.766900E+1	1.410000E+0
1.862700E+1	1.450504E+0	3.979602E+0	3.301310E+2	6.766900E+1	1.410000E+0
1.870900E+1	1.459183E+0	4.016946E+0	3.301310E+2	6.766900E+1	1.410000E+0
1.871800E+1	1.459183E+0	4.016946E+0	3.301310E+2	6.766900E+1	1.410000E+0
1.879800E+1	1.470332E+0	4.061158E+0	3.301310E+2	6.766900E+1	1.410000E+0
1.880600E+1	1.470332E+0	4.061158E+0	3.301310E+2	6.766900E+1	1.410000E+0
1.891900E+1	1.472559E+0	4.065694E+0	3.301310E+2	6.766900E+1	1.410000E+0
1.892800E+1	1.472559E+0	4.065694E+0	3.301310E+2	6.766900E+1	1.410000E+0
1.900800E+1	1.478061E+0	4.091402E+0	3.301310E+2	6.766900E+1	1.410000E+0
1.901700E+1	1.478061E+0	4.091402E+0	3.301310E+2	6.766900E+1	1.410000E+0
1.909800E+1	1.486805E+0	4.134222E+0	3.301310E+2	6.766900E+1	1.410000E+0
1.910600E+1	1.486805E+0	4.134222E+0	3.301310E+2	6.766900E+1	1.410000E+0
1.918800E+1	1.494587E+0	4.174074E+0	3.301310E+2	6.766900E+1	1.410000E+0
1.919700E+1	1.494587E+0	4.174074E+0	3.301310E+2	6.766900E+1	1.410000E+0
1.927800E+1	1.500088E+0	4.186236E+0	3.301310E+2	6.766900E+1	1.410000E+0
1.928700E+1	1.500088E+0	4.186236E+0	3.301310E+2	6.766900E+1	1.410000E+0
1.939900E+1	1.511100E+0	4.372713E+0	3.301310E+2	6.766900E+1	1.410000E+0
1.940800E+1	1.511100E+0	4.372713E+0	3.301310E+2	6.766900E+1	1.410000E+0
1.948700E+1	1.522135E+0	4.465620E+0	3.301310E+2	6.766900E+1	1.410000E+0
1.950000E+1	1.522135E+0	4.465620E+0	3.301310E+2	6.766900E+1	1.410000E+0
1.958400E+1	1.526103E+0	4.500891E+0	3.301310E+2	6.766900E+1	1.410000E+0
1.959300E+1	1.526103E+0	4.500891E+0	3.301310E+2	6.766900E+1	1.410000E+0
1.967700E+1	1.533109E+0	4.534846E+0	3.301310E+2	6.766900E+1	1.410000E+0
1.968600E+1	1.533109E+0	4.534846E+0	3.301310E+2	6.766900E+1	1.410000E+0
1.976700E+1	1.538656E+0	4.568622E+0	3.301310E+2	6.766900E+1	1.410000E+0
1.977600E+1	1.538656E+0	4.568622E+0	3.301310E+2	6.766900E+1	1.410000E+0
1.988800E+1	1.549687E+0	4.633042E+0	3.301310E+2	6.766900E+1	1.410000E+0
1.989700E+1	1.549687E+0	4.633042E+0	3.301310E+2	6.766900E+1	1.410000E+0
1.997700E+1	1.553081E+0	4.661592E+0	3.301310E+2	6.766900E+1	1.410000E+0
1.998600E+1	1.553081E+0	4.661592E+0	3.301310E+2	6.766900E+1	1.410000E+0
2.006700E+1	1.560702E+0	4.717472E+0	3.301310E+2	6.766900E+1	1.410000E+0
2.007600E+1	1.560702E+0	4.717472E+0	3.301310E+2	6.766900E+1	1.410000E+0
2.015700E+1	1.571731E+0	4.784731E+0	3.301310E+2	6.766900E+1	1.410000E+0
2.016600E+1	1.571731E+0	4.784731E+0	3.301310E+2	6.766900E+1	1.410000E+0
2.024600E+1	1.582719E+0	4.856319E+0	3.301310E+2	6.766900E+1	1.410000E+0
2.025500E+1	1.582719E+0	4.856319E+0	3.301310E+2	6.766900E+1	1.410000E+0
2.037000E+1	1.586886E+0	4.880207E+0	3.301310E+2	6.766900E+1	1.410000E+0
2.037900E+1	1.586886E+0	4.880207E+0	3.301310E+2	6.766900E+1	1.410000E+0
2.046200E+1	1.588240E+0	4.886639E+0	3.301310E+2	6.766900E+1	1.410000E+0
2.047500E+1	1.588240E+0	4.886639E+0	3.301310E+2	6.766900E+1	1.410000E+0
2.055700E+1	1.599254E+0	4.952321E+0	3.301310E+2	6.766900E+1	1.410000E+0
2.056500E+1	1.599254E+0	4.952321E+0	3.301310E+2	6.766900E+1	1.410000E+0
2.064500E+1	1.610289E+0	5.018993E+0	3.301310E+2	6.766900E+1	1.410000E+0
2.065400E+1	1.610289E+0	5.018993E+0	3.301310E+2	6.766900E+1	1.410000E+0
2.073500E+1	1.619025E+0	5.074479E+0	3.301310E+2	6.766900E+1	1.410000E+0
2.074400E+1	1.619025E+0	5.074479E+0	3.301310E+2	6.766900E+1	1.410000E+0
2.085600E+1	1.621234E+0	5.090741E+0	3.301310E+2	6.766900E+1	1.410000E+0
2.086500E+1	1.621234E+0	5.090741E+0	3.301310E+2	6.766900E+1	1.410000E+0
2.094600E+1	1.632252E+0	5.153649E+0	3.301310E+2	6.766900E+1	1.410000E+0
2.095500E+1	1.632252E+0	5.153649E+0	3.301310E+2	6.766900E+1	1.410000E+0
2.103600E+1	1.640724E+0	5.204919E+0	3.301310E+2	6.766900E+1	1.410000E+0
2.104400E+1	1.640724E+0	5.204919E+0	3.301310E+2	6.766900E+1	1.410000E+0
2.112400E+1	1.647730E+0	5.247957E+0	3.301310E+2	6.766900E+1	1.410000E+0
2.113300E+1	1.647730E+0	5.247957E+0	3.301310E+2	6.766900E+1	1.410000E+0
2.121400E+1	1.652791E+0	5.278700E+0	3.301310E+2	6.766900E+1	1.410000E+0
2.122200E+1	1.652791E+0	5.278700E+0	3.301310E+2	6.766900E+1	1.410000E+0
2.133500E+1	1.659840E+0	5.322181E+0	3.301310E+2	6.766900E+1	1.410000E+0
2.134400E+1	1.659840E+0	5.322181E+0	3.301310E+2	6.766900E+1	1.410000E+0
2.142500E+1	1.670817E+0	5.395818E+0	3.301310E+2	6.766900E+1	1.410000E+0
2.143400E+1	1.670817E+0	5.395818E+0	3.301310E+2	6.766900E+1	1.410000E+0
2.151400E+1	1.679866E+0	5.446207E+0	3.301310E+2	6.766900E+1	1.410000E+0
2.153500E+1	1.679866E+0	5.446207E+0	3.301310E+2	6.766900E+1	1.410000E+0
2.162100E+1	1.691911E+0	5.541915E+0	3.301310E+2	6.766900E+1	1.410000E+0
2.163000E+1	1.691911E+0	5.541915E+0	3.301310E+2	6.766900E+1	1.410000E+0
2.171400E+1	1.692890E+0	5.547367E+0	3.301310E+2	6.766900E+1	1.410000E+0
2.172300E+1	1.692890E+0	5.547367E+0	3.301310E+2	6.766900E+1	1.410000E+0
2.183500E+1	1.698374E+0	5.589297E+0	3.301310E+2	6.766900E+1	1.410000E+0
2.184400E+1	1.698374E+0	5.589297E+0	3.301310E+2	6.766900E+1	1.410000E+0
2.192500E+1	1.706989E+0	5.659471E+0	3.301310E+2	6.766900E+1	1.410000E+0
2.193300E+1	1.706989E+0	5.659471E+0	3.301310E+2	6.766900E+1	1.410000E+0
2.201400E+1	1.718130E+0	5.740170E+0	3.301310E+2	6.766900E+1	1.410000E+0
2.202300E+1	1.718130E+0	5.740170E+0	3.301310E+2	6.766900E+1	1.410000E+0
2.210400E+1	1.720652E+0	5.764616E+0	3.301310E+2	6.766900E+1	1.410000E+0
2.211300E+1	1.720652E+0	5.764616E+0	3.301310E+2	6.766900E+1	1.410000E+0
2.219300E+1	1.731689E+0	5.841099E+0	3.301310E+2	6.766900E+1	1.410000E+0
2.220200E+1	1.731689E+0	5.841099E+0	3.301310E+2	6.766900E+1	1.410000E+0
2.231400E+1	1.739475E+0	5.890989E+0	3.301310E+2	6.766900E+1	1.410000E+0
2.232300E+1	1.739475E+0	5.890989E+0	3.301310E+2	6.766900E+1	1.410000E+0
2.240300E+1	1.747180E+0	5.957178E+0	3.301310E+2	6.766900E+1	1.410000E+0
2.241200E+1	1.747180E+0	5.957178E+0	3.301310E+2	6.766900E+1	1.410000E+0
2.249300E+1	1.748246E+0	6.011298E+0	3.301310E+2	6.766900E+1	1.410000E+0
2.250600E+1	1.748246E+0	6.011298E+0	3.301310E+2	6.766900E+1	1.410000E+0
2.258800E+1	1.759241E+0	6.094502E+0	3.301310E+2	6.766900E+1	1.410000E+0
2.259700E+1	1.759241E+0	6.094502E+0	3.301310E+2	6.766900E+1	1.410000E+0
2.268200E+1	1.767865E+0	6.165674E+0	3.301310E+2	6.766900E+1	1.410000E+0
2.269100E+1	1.767865E+0	6.165674E+0	3.301310E+2	6.766900E+1	1.410000E+0
2.280300E+1	1.779241E+0	6.256519E+0	3.301310E+2	6.766900E+1	1.410000E+0
2.281300E+1	1.779241E+0	6.256519E+0	3.301310E+2	6.766900E+1	1.410000E+0
2.289200E+1	1.781322E+0	6.276634E+0	3.301310E+2	6.766900E+1	1.410000E+0
2.290000E+1	1.781322E+0	6.276634E+0	3.301310E+2	6.766900E+1	1.410000E+0
2.298300E+1	1.792324E+0	6.364931E+0	3.301310E+2	6.766900E+1	1.410000E+0
2.299100E+1	1.792324E+0	6.364931E+0	3.301310E+2	6.766900E+1	1.410000E+0
2.307300E+1	1.803234E+0	6.464389E+0	3.301310E+2	6.766900E+1	1.410000E+0
2.308100E+1	1.803234E+0	6.464389E+0	3.301310E+2	6.766900E+1	1.410000E+0
2.316300E+1	1.807558E+0	6.508372E+0	3.301310E+2	6.766900E+1	1.410000E+0
2.317100E+1	1.807558E+0	6.508372E+0	3.301310E+2	6.766900E+1	1.410000E+0
2.328300E+1	1.808780E+0	6.502500E+0	3.301310E+2	6.766900E+1	1.410000E+0
2.329200E+1	1.808780E+0	6.502500E+0	3.301310E+2	6.766900E+1	1.410000E+0
2.337200E+1	1.819798E+0	6.623958E+0	3.301310E+2	6.766900E+1	1.410000E+0
2.338100E+1	1.819798E+0	6.623958E+0	3.301310E+2	6.766900E+1	1.410000E+0
2.346100E+1	1.830842E+0	6.727294E+0	3.301310E+2	6.766900E+1	1.410000E+0
2.347500E+1	1.830842E+0	6.727294E+0	3.301310E+2	6.766900E+1	1.410000E+0
2.355800E+1	1.839389E+0	6.815515E+0	3.301310E+2	6.766900E+1	1.410000E+0
2.356700E+1	1.839389E+0	6.815515E+0	3.301310E+2	6.766900E+1	1.410000E+0
2.365100E+1	1.841805E+0	6.828212E+0	3.301310E+2	6.766900E+1	1.410000E+0
2.366000E+1	1.841805E+0	6.828212E+0	3.301310E+2	6.766900E+1	1.410000E+0
2.377100E+1	1.852852E+0	6.940239E+0	3.301310E+2	6.766900E+1	1.410000E+0
2.378000E+1	1.852852E+0	6.940239E+0	3.301310E+2	6.766900E+1	1.410000E+0
2.386100E+1	1.858357E+0	6.988936E+0	3.301310E+2	6.766900E+1	1.410000E+0
2.387100E+1	1.858357E+0	6.988936E+0	3.301310E+2	6.766900E+1	1.410000E+0
2.395200E+1	1.867513E+0	7.074634E+0	3.301310E+2	6.766900E+1	1.410000E+0
2.396100E+1	1.867513E+0	7.074634E+0	3.301310E+2	6.766900E+1	1.410000E+0
2.404100E+1	1.869344E+0	7.091405E+0	3.301310E+2	6.766900E+1	1.410000E+0
2.405000E+1	1.869344E+0	7.091405E+0	3.301310E+2	6.766900E+1	1.410000E+0
2.413100E+1	1.880396E+0	7.213210E+0	3.301310E+2	6.766900E+1	1.410000E+0
2.414000E+1	1.880396E+0	7.213210E+0	3.301310E+2	6.766900E+1	1.410000E+0
2.425300E+1	1.891380E+0	7.313741E+0	3.301310E+2	6.766900E+1	1.410000E+0
2.426200E+1	1.891380E+0	7.313741E+0	3.301310E+2	6.766900E+1	1.410000E+0
2.434100E+1	1.899361E+0	7.413953E+0	3.301310E+2	6.766900E+1	1.410000E+0
2.435000E+1	1.899361E+0	7.413953E+0	3.301310E+2	6.766900E+1	1.410000E+0
2.443100E+1	1.910806E+0	7.542384E+0	3.301310E+2	6.766900E+1	1.410000E+0
2.444400E+1	1.910806E+0	7.542384E+0	3.301310E+2	6.766900E+1	1.410000E+0
2.452700E+1	1.913450E+0	7.565405E+0	3.301310E+2	6.766900E+1	1.410000E+0
2.453500E+1	1.913450E+0	7.565405E+0	3.301310E+2	6.766900E+1	1.410000E+0
2.462100E+1	1.918965E+0	7.626493E+0	3.301310E+2	6.766900E+1	1.410000E+0
2.463000E+1	1.918965E+0	7.626493E+0	3.301310E+2	6.766900E+1	1.410000E+0
2.474300E+1	1.927213E+0	7.714524E+0	3.301310E+2	6.766900E+1	1.410000E+0
2.475200E+1	1.927213E+0	7.714524E+0	3.301310E+2	6.766900E+1	1.410000E+0
2.483700E+1	1.937914E+0	7.862411E+0	3.301310E+2	6.766900E+1	1.410000E+0
2.484600E+1	1.937914E+0	7.862411E+0	3.301310E+2	6.766900E+1	1.410000E+0
2.493100E+1	1.940959E+0	7.882884E+0	3.301310E+2	6.766900E+1	1.410000E+0
2.494000E+1	1.940959E+0	7.882884E+0	3.301310E+2	6.766900E+1	1.410000E+0
2.502100E+1	1.951964E+0	8.013903E+0	3.301310E+2	6.766900E+1	1.410000E+0
2.502900E+1	1.951964E+0	8.013903E+0	3.301310E+2	6.766900E+1	1.410000E+0
2.511000E+1	1.959818E+0	8.091530E+0	3.301310E+2	6.766900E+1	1.410000E+0
2.511900E+1	1.959818E+0	8.091530E+0	3.301310E+2	6.766900E+1	1.410000E+0
2.523000E+1	1.965751E+0	8.109251E+0	3.301310E+2	6.766900E+1	1.410000E+0
2.523900E+1	1.965751E+0	8.109251E+0	3.301310E+2	6.766900E+1	1.410000E+0
2.532000E+1	1.966936E+0	7.975423E+0	3.301310E+2	6.766900E+1	1.410000E+0
2.532900E+1	1.966936E+0	7.975423E+0	3.301310E+2	6.766900E+1	1.410000E+0
2.541000E+1	1.979365E+0	8.319050E+0	3.301310E+2	6.766900E+1	1.410000E+0
2.541900E+1	1.979365E+0	8.319050E+0	3.301310E+2	6.766900E+1	1.410000E+0
2.549900E+1	1.987615E+0	8.415432E+0	3.301310E+2	6.766900E+1	1.410000E+0
2.551300E+1	1.987615E+0	8.415432E+0	3.301310E+2	6.766900E+1	1.410000E+0
2.559500E+1	1.998920E+0	8.567392E+0	3.301310E+2	6.766900E+1	1.410000E+0
2.560400E+1	1.998920E+0	8.567392E+0	3.301310E+2	6.766900E+1	1.410000E+0
2.571900E+1	2.001547E+0	8.607115E+0	3.301310E+2	6.766900E+1	1.410000E+0
2.572800E+1	2.001547E+0	8.607115E+0	3.301310E+2	6.766900E+1	1.410000E+0
2.580900E+1	2.012524E+0	8.762576E+0	3.301310E+2	6.766900E+1	1.410000E+0
2.581700E+1	2.012524E+0	8.762576E+0	3.301310E+2	6.766900E+1	1.410000E+0
2.589800E+1	2.017985E+0	8.807830E+0	3.301310E+2	6.766900E+1	1.410000E+0
2.590700E+1	2.017985E+0	8.807830E+0	3.301310E+2	6.766900E+1	1.410000E+0
2.598900E+1	2.026417E+0	8.948655E+0	3.301310E+2	6.766900E+1	1.410000E+0
2.599800E+1	2.026417E+0	8.948655E+0	3.301310E+2	6.766900E+1	1.410000E+0
2.607800E+1	2.029027E+0	9.019682E+0	3.301310E+2	6.766900E+1	1.410000E+0
2.608800E+1	2.029027E+0	9.019682E+0	3.301310E+2	6.766900E+1	1.410000E+0
2.619900E+1	2.035105E+0	9.172072E+0	3.301310E+2	6.766900E+1	1.410000E+0
2.620800E+1	2.035105E+0	9.172072E+0	3.301310E+2	6.766900E+1	1.410000E+0
2.628800E+1	2.051096E+0	9.440579E+0	3.301310E+2	6.766900E+1	1.410000E+0
2.629700E+1	2.051096E+0	9.440579E+0	3.301310E+2	6.766900E+1	1.410000E+0
2.637900E+1	2.056887E+0	9.491237E+0	3.301310E+2	6.766900E+1	1.410000E+0
2.638800E+1	2.056887E+0	9.491237E+0	3.301310E+2	6.766900E+1	1.410000E+0
2.646700E+1	2.062465E+0	9.644361E+0	3.301310E+2	6.766900E+1	1.410000E+0
2.648000E+1	2.062465E+0	9.644361E+0	3.301310E+2	6.766900E+1	1.410000E+0
2.656500E+1	2.073523E+0	9.929371E+0	3.301310E+2	6.766900E+1	1.410000E+0
2.657400E+1	2.073523E+0	9.929371E+0	3.301310E+2	6.766900E+1	1.410000E+0
2.668900E+1	2.079079E+0	1.005875E+1	3.301310E+2	6.766900E+1	1.410000E+0
2.669800E+1	2.079079E+0	1.005875E+1	3.301310E+2	6.766900E+1	1.410000E+0
2.677800E+1	2.083722E+0	1.020907E+1	3.301310E+2	6.766900E+1	1.410000E+0
2.678600E+1	2.083722E+0	1.020907E+1	3.301310E+2	6.766900E+1	1.410000E+0
2.686800E+1	2.090090E+0	1.040824E+1	3.301310E+2	6.766900E+1	1.410000E+0
2.687700E+1	2.090090E+0	1.040824E+1	3.301310E+2	6.766900E+1	1.410000E+0
2.695700E+1	2.101083E+0	1.066031E+1	3.301310E+2	6.766900E+1	1.410000E+0
2.696600E+1	2.101083E+0	1.066031E+1	3.301310E+2	6.766900E+1	1.410000E+0
2.726300E+1	2.111968E+0	1.252286E+2	3.301310E+2	6.766900E+1	1.410000E+0
