Sample;s6(j3)
V-V length(cm);1.000000
Field (T);8.036178
Temp (K);4.200000
Angle (deg.);0.000000
Field(T)_memo;8.000000
Time(sec.)	Current(A)	Voltage(uV)	Temp.1(K)	Temp.2(K)	Temp.3(K)
0.000000E+0	7.324223E-4	-4.017072E-6	3.301310E+2	6.766900E+1	1.410000E+0
4.100000E-2	7.258062E-4	-2.259603E-5	3.301310E+2	6.766900E+1	1.410000E+0
5.100000E-2	7.258062E-4	-2.259603E-5	3.301310E+2	6.766900E+1	1.410000E+0
1.660000E-1	7.422461E-4	-2.862164E-5	3.301310E+2	6.766900E+1	1.410000E+0
1.790000E-1	7.422461E-4	-2.862164E-5	3.301310E+2	6.766900E+1	1.410000E+0
2.620000E-1	7.302169E-4	-2.811950E-5	3.301310E+2	6.766900E+1	1.410000E+0
2.720000E-1	7.302169E-4	-2.811950E-5	3.301310E+2	6.766900E+1	1.410000E+0
3.550000E-1	7.538742E-4	-2.209389E-5	3.301310E+2	6.766900E+1	1.410000E+0
3.640000E-1	7.538742E-4	-2.209389E-5	3.301310E+2	6.766900E+1	1.410000E+0
4.450000E-1	1.175151E-2	1.075219E-2	3.301310E+2	6.766900E+1	1.410000E+0
4.540000E-1	1.175151E-2	1.075219E-2	3.301310E+2	6.766900E+1	1.410000E+0
5.360000E-1	1.175071E-2	1.077379E-2	3.301310E+2	6.766900E+1	1.410000E+0
5.440000E-1	1.175071E-2	1.077379E-2	3.301310E+2	6.766900E+1	1.410000E+0
6.570000E-1	1.175332E-2	1.077228E-2	3.301310E+2	6.766900E+1	1.410000E+0
6.660000E-1	1.175332E-2	1.077228E-2	3.301310E+2	6.766900E+1	1.410000E+0
7.460000E-1	1.176715E-2	1.079086E-2	3.301310E+2	6.766900E+1	1.410000E+0
7.550000E-1	1.176715E-2	1.079086E-2	3.301310E+2	6.766900E+1	1.410000E+0
8.360000E-1	1.175512E-2	1.078031E-2	3.301310E+2	6.766900E+1	1.410000E+0
8.450000E-1	1.175512E-2	1.078031E-2	3.301310E+2	6.766900E+1	1.410000E+0
9.270000E-1	1.176274E-2	1.080894E-2	3.301310E+2	6.766900E+1	1.410000E+0
9.360000E-1	1.176274E-2	1.080894E-2	3.301310E+2	6.766900E+1	1.410000E+0
1.017000E+0	2.039625E-2	2.688576E-2	3.301310E+2	6.766900E+1	1.410000E+0
1.026000E+0	2.039625E-2	2.688576E-2	3.301310E+2	6.766900E+1	1.410000E+0
1.137000E+0	2.279446E-2	3.181873E-2	3.301310E+2	6.766900E+1	1.410000E+0
1.146000E+0	2.279446E-2	3.181873E-2	3.301310E+2	6.766900E+1	1.410000E+0
1.226000E+0	2.281451E-2	3.187246E-2	3.301310E+2	6.766900E+1	1.410000E+0
1.239000E+0	2.281451E-2	3.187246E-2	3.301310E+2	6.766900E+1	1.410000E+0
1.323000E+0	2.280548E-2	3.185338E-2	3.301310E+2	6.766900E+1	1.410000E+0
1.332000E+0	2.280548E-2	3.185338E-2	3.301310E+2	6.766900E+1	1.410000E+0
1.417000E+0	2.280609E-2	3.183329E-2	3.301310E+2	6.766900E+1	1.410000E+0
1.427000E+0	2.280609E-2	3.183329E-2	3.301310E+2	6.766900E+1	1.410000E+0
1.507000E+0	2.280107E-2	3.184585E-2	3.301310E+2	6.766900E+1	1.410000E+0
1.516000E+0	2.280107E-2	3.184585E-2	3.301310E+2	6.766900E+1	1.410000E+0
1.629000E+0	2.281070E-2	3.187748E-2	3.301310E+2	6.766900E+1	1.410000E+0
1.637000E+0	2.281070E-2	3.187748E-2	3.301310E+2	6.766900E+1	1.410000E+0
1.717000E+0	2.832084E-2	4.480392E-2	3.301310E+2	6.766900E+1	1.410000E+0
1.727000E+0	2.832084E-2	4.480392E-2	3.301310E+2	6.766900E+1	1.410000E+0
1.808000E+0	2.832946E-2	4.489581E-2	3.301310E+2	6.766900E+1	1.410000E+0
1.817000E+0	2.832946E-2	4.489581E-2	3.301310E+2	6.766900E+1	1.410000E+0
1.897000E+0	2.833107E-2	4.488828E-2	3.301310E+2	6.766900E+1	1.410000E+0
1.906000E+0	2.833107E-2	4.488828E-2	3.301310E+2	6.766900E+1	1.410000E+0
1.988000E+0	2.832826E-2	4.488225E-2	3.301310E+2	6.766900E+1	1.410000E+0
1.997000E+0	2.832826E-2	4.488225E-2	3.301310E+2	6.766900E+1	1.410000E+0
2.112000E+0	2.831102E-2	4.485162E-2	3.301310E+2	6.766900E+1	1.410000E+0
2.121000E+0	2.831102E-2	4.485162E-2	3.301310E+2	6.766900E+1	1.410000E+0
2.204000E+0	2.831443E-2	4.486317E-2	3.301310E+2	6.766900E+1	1.410000E+0
2.217000E+0	2.831443E-2	4.486317E-2	3.301310E+2	6.766900E+1	1.410000E+0
2.298000E+0	2.831443E-2	4.485714E-2	3.301310E+2	6.766900E+1	1.410000E+0
2.306000E+0	2.831443E-2	4.485714E-2	3.301310E+2	6.766900E+1	1.410000E+0
2.388000E+0	3.925613E-2	7.422194E-2	3.301310E+2	6.766900E+1	1.410000E+0
2.397000E+0	3.925613E-2	7.422194E-2	3.301310E+2	6.766900E+1	1.410000E+0
2.478000E+0	3.925473E-2	7.426814E-2	3.301310E+2	6.766900E+1	1.410000E+0
2.487000E+0	3.925473E-2	7.426814E-2	3.301310E+2	6.766900E+1	1.410000E+0
2.599000E+0	3.925212E-2	7.425157E-2	3.301310E+2	6.766900E+1	1.410000E+0
2.608000E+0	3.925212E-2	7.425157E-2	3.301310E+2	6.766900E+1	1.410000E+0
2.689000E+0	3.927077E-2	7.424605E-2	3.301310E+2	6.766900E+1	1.410000E+0
2.699000E+0	3.927077E-2	7.424605E-2	3.301310E+2	6.766900E+1	1.410000E+0
2.779000E+0	3.924671E-2	7.425559E-2	3.301310E+2	6.766900E+1	1.410000E+0
2.788000E+0	3.924671E-2	7.425559E-2	3.301310E+2	6.766900E+1	1.410000E+0
2.869000E+0	3.924350E-2	7.426312E-2	3.301310E+2	6.766900E+1	1.410000E+0
2.878000E+0	3.924350E-2	7.426312E-2	3.301310E+2	6.766900E+1	1.410000E+0
2.959000E+0	4.759633E-2	9.905247E-2	3.301310E+2	6.766900E+1	1.410000E+0
2.968000E+0	4.759633E-2	9.905247E-2	3.301310E+2	6.766900E+1	1.410000E+0
3.079000E+0	5.029567E-2	1.074502E-1	3.301310E+2	6.766900E+1	1.410000E+0
3.088000E+0	5.029567E-2	1.074502E-1	3.301310E+2	6.766900E+1	1.410000E+0
3.168000E+0	5.030449E-2	1.075159E-1	3.301310E+2	6.766900E+1	1.410000E+0
3.181000E+0	5.030449E-2	1.075159E-1	3.301310E+2	6.766900E+1	1.410000E+0
3.265000E+0	5.030890E-2	1.075370E-1	3.301310E+2	6.766900E+1	1.410000E+0
3.274000E+0	5.030890E-2	1.075370E-1	3.301310E+2	6.766900E+1	1.410000E+0
3.359000E+0	5.030068E-2	1.075280E-1	3.301310E+2	6.766900E+1	1.410000E+0
3.367000E+0	5.030068E-2	1.075280E-1	3.301310E+2	6.766900E+1	1.410000E+0
3.449000E+0	5.030670E-2	1.075144E-1	3.301310E+2	6.766900E+1	1.410000E+0
3.458000E+0	5.030670E-2	1.075144E-1	3.301310E+2	6.766900E+1	1.410000E+0
3.571000E+0	5.030188E-2	1.075466E-1	3.301310E+2	6.766900E+1	1.410000E+0
3.579000E+0	5.030188E-2	1.075466E-1	3.301310E+2	6.766900E+1	1.410000E+0
3.658000E+0	6.131757E-2	1.427602E-1	3.301310E+2	6.766900E+1	1.410000E+0
3.667000E+0	6.131757E-2	1.427602E-1	3.301310E+2	6.766900E+1	1.410000E+0
3.750000E+0	6.132318E-2	1.428667E-1	3.301310E+2	6.766900E+1	1.410000E+0
3.758000E+0	6.132318E-2	1.428667E-1	3.301310E+2	6.766900E+1	1.410000E+0
3.839000E+0	6.133641E-2	1.428873E-1	3.301310E+2	6.766900E+1	1.410000E+0
3.848000E+0	6.133641E-2	1.428873E-1	3.301310E+2	6.766900E+1	1.410000E+0
3.929000E+0	6.133641E-2	1.429194E-1	3.301310E+2	6.766900E+1	1.410000E+0
3.938000E+0	6.133641E-2	1.429194E-1	3.301310E+2	6.766900E+1	1.410000E+0
4.051000E+0	6.132939E-2	1.429330E-1	3.301310E+2	6.766900E+1	1.410000E+0
4.060000E+0	6.132939E-2	1.429330E-1	3.301310E+2	6.766900E+1	1.410000E+0
4.140000E+0	6.133561E-2	1.429375E-1	3.301310E+2	6.766900E+1	1.410000E+0
4.149000E+0	6.133561E-2	1.429375E-1	3.301310E+2	6.766900E+1	1.410000E+0
4.230000E+0	6.928867E-2	1.696134E-1	3.301310E+2	6.766900E+1	1.410000E+0
4.243000E+0	6.928867E-2	1.696134E-1	3.301310E+2	6.766900E+1	1.410000E+0
4.326000E+0	7.236091E-2	1.798976E-1	3.301310E+2	6.766900E+1	1.410000E+0
4.335000E+0	7.236091E-2	1.798976E-1	3.301310E+2	6.766900E+1	1.410000E+0
4.420000E+0	7.236131E-2	1.799473E-1	3.301310E+2	6.766900E+1	1.410000E+0
4.429000E+0	7.236131E-2	1.799473E-1	3.301310E+2	6.766900E+1	1.410000E+0
4.541000E+0	7.236793E-2	1.799809E-1	3.301310E+2	6.766900E+1	1.410000E+0
4.550000E+0	7.236793E-2	1.799809E-1	3.301310E+2	6.766900E+1	1.410000E+0
4.630000E+0	7.236071E-2	1.800131E-1	3.301310E+2	6.766900E+1	1.410000E+0
4.638000E+0	7.236071E-2	1.800131E-1	3.301310E+2	6.766900E+1	1.410000E+0
4.720000E+0	7.235550E-2	1.799885E-1	3.301310E+2	6.766900E+1	1.410000E+0
4.729000E+0	7.235550E-2	1.799885E-1	3.301310E+2	6.766900E+1	1.410000E+0
4.810000E+0	7.235911E-2	1.799945E-1	3.301310E+2	6.766900E+1	1.410000E+0
4.819000E+0	7.235911E-2	1.799945E-1	3.301310E+2	6.766900E+1	1.410000E+0
4.900000E+0	7.641132E-2	1.939202E-1	3.301310E+2	6.766900E+1	1.410000E+0
4.908000E+0	7.641132E-2	1.939202E-1	3.301310E+2	6.766900E+1	1.410000E+0
5.022000E+0	7.782194E-2	1.988220E-1	3.301310E+2	6.766900E+1	1.410000E+0
5.031000E+0	7.782194E-2	1.988220E-1	3.301310E+2	6.766900E+1	1.410000E+0
5.110000E+0	7.783698E-2	1.988496E-1	3.301310E+2	6.766900E+1	1.410000E+0
5.119000E+0	7.783698E-2	1.988496E-1	3.301310E+2	6.766900E+1	1.410000E+0
5.201000E+0	7.783277E-2	1.989274E-1	3.301310E+2	6.766900E+1	1.410000E+0
5.213000E+0	7.783277E-2	1.989274E-1	3.301310E+2	6.766900E+1	1.410000E+0
5.298000E+0	7.782114E-2	1.988722E-1	3.301310E+2	6.766900E+1	1.410000E+0
5.306000E+0	7.782114E-2	1.988722E-1	3.301310E+2	6.766900E+1	1.410000E+0
5.391000E+0	7.783156E-2	1.988863E-1	3.301310E+2	6.766900E+1	1.410000E+0
5.400000E+0	7.783156E-2	1.988863E-1	3.301310E+2	6.766900E+1	1.410000E+0
5.512000E+0	7.783577E-2	1.989546E-1	3.301310E+2	6.766900E+1	1.410000E+0
5.521000E+0	7.783577E-2	1.989546E-1	3.301310E+2	6.766900E+1	1.410000E+0
5.600000E+0	8.886629E-2	2.378338E-1	3.301310E+2	6.766900E+1	1.410000E+0
5.609000E+0	8.886629E-2	2.378338E-1	3.301310E+2	6.766900E+1	1.410000E+0
5.691000E+0	8.888454E-2	2.380111E-1	3.301310E+2	6.766900E+1	1.410000E+0
5.700000E+0	8.888454E-2	2.380111E-1	3.301310E+2	6.766900E+1	1.410000E+0
5.782000E+0	8.887952E-2	2.379824E-1	3.301310E+2	6.766900E+1	1.410000E+0
5.791000E+0	8.887952E-2	2.379824E-1	3.301310E+2	6.766900E+1	1.410000E+0
5.871000E+0	8.888253E-2	2.380296E-1	3.301310E+2	6.766900E+1	1.410000E+0
5.881000E+0	8.888253E-2	2.380296E-1	3.301310E+2	6.766900E+1	1.410000E+0
5.994000E+0	8.889075E-2	2.380301E-1	3.301310E+2	6.766900E+1	1.410000E+0
6.003000E+0	8.889075E-2	2.380301E-1	3.301310E+2	6.766900E+1	1.410000E+0
6.082000E+0	8.889175E-2	2.380301E-1	3.301310E+2	6.766900E+1	1.410000E+0
6.091000E+0	8.889175E-2	2.380301E-1	3.301310E+2	6.766900E+1	1.410000E+0
6.172000E+0	9.739675E-2	2.688054E-1	3.301310E+2	6.766900E+1	1.410000E+0
6.185000E+0	9.739675E-2	2.688054E-1	3.301310E+2	6.766900E+1	1.410000E+0
6.268000E+0	9.988919E-2	2.779116E-1	3.301310E+2	6.766900E+1	1.410000E+0
6.277000E+0	9.988919E-2	2.779116E-1	3.301310E+2	6.766900E+1	1.410000E+0
6.361000E+0	9.990082E-2	2.779156E-1	3.301310E+2	6.766900E+1	1.410000E+0
6.370000E+0	9.990082E-2	2.779156E-1	3.301310E+2	6.766900E+1	1.410000E+0
6.485000E+0	9.989921E-2	2.779483E-1	3.301310E+2	6.766900E+1	1.410000E+0
6.494000E+0	9.989921E-2	2.779483E-1	3.301310E+2	6.766900E+1	1.410000E+0
6.579000E+0	9.989801E-2	2.779136E-1	3.301310E+2	6.766900E+1	1.410000E+0
6.587000E+0	9.989801E-2	2.779136E-1	3.301310E+2	6.766900E+1	1.410000E+0
6.672000E+0	9.988458E-2	2.779689E-1	3.301310E+2	6.766900E+1	1.410000E+0
6.681000E+0	9.988458E-2	2.779689E-1	3.301310E+2	6.766900E+1	1.410000E+0
6.762000E+0	9.990563E-2	2.780367E-1	3.301310E+2	6.766900E+1	1.410000E+0
6.771000E+0	9.990563E-2	2.780367E-1	3.301310E+2	6.766900E+1	1.410000E+0
6.852000E+0	1.109145E-1	3.186784E-1	3.301310E+2	6.766900E+1	1.410000E+0
6.860000E+0	1.109145E-1	3.186784E-1	3.301310E+2	6.766900E+1	1.410000E+0
6.973000E+0	1.109289E-1	3.187412E-1	3.301310E+2	6.766900E+1	1.410000E+0
6.983000E+0	1.109289E-1	3.187412E-1	3.301310E+2	6.766900E+1	1.410000E+0
7.063000E+0	1.109301E-1	3.187994E-1	3.301310E+2	6.766900E+1	1.410000E+0
7.071000E+0	1.109301E-1	3.187994E-1	3.301310E+2	6.766900E+1	1.410000E+0
7.153000E+0	1.109301E-1	3.187818E-1	3.301310E+2	6.766900E+1	1.410000E+0
7.165000E+0	1.109301E-1	3.187818E-1	3.301310E+2	6.766900E+1	1.410000E+0
7.256000E+0	1.109249E-1	3.188436E-1	3.301310E+2	6.766900E+1	1.410000E+0
7.265000E+0	1.109249E-1	3.188436E-1	3.301310E+2	6.766900E+1	1.410000E+0
7.349000E+0	1.109420E-1	3.188069E-1	3.301310E+2	6.766900E+1	1.410000E+0
7.358000E+0	1.109420E-1	3.188069E-1	3.301310E+2	6.766900E+1	1.410000E+0
7.442000E+0	1.208626E-1	3.559950E-1	3.301310E+2	6.766900E+1	1.410000E+0
7.452000E+0	1.208626E-1	3.559950E-1	3.301310E+2	6.766900E+1	1.410000E+0
7.533000E+0	1.218923E-1	3.599387E-1	3.301310E+2	6.766900E+1	1.410000E+0
7.542000E+0	1.218923E-1	3.599387E-1	3.301310E+2	6.766900E+1	1.410000E+0
7.623000E+0	1.218919E-1	3.599578E-1	3.301310E+2	6.766900E+1	1.410000E+0
7.632000E+0	1.218919E-1	3.599578E-1	3.301310E+2	6.766900E+1	1.410000E+0
7.744000E+0	1.218929E-1	3.599875E-1	3.301310E+2	6.766900E+1	1.410000E+0
7.752000E+0	1.218929E-1	3.599875E-1	3.301310E+2	6.766900E+1	1.410000E+0
7.832000E+0	1.218871E-1	3.599674E-1	3.301310E+2	6.766900E+1	1.410000E+0
7.841000E+0	1.218871E-1	3.599674E-1	3.301310E+2	6.766900E+1	1.410000E+0
7.923000E+0	1.218813E-1	3.599940E-1	3.301310E+2	6.766900E+1	1.410000E+0
7.931000E+0	1.218813E-1	3.599940E-1	3.301310E+2	6.766900E+1	1.410000E+0
8.013000E+0	1.218949E-1	3.599875E-1	3.301310E+2	6.766900E+1	1.410000E+0
8.022000E+0	1.218949E-1	3.599875E-1	3.301310E+2	6.766900E+1	1.410000E+0
8.103000E+0	1.306974E-1	3.933924E-1	3.301310E+2	6.766900E+1	1.410000E+0
8.112000E+0	1.306974E-1	3.933924E-1	3.301310E+2	6.766900E+1	1.410000E+0
8.224000E+0	1.329274E-1	4.020105E-1	3.301310E+2	6.766900E+1	1.410000E+0
8.236000E+0	1.329274E-1	4.020105E-1	3.301310E+2	6.766900E+1	1.410000E+0
8.320000E+0	1.329210E-1	4.020884E-1	3.301310E+2	6.766900E+1	1.410000E+0
8.328000E+0	1.329210E-1	4.020884E-1	3.301310E+2	6.766900E+1	1.410000E+0
8.413000E+0	1.329322E-1	4.020743E-1	3.301310E+2	6.766900E+1	1.410000E+0
8.421000E+0	1.329322E-1	4.020743E-1	3.301310E+2	6.766900E+1	1.410000E+0
8.504000E+0	1.329126E-1	4.021265E-1	3.301310E+2	6.766900E+1	1.410000E+0
8.513000E+0	1.329126E-1	4.021265E-1	3.301310E+2	6.766900E+1	1.410000E+0
8.594000E+0	1.329256E-1	4.021476E-1	3.301310E+2	6.766900E+1	1.410000E+0
8.603000E+0	1.329256E-1	4.021476E-1	3.301310E+2	6.766900E+1	1.410000E+0
8.716000E+0	1.329160E-1	4.021034E-1	3.301310E+2	6.766900E+1	1.410000E+0
8.725000E+0	1.329160E-1	4.021034E-1	3.301310E+2	6.766900E+1	1.410000E+0
8.810000E+0	1.384490E-1	4.233071E-1	3.301310E+2	6.766900E+1	1.410000E+0
8.819000E+0	1.384490E-1	4.233071E-1	3.301310E+2	6.766900E+1	1.410000E+0
8.904000E+0	1.384478E-1	4.232975E-1	3.301310E+2	6.766900E+1	1.410000E+0
8.912000E+0	1.384478E-1	4.232975E-1	3.301310E+2	6.766900E+1	1.410000E+0
8.994000E+0	1.384337E-1	4.233944E-1	3.301310E+2	6.766900E+1	1.410000E+0
9.003000E+0	1.384337E-1	4.233944E-1	3.301310E+2	6.766900E+1	1.410000E+0
9.084000E+0	1.384450E-1	4.234120E-1	3.301310E+2	6.766900E+1	1.410000E+0
9.092000E+0	1.384450E-1	4.234120E-1	3.301310E+2	6.766900E+1	1.410000E+0
9.206000E+0	1.384478E-1	4.233909E-1	3.301310E+2	6.766900E+1	1.410000E+0
9.218000E+0	1.384478E-1	4.233909E-1	3.301310E+2	6.766900E+1	1.410000E+0
9.304000E+0	1.384454E-1	4.233934E-1	3.301310E+2	6.766900E+1	1.410000E+0
9.313000E+0	1.384454E-1	4.233934E-1	3.301310E+2	6.766900E+1	1.410000E+0
9.395000E+0	1.424984E-1	4.389952E-1	3.301310E+2	6.766900E+1	1.410000E+0
9.404000E+0	1.424984E-1	4.389952E-1	3.301310E+2	6.766900E+1	1.410000E+0
9.485000E+0	1.494663E-1	4.661532E-1	3.301310E+2	6.766900E+1	1.410000E+0
9.494000E+0	1.494663E-1	4.661532E-1	3.301310E+2	6.766900E+1	1.410000E+0
9.574000E+0	1.494815E-1	4.663214E-1	3.301310E+2	6.766900E+1	1.410000E+0
9.583000E+0	1.494815E-1	4.663214E-1	3.301310E+2	6.766900E+1	1.410000E+0
9.695000E+0	1.494765E-1	4.662420E-1	3.301310E+2	6.766900E+1	1.410000E+0
9.704000E+0	1.494765E-1	4.662420E-1	3.301310E+2	6.766900E+1	1.410000E+0
9.784000E+0	1.494889E-1	4.662852E-1	3.301310E+2	6.766900E+1	1.410000E+0
9.793000E+0	1.494889E-1	4.662852E-1	3.301310E+2	6.766900E+1	1.410000E+0
9.874000E+0	1.494847E-1	4.663093E-1	3.301310E+2	6.766900E+1	1.410000E+0
9.883000E+0	1.494847E-1	4.663093E-1	3.301310E+2	6.766900E+1	1.410000E+0
9.964000E+0	1.494769E-1	4.662832E-1	3.301310E+2	6.766900E+1	1.410000E+0
9.973000E+0	1.494769E-1	4.662832E-1	3.301310E+2	6.766900E+1	1.410000E+0
1.005400E+1	1.604932E-1	5.094406E-1	3.301310E+2	6.766900E+1	1.410000E+0
1.006300E+1	1.604932E-1	5.094406E-1	3.301310E+2	6.766900E+1	1.410000E+0
1.017500E+1	1.605052E-1	5.095702E-1	3.301310E+2	6.766900E+1	1.410000E+0
1.018800E+1	1.605052E-1	5.095702E-1	3.301310E+2	6.766900E+1	1.410000E+0
1.027100E+1	1.604984E-1	5.096360E-1	3.301310E+2	6.766900E+1	1.410000E+0
1.028000E+1	1.604984E-1	5.096360E-1	3.301310E+2	6.766900E+1	1.410000E+0
1.036200E+1	1.604994E-1	5.095933E-1	3.301310E+2	6.766900E+1	1.410000E+0
1.037100E+1	1.604994E-1	5.095933E-1	3.301310E+2	6.766900E+1	1.410000E+0
1.045100E+1	1.604966E-1	5.096339E-1	3.301310E+2	6.766900E+1	1.410000E+0
1.046000E+1	1.604966E-1	5.096339E-1	3.301310E+2	6.766900E+1	1.410000E+0
1.054100E+1	1.604850E-1	5.095913E-1	3.301310E+2	6.766900E+1	1.410000E+0
1.055000E+1	1.604850E-1	5.095913E-1	3.301310E+2	6.766900E+1	1.410000E+0
1.066600E+1	1.691660E-1	5.436798E-1	3.301310E+2	6.766900E+1	1.410000E+0
1.067500E+1	1.691660E-1	5.436798E-1	3.301310E+2	6.766900E+1	1.410000E+0
1.075500E+1	1.714770E-1	5.528086E-1	3.301310E+2	6.766900E+1	1.410000E+0
1.076400E+1	1.714770E-1	5.528086E-1	3.301310E+2	6.766900E+1	1.410000E+0
1.084500E+1	1.714902E-1	5.528211E-1	3.301310E+2	6.766900E+1	1.410000E+0
1.085300E+1	1.714902E-1	5.528211E-1	3.301310E+2	6.766900E+1	1.410000E+0
1.093600E+1	1.714786E-1	5.527875E-1	3.301310E+2	6.766900E+1	1.410000E+0
1.094500E+1	1.714786E-1	5.527875E-1	3.301310E+2	6.766900E+1	1.410000E+0
1.102600E+1	1.714726E-1	5.528517E-1	3.301310E+2	6.766900E+1	1.410000E+0
1.103400E+1	1.714726E-1	5.528517E-1	3.301310E+2	6.766900E+1	1.410000E+0
1.114700E+1	1.714688E-1	5.530235E-1	3.301310E+2	6.766900E+1	1.410000E+0
1.115500E+1	1.714688E-1	5.530235E-1	3.301310E+2	6.766900E+1	1.410000E+0
1.124000E+1	1.714808E-1	5.532560E-1	3.301310E+2	6.766900E+1	1.410000E+0
1.125500E+1	1.714808E-1	5.532560E-1	3.301310E+2	6.766900E+1	1.410000E+0
1.133200E+1	1.785670E-1	5.928347E-1	3.301310E+2	6.766900E+1	1.410000E+0
1.134100E+1	1.785670E-1	5.928347E-1	3.301310E+2	6.766900E+1	1.410000E+0
1.142500E+1	1.825117E-1	5.979434E-1	3.301310E+2	6.766900E+1	1.410000E+0
1.143400E+1	1.825117E-1	5.979434E-1	3.301310E+2	6.766900E+1	1.410000E+0
1.151500E+1	1.825041E-1	5.979810E-1	3.301310E+2	6.766900E+1	1.410000E+0
1.152400E+1	1.825041E-1	5.979810E-1	3.301310E+2	6.766900E+1	1.410000E+0
1.163900E+1	1.825118E-1	5.979881E-1	3.301310E+2	6.766900E+1	1.410000E+0
1.164900E+1	1.825118E-1	5.979881E-1	3.301310E+2	6.766900E+1	1.410000E+0
1.173200E+1	1.825152E-1	5.980192E-1	3.301310E+2	6.766900E+1	1.410000E+0
1.174100E+1	1.825152E-1	5.980192E-1	3.301310E+2	6.766900E+1	1.410000E+0
1.182600E+1	1.825152E-1	5.980172E-1	3.301310E+2	6.766900E+1	1.410000E+0
1.183400E+1	1.825152E-1	5.980172E-1	3.301310E+2	6.766900E+1	1.410000E+0
1.191600E+1	1.825132E-1	5.980724E-1	3.301310E+2	6.766900E+1	1.410000E+0
1.192500E+1	1.825132E-1	5.980724E-1	3.301310E+2	6.766900E+1	1.410000E+0
1.200600E+1	1.880019E-1	6.204425E-1	3.301310E+2	6.766900E+1	1.410000E+0
1.201400E+1	1.880019E-1	6.204425E-1	3.301310E+2	6.766900E+1	1.410000E+0
1.212700E+1	1.880031E-1	6.205148E-1	3.301310E+2	6.766900E+1	1.410000E+0
1.213600E+1	1.880031E-1	6.205148E-1	3.301310E+2	6.766900E+1	1.410000E+0
1.221700E+1	1.880131E-1	6.205826E-1	3.301310E+2	6.766900E+1	1.410000E+0
1.223000E+1	1.880131E-1	6.205826E-1	3.301310E+2	6.766900E+1	1.410000E+0
1.231200E+1	1.880055E-1	6.206117E-1	3.301310E+2	6.766900E+1	1.410000E+0
1.232000E+1	1.880055E-1	6.206117E-1	3.301310E+2	6.766900E+1	1.410000E+0
1.240600E+1	1.880009E-1	6.205776E-1	3.301310E+2	6.766900E+1	1.410000E+0
1.241500E+1	1.880009E-1	6.205776E-1	3.301310E+2	6.766900E+1	1.410000E+0
1.249700E+1	1.880149E-1	6.206218E-1	3.301310E+2	6.766900E+1	1.410000E+0
1.250600E+1	1.880149E-1	6.206218E-1	3.301310E+2	6.766900E+1	1.410000E+0
1.261700E+1	1.965314E-1	6.554799E-1	3.301310E+2	6.766900E+1	1.410000E+0
1.262600E+1	1.965314E-1	6.554799E-1	3.301310E+2	6.766900E+1	1.410000E+0
1.270700E+1	1.990667E-1	6.662517E-1	3.301310E+2	6.766900E+1	1.410000E+0
1.271500E+1	1.990667E-1	6.662517E-1	3.301310E+2	6.766900E+1	1.410000E+0
1.279600E+1	1.990533E-1	6.659555E-1	3.301310E+2	6.766900E+1	1.410000E+0
1.280500E+1	1.990533E-1	6.659555E-1	3.301310E+2	6.766900E+1	1.410000E+0
1.288700E+1	1.990621E-1	6.659645E-1	3.301310E+2	6.766900E+1	1.410000E+0
1.289600E+1	1.990621E-1	6.659645E-1	3.301310E+2	6.766900E+1	1.410000E+0
1.297600E+1	1.990649E-1	6.659745E-1	3.301310E+2	6.766900E+1	1.410000E+0
1.298500E+1	1.990649E-1	6.659745E-1	3.301310E+2	6.766900E+1	1.410000E+0
1.309800E+1	1.990725E-1	6.660252E-1	3.301310E+2	6.766900E+1	1.410000E+0
1.310700E+1	1.990725E-1	6.660252E-1	3.301310E+2	6.766900E+1	1.410000E+0
1.318600E+1	1.990777E-1	6.660222E-1	3.301310E+2	6.766900E+1	1.410000E+0
1.319900E+1	1.990777E-1	6.660222E-1	3.301310E+2	6.766900E+1	1.410000E+0
1.328300E+1	2.099950E-1	7.120800E-1	3.301310E+2	6.766900E+1	1.410000E+0
1.329100E+1	2.099950E-1	7.120800E-1	3.301310E+2	6.766900E+1	1.410000E+0
1.337600E+1	2.100040E-1	7.121377E-1	3.301310E+2	6.766900E+1	1.410000E+0
1.338600E+1	2.100040E-1	7.121377E-1	3.301310E+2	6.766900E+1	1.410000E+0
1.346600E+1	2.100068E-1	7.120599E-1	3.301310E+2	6.766900E+1	1.410000E+0
1.347500E+1	2.100068E-1	7.120599E-1	3.301310E+2	6.766900E+1	1.410000E+0
1.358800E+1	2.100104E-1	7.120253E-1	3.301310E+2	6.766900E+1	1.410000E+0
1.359800E+1	2.100104E-1	7.120253E-1	3.301310E+2	6.766900E+1	1.410000E+0
1.367700E+1	2.100038E-1	7.121011E-1	3.301310E+2	6.766900E+1	1.410000E+0
1.368600E+1	2.100038E-1	7.121011E-1	3.301310E+2	6.766900E+1	1.410000E+0
1.376700E+1	2.099934E-1	7.116808E-1	3.301310E+2	6.766900E+1	1.410000E+0
1.377600E+1	2.099934E-1	7.116808E-1	3.301310E+2	6.766900E+1	1.410000E+0
1.385700E+1	2.189884E-1	7.500333E-1	3.301310E+2	6.766900E+1	1.410000E+0
1.386600E+1	2.189884E-1	7.500333E-1	3.301310E+2	6.766900E+1	1.410000E+0
1.394700E+1	2.210391E-1	7.590948E-1	3.301310E+2	6.766900E+1	1.410000E+0
1.395500E+1	2.210391E-1	7.590948E-1	3.301310E+2	6.766900E+1	1.410000E+0
1.406800E+1	2.210397E-1	7.589974E-1	3.301310E+2	6.766900E+1	1.410000E+0
1.407700E+1	2.210397E-1	7.589974E-1	3.301310E+2	6.766900E+1	1.410000E+0
1.415600E+1	2.210299E-1	7.588899E-1	3.301310E+2	6.766900E+1	1.410000E+0
1.417000E+1	2.210299E-1	7.588899E-1	3.301310E+2	6.766900E+1	1.410000E+0
1.425400E+1	2.210365E-1	7.586359E-1	3.301310E+2	6.766900E+1	1.410000E+0
1.426200E+1	2.210365E-1	7.586359E-1	3.301310E+2	6.766900E+1	1.410000E+0
1.434300E+1	2.210263E-1	7.586534E-1	3.301310E+2	6.766900E+1	1.410000E+0
1.435200E+1	2.210263E-1	7.586534E-1	3.301310E+2	6.766900E+1	1.410000E+0
1.443800E+1	2.210275E-1	7.584697E-1	3.301310E+2	6.766900E+1	1.410000E+0
1.444700E+1	2.210275E-1	7.584697E-1	3.301310E+2	6.766900E+1	1.410000E+0
1.455800E+1	2.320360E-1	8.072354E-1	3.301310E+2	6.766900E+1	1.410000E+0
1.456700E+1	2.320360E-1	8.072354E-1	3.301310E+2	6.766900E+1	1.410000E+0
1.464800E+1	2.320444E-1	8.074423E-1	3.301310E+2	6.766900E+1	1.410000E+0
1.465700E+1	2.320444E-1	8.074423E-1	3.301310E+2	6.766900E+1	1.410000E+0
1.473800E+1	2.320330E-1	8.074458E-1	3.301310E+2	6.766900E+1	1.410000E+0
1.474600E+1	2.320330E-1	8.074458E-1	3.301310E+2	6.766900E+1	1.410000E+0
1.482700E+1	2.320440E-1	8.074001E-1	3.301310E+2	6.766900E+1	1.410000E+0
1.483600E+1	2.320440E-1	8.074001E-1	3.301310E+2	6.766900E+1	1.410000E+0
1.491800E+1	2.320418E-1	8.073941E-1	3.301310E+2	6.766900E+1	1.410000E+0
1.492700E+1	2.320418E-1	8.073941E-1	3.301310E+2	6.766900E+1	1.410000E+0
1.503900E+1	2.320398E-1	8.074654E-1	3.301310E+2	6.766900E+1	1.410000E+0
1.504700E+1	2.320398E-1	8.074654E-1	3.301310E+2	6.766900E+1	1.410000E+0
1.512700E+1	2.320404E-1	8.074689E-1	3.301310E+2	6.766900E+1	1.410000E+0
1.513600E+1	2.320404E-1	8.074689E-1	3.301310E+2	6.766900E+1	1.410000E+0
1.521800E+1	2.375541E-1	8.321483E-1	3.301310E+2	6.766900E+1	1.410000E+0
1.523100E+1	2.375541E-1	8.321483E-1	3.301310E+2	6.766900E+1	1.410000E+0
1.531400E+1	2.375714E-1	8.324531E-1	3.301310E+2	6.766900E+1	1.410000E+0
1.532300E+1	2.375714E-1	8.324531E-1	3.301310E+2	6.766900E+1	1.410000E+0
1.540700E+1	2.375672E-1	8.322854E-1	3.301310E+2	6.766900E+1	1.410000E+0
1.541700E+1	2.375672E-1	8.322854E-1	3.301310E+2	6.766900E+1	1.410000E+0
1.552900E+1	2.375684E-1	8.323642E-1	3.301310E+2	6.766900E+1	1.410000E+0
1.553900E+1	2.375684E-1	8.323642E-1	3.301310E+2	6.766900E+1	1.410000E+0
1.561800E+1	2.375584E-1	8.323959E-1	3.301310E+2	6.766900E+1	1.410000E+0
1.562800E+1	2.375584E-1	8.323959E-1	3.301310E+2	6.766900E+1	1.410000E+0
1.570800E+1	2.375726E-1	8.323461E-1	3.301310E+2	6.766900E+1	1.410000E+0
1.571700E+1	2.375726E-1	8.323461E-1	3.301310E+2	6.766900E+1	1.410000E+0
1.579800E+1	2.456289E-1	8.694283E-1	3.301310E+2	6.766900E+1	1.410000E+0
1.580700E+1	2.456289E-1	8.694283E-1	3.301310E+2	6.766900E+1	1.410000E+0
1.588800E+1	2.486129E-1	8.831275E-1	3.301310E+2	6.766900E+1	1.410000E+0
1.589800E+1	2.486129E-1	8.831275E-1	3.301310E+2	6.766900E+1	1.410000E+0
1.601100E+1	2.486075E-1	8.829914E-1	3.301310E+2	6.766900E+1	1.410000E+0
1.602000E+1	2.486075E-1	8.829914E-1	3.301310E+2	6.766900E+1	1.410000E+0
1.610500E+1	2.486230E-1	8.832977E-1	3.301310E+2	6.766900E+1	1.410000E+0
1.611400E+1	2.486230E-1	8.832977E-1	3.301310E+2	6.766900E+1	1.410000E+0
1.619800E+1	2.486195E-1	8.832133E-1	3.301310E+2	6.766900E+1	1.410000E+0
1.621100E+1	2.486195E-1	8.832133E-1	3.301310E+2	6.766900E+1	1.410000E+0
1.629500E+1	2.486125E-1	8.831506E-1	3.301310E+2	6.766900E+1	1.410000E+0
1.630400E+1	2.486125E-1	8.831506E-1	3.301310E+2	6.766900E+1	1.410000E+0
1.638900E+1	2.486270E-1	8.830938E-1	3.301310E+2	6.766900E+1	1.410000E+0
1.639800E+1	2.486270E-1	8.830938E-1	3.301310E+2	6.766900E+1	1.410000E+0
1.650900E+1	2.595981E-1	9.347198E-1	3.301310E+2	6.766900E+1	1.410000E+0
1.651800E+1	2.595981E-1	9.347198E-1	3.301310E+2	6.766900E+1	1.410000E+0
1.659800E+1	2.596038E-1	9.348222E-1	3.301310E+2	6.766900E+1	1.410000E+0
1.660700E+1	2.596038E-1	9.348222E-1	3.301310E+2	6.766900E+1	1.410000E+0
1.668800E+1	2.596176E-1	9.347830E-1	3.301310E+2	6.766900E+1	1.410000E+0
1.669700E+1	2.596176E-1	9.347830E-1	3.301310E+2	6.766900E+1	1.410000E+0
1.677800E+1	2.596142E-1	9.348920E-1	3.301310E+2	6.766900E+1	1.410000E+0
1.678700E+1	2.596142E-1	9.348920E-1	3.301310E+2	6.766900E+1	1.410000E+0
1.686800E+1	2.596024E-1	9.349005E-1	3.301310E+2	6.766900E+1	1.410000E+0
1.687600E+1	2.596024E-1	9.349005E-1	3.301310E+2	6.766900E+1	1.410000E+0
1.699000E+1	2.596036E-1	9.348583E-1	3.301310E+2	6.766900E+1	1.410000E+0
1.699900E+1	2.596036E-1	9.348583E-1	3.301310E+2	6.766900E+1	1.410000E+0
1.707900E+1	2.673876E-1	9.725305E-1	3.301310E+2	6.766900E+1	1.410000E+0
1.708800E+1	2.673876E-1	9.725305E-1	3.301310E+2	6.766900E+1	1.410000E+0
1.716900E+1	2.706575E-1	9.880956E-1	3.301310E+2	6.766900E+1	1.410000E+0
1.718200E+1	2.706575E-1	9.880956E-1	3.301310E+2	6.766900E+1	1.410000E+0
1.726500E+1	2.706499E-1	9.882021E-1	3.301310E+2	6.766900E+1	1.410000E+0
1.727500E+1	2.706499E-1	9.882021E-1	3.301310E+2	6.766900E+1	1.410000E+0
1.735900E+1	2.706489E-1	9.882322E-1	3.301310E+2	6.766900E+1	1.410000E+0
1.736800E+1	2.706489E-1	9.882322E-1	3.301310E+2	6.766900E+1	1.410000E+0
1.748000E+1	2.706662E-1	9.881202E-1	3.301310E+2	6.766900E+1	1.410000E+0
1.748900E+1	2.706662E-1	9.881202E-1	3.301310E+2	6.766900E+1	1.410000E+0
1.756900E+1	2.706658E-1	9.881669E-1	3.301310E+2	6.766900E+1	1.410000E+0
1.757800E+1	2.706658E-1	9.881669E-1	3.301310E+2	6.766900E+1	1.410000E+0
1.765900E+1	2.706740E-1	9.883105E-1	3.301310E+2	6.766900E+1	1.410000E+0
1.766800E+1	2.706740E-1	9.883105E-1	3.301310E+2	6.766900E+1	1.410000E+0
1.774900E+1	2.816730E-1	1.042915E+0	3.301310E+2	6.766900E+1	1.410000E+0
1.775800E+1	2.816730E-1	1.042915E+0	3.301310E+2	6.766900E+1	1.410000E+0
1.783900E+1	2.816987E-1	1.043082E+0	3.301310E+2	6.766900E+1	1.410000E+0
1.784700E+1	2.816987E-1	1.043082E+0	3.301310E+2	6.766900E+1	1.410000E+0
1.796000E+1	2.816871E-1	1.043024E+0	3.301310E+2	6.766900E+1	1.410000E+0
1.796900E+1	2.816871E-1	1.043024E+0	3.301310E+2	6.766900E+1	1.410000E+0
1.804900E+1	2.817005E-1	1.043019E+0	3.301310E+2	6.766900E+1	1.410000E+0
1.805900E+1	2.817005E-1	1.043019E+0	3.301310E+2	6.766900E+1	1.410000E+0
1.813900E+1	2.816933E-1	1.043083E+0	3.301310E+2	6.766900E+1	1.410000E+0
1.814800E+1	2.816933E-1	1.043083E+0	3.301310E+2	6.766900E+1	1.410000E+0
1.822900E+1	2.816901E-1	1.043074E+0	3.301310E+2	6.766900E+1	1.410000E+0
1.824200E+1	2.816901E-1	1.043074E+0	3.301310E+2	6.766900E+1	1.410000E+0
1.832500E+1	2.816921E-1	1.042997E+0	3.301310E+2	6.766900E+1	1.410000E+0
1.833400E+1	2.816921E-1	1.042997E+0	3.301310E+2	6.766900E+1	1.410000E+0
1.845300E+1	2.927384E-1	1.099442E+0	3.301310E+2	6.766900E+1	1.410000E+0
1.846100E+1	2.927384E-1	1.099442E+0	3.301310E+2	6.766900E+1	1.410000E+0
1.853900E+1	2.927426E-1	1.099538E+0	3.301310E+2	6.766900E+1	1.410000E+0
1.854800E+1	2.927426E-1	1.099538E+0	3.301310E+2	6.766900E+1	1.410000E+0
1.862900E+1	2.927322E-1	1.099478E+0	3.301310E+2	6.766900E+1	1.410000E+0
1.863800E+1	2.927322E-1	1.099478E+0	3.301310E+2	6.766900E+1	1.410000E+0
1.871900E+1	2.927372E-1	1.099508E+0	3.301310E+2	6.766900E+1	1.410000E+0
1.872800E+1	2.927372E-1	1.099508E+0	3.301310E+2	6.766900E+1	1.410000E+0
1.881000E+1	2.927314E-1	1.099503E+0	3.301310E+2	6.766900E+1	1.410000E+0
1.881900E+1	2.927314E-1	1.099503E+0	3.301310E+2	6.766900E+1	1.410000E+0
1.893000E+1	2.927436E-1	1.099539E+0	3.301310E+2	6.766900E+1	1.410000E+0
1.893900E+1	2.927436E-1	1.099539E+0	3.301310E+2	6.766900E+1	1.410000E+0
1.902000E+1	2.968434E-1	1.121005E+0	3.301310E+2	6.766900E+1	1.410000E+0
1.902900E+1	2.968434E-1	1.121005E+0	3.301310E+2	6.766900E+1	1.410000E+0
1.910900E+1	2.983596E-1	1.128973E+0	3.301310E+2	6.766900E+1	1.410000E+0
1.911800E+1	2.983596E-1	1.128973E+0	3.301310E+2	6.766900E+1	1.410000E+0
1.919900E+1	2.983544E-1	1.129086E+0	3.301310E+2	6.766900E+1	1.410000E+0
1.921200E+1	2.983544E-1	1.129086E+0	3.301310E+2	6.766900E+1	1.410000E+0
1.929600E+1	2.983679E-1	1.129008E+0	3.301310E+2	6.766900E+1	1.410000E+0
1.930400E+1	2.983679E-1	1.129008E+0	3.301310E+2	6.766900E+1	1.410000E+0
1.942100E+1	2.983649E-1	1.129049E+0	3.301310E+2	6.766900E+1	1.410000E+0
1.943000E+1	2.983649E-1	1.129049E+0	3.301310E+2	6.766900E+1	1.410000E+0
1.951000E+1	2.983655E-1	1.129230E+0	3.301310E+2	6.766900E+1	1.410000E+0
1.951900E+1	2.983655E-1	1.129230E+0	3.301310E+2	6.766900E+1	1.410000E+0
1.960000E+1	2.983751E-1	1.129154E+0	3.301310E+2	6.766900E+1	1.410000E+0
1.960900E+1	2.983751E-1	1.129154E+0	3.301310E+2	6.766900E+1	1.410000E+0
1.969100E+1	3.094407E-1	1.188071E+0	3.301310E+2	6.766900E+1	1.410000E+0
1.969900E+1	3.094407E-1	1.188071E+0	3.301310E+2	6.766900E+1	1.410000E+0
1.977900E+1	3.094367E-1	1.188162E+0	3.301310E+2	6.766900E+1	1.410000E+0
1.978800E+1	3.094367E-1	1.188162E+0	3.301310E+2	6.766900E+1	1.410000E+0
1.990100E+1	3.094373E-1	1.188303E+0	3.301310E+2	6.766900E+1	1.410000E+0
1.991000E+1	3.094373E-1	1.188303E+0	3.301310E+2	6.766900E+1	1.410000E+0
1.999000E+1	3.094549E-1	1.188207E+0	3.301310E+2	6.766900E+1	1.410000E+0
1.999900E+1	3.094549E-1	1.188207E+0	3.301310E+2	6.766900E+1	1.410000E+0
2.008000E+1	3.094417E-1	1.188326E+0	3.301310E+2	6.766900E+1	1.410000E+0
2.008900E+1	3.094417E-1	1.188326E+0	3.301310E+2	6.766900E+1	1.410000E+0
2.017000E+1	3.094583E-1	1.188374E+0	3.301310E+2	6.766900E+1	1.410000E+0
2.018200E+1	3.094583E-1	1.188374E+0	3.301310E+2	6.766900E+1	1.410000E+0
2.026700E+1	3.184267E-1	1.248825E+0	3.301310E+2	6.766900E+1	1.410000E+0
2.027500E+1	3.184267E-1	1.248825E+0	3.301310E+2	6.766900E+1	1.410000E+0
2.039100E+1	3.205041E-1	1.249061E+0	3.301310E+2	6.766900E+1	1.410000E+0
2.040000E+1	3.205041E-1	1.249061E+0	3.301310E+2	6.766900E+1	1.410000E+0
2.048100E+1	3.204957E-1	1.249112E+0	3.301310E+2	6.766900E+1	1.410000E+0
2.049000E+1	3.204957E-1	1.249112E+0	3.301310E+2	6.766900E+1	1.410000E+0
2.057000E+1	3.205055E-1	1.249231E+0	3.301310E+2	6.766900E+1	1.410000E+0
2.057900E+1	3.205055E-1	1.249231E+0	3.301310E+2	6.766900E+1	1.410000E+0
2.066000E+1	3.205029E-1	1.249170E+0	3.301310E+2	6.766900E+1	1.410000E+0
2.066900E+1	3.205029E-1	1.249170E+0	3.301310E+2	6.766900E+1	1.410000E+0
2.075000E+1	3.204977E-1	1.249181E+0	3.301310E+2	6.766900E+1	1.410000E+0
2.075900E+1	3.204977E-1	1.249181E+0	3.301310E+2	6.766900E+1	1.410000E+0
2.087100E+1	3.205015E-1	1.249240E+0	3.301310E+2	6.766900E+1	1.410000E+0
2.088000E+1	3.205015E-1	1.249240E+0	3.301310E+2	6.766900E+1	1.410000E+0
2.096000E+1	3.315354E-1	1.311876E+0	3.301310E+2	6.766900E+1	1.410000E+0
2.096900E+1	3.315354E-1	1.311876E+0	3.301310E+2	6.766900E+1	1.410000E+0
2.105100E+1	3.315505E-1	1.312040E+0	3.301310E+2	6.766900E+1	1.410000E+0
2.106000E+1	3.315505E-1	1.312040E+0	3.301310E+2	6.766900E+1	1.410000E+0
2.114000E+1	3.315481E-1	1.312178E+0	3.301310E+2	6.766900E+1	1.410000E+0
2.114900E+1	3.315481E-1	1.312178E+0	3.301310E+2	6.766900E+1	1.410000E+0
2.123000E+1	3.315505E-1	1.312110E+0	3.301310E+2	6.766900E+1	1.410000E+0
2.124300E+1	3.315505E-1	1.312110E+0	3.301310E+2	6.766900E+1	1.410000E+0
2.135700E+1	3.315420E-1	1.312248E+0	3.301310E+2	6.766900E+1	1.410000E+0
2.136700E+1	3.315420E-1	1.312248E+0	3.301310E+2	6.766900E+1	1.410000E+0
2.145100E+1	3.315566E-1	1.312177E+0	3.301310E+2	6.766900E+1	1.410000E+0
2.145900E+1	3.315566E-1	1.312177E+0	3.301310E+2	6.766900E+1	1.410000E+0
2.154100E+1	3.315504E-1	1.312227E+0	3.301310E+2	6.766900E+1	1.410000E+0
2.155000E+1	3.315504E-1	1.312227E+0	3.301310E+2	6.766900E+1	1.410000E+0
2.163000E+1	3.425246E-1	1.376172E+0	3.301310E+2	6.766900E+1	1.410000E+0
2.163900E+1	3.425246E-1	1.376172E+0	3.301310E+2	6.766900E+1	1.410000E+0
2.172100E+1	3.425310E-1	1.376404E+0	3.301310E+2	6.766900E+1	1.410000E+0
2.173000E+1	3.425310E-1	1.376404E+0	3.301310E+2	6.766900E+1	1.410000E+0
2.184200E+1	3.425378E-1	1.376390E+0	3.301310E+2	6.766900E+1	1.410000E+0
2.185000E+1	3.425378E-1	1.376390E+0	3.301310E+2	6.766900E+1	1.410000E+0
2.193100E+1	3.425360E-1	1.376531E+0	3.301310E+2	6.766900E+1	1.410000E+0
2.193900E+1	3.425360E-1	1.376531E+0	3.301310E+2	6.766900E+1	1.410000E+0
2.202000E+1	3.425350E-1	1.376523E+0	3.301310E+2	6.766900E+1	1.410000E+0
2.202800E+1	3.425350E-1	1.376523E+0	3.301310E+2	6.766900E+1	1.410000E+0
2.211100E+1	3.425232E-1	1.376584E+0	3.301310E+2	6.766900E+1	1.410000E+0
2.212000E+1	3.425232E-1	1.376584E+0	3.301310E+2	6.766900E+1	1.410000E+0
2.220100E+1	3.452055E-1	1.392407E+0	3.301310E+2	6.766900E+1	1.410000E+0
2.221500E+1	3.452055E-1	1.392407E+0	3.301310E+2	6.766900E+1	1.410000E+0
2.232800E+1	3.480590E-1	1.409803E+0	3.301310E+2	6.766900E+1	1.410000E+0
2.233700E+1	3.480590E-1	1.409803E+0	3.301310E+2	6.766900E+1	1.410000E+0
2.242100E+1	3.480774E-1	1.409904E+0	3.301310E+2	6.766900E+1	1.410000E+0
2.243000E+1	3.480774E-1	1.409904E+0	3.301310E+2	6.766900E+1	1.410000E+0
2.251100E+1	3.480864E-1	1.409945E+0	3.301310E+2	6.766900E+1	1.410000E+0
2.252000E+1	3.480864E-1	1.409945E+0	3.301310E+2	6.766900E+1	1.410000E+0
2.260100E+1	3.480969E-1	1.409976E+0	3.301310E+2	6.766900E+1	1.410000E+0
2.261000E+1	3.480969E-1	1.409976E+0	3.301310E+2	6.766900E+1	1.410000E+0
2.269100E+1	3.480854E-1	1.410022E+0	3.301310E+2	6.766900E+1	1.410000E+0
2.270000E+1	3.480854E-1	1.410022E+0	3.301310E+2	6.766900E+1	1.410000E+0
2.281100E+1	3.480812E-1	1.409992E+0	3.301310E+2	6.766900E+1	1.410000E+0
2.282000E+1	3.480812E-1	1.409992E+0	3.301310E+2	6.766900E+1	1.410000E+0
2.290100E+1	3.591106E-1	1.477342E+0	3.301310E+2	6.766900E+1	1.410000E+0
2.291000E+1	3.591106E-1	1.477342E+0	3.301310E+2	6.766900E+1	1.410000E+0
2.299000E+1	3.591308E-1	1.477662E+0	3.301310E+2	6.766900E+1	1.410000E+0
2.299900E+1	3.591308E-1	1.477662E+0	3.301310E+2	6.766900E+1	1.410000E+0
2.308100E+1	3.591282E-1	1.477664E+0	3.301310E+2	6.766900E+1	1.410000E+0
2.309000E+1	3.591282E-1	1.477664E+0	3.301310E+2	6.766900E+1	1.410000E+0
2.317000E+1	3.591172E-1	1.477671E+0	3.301310E+2	6.766900E+1	1.410000E+0
2.318400E+1	3.591172E-1	1.477671E+0	3.301310E+2	6.766900E+1	1.410000E+0
2.329900E+1	3.591176E-1	1.477646E+0	3.301310E+2	6.766900E+1	1.410000E+0
2.330700E+1	3.591176E-1	1.477646E+0	3.301310E+2	6.766900E+1	1.410000E+0
2.339200E+1	3.591214E-1	1.477727E+0	3.301310E+2	6.766900E+1	1.410000E+0
2.340000E+1	3.591214E-1	1.477727E+0	3.301310E+2	6.766900E+1	1.410000E+0
2.348100E+1	3.678804E-1	1.532248E+0	3.301310E+2	6.766900E+1	1.410000E+0
2.349000E+1	3.678804E-1	1.532248E+0	3.301310E+2	6.766900E+1	1.410000E+0
2.357100E+1	3.701367E-1	1.546884E+0	3.301310E+2	6.766900E+1	1.410000E+0
2.358000E+1	3.701367E-1	1.546884E+0	3.301310E+2	6.766900E+1	1.410000E+0
2.366100E+1	3.701387E-1	1.547032E+0	3.301310E+2	6.766900E+1	1.410000E+0
2.367000E+1	3.701387E-1	1.547032E+0	3.301310E+2	6.766900E+1	1.410000E+0
2.378200E+1	3.701291E-1	1.547133E+0	3.301310E+2	6.766900E+1	1.410000E+0
2.379100E+1	3.701291E-1	1.547133E+0	3.301310E+2	6.766900E+1	1.410000E+0
2.387200E+1	3.701339E-1	1.547163E+0	3.301310E+2	6.766900E+1	1.410000E+0
2.388100E+1	3.701339E-1	1.547163E+0	3.301310E+2	6.766900E+1	1.410000E+0
2.396100E+1	3.701349E-1	1.547389E+0	3.301310E+2	6.766900E+1	1.410000E+0
2.397000E+1	3.701349E-1	1.547389E+0	3.301310E+2	6.766900E+1	1.410000E+0
2.405100E+1	3.701433E-1	1.547342E+0	3.301310E+2	6.766900E+1	1.410000E+0
2.406000E+1	3.701433E-1	1.547342E+0	3.301310E+2	6.766900E+1	1.410000E+0
2.414200E+1	3.785244E-1	1.601292E+0	3.301310E+2	6.766900E+1	1.410000E+0
2.415100E+1	3.785244E-1	1.601292E+0	3.301310E+2	6.766900E+1	1.410000E+0
2.426200E+1	3.811636E-1	1.618589E+0	3.301310E+2	6.766900E+1	1.410000E+0
2.427500E+1	3.811636E-1	1.618589E+0	3.301310E+2	6.766900E+1	1.410000E+0
2.435600E+1	3.811794E-1	1.618735E+0	3.301310E+2	6.766900E+1	1.410000E+0
2.436500E+1	3.811794E-1	1.618735E+0	3.301310E+2	6.766900E+1	1.410000E+0
2.445200E+1	3.811804E-1	1.618714E+0	3.301310E+2	6.766900E+1	1.410000E+0
2.446100E+1	3.811804E-1	1.618714E+0	3.301310E+2	6.766900E+1	1.410000E+0
2.454200E+1	3.811756E-1	1.618752E+0	3.301310E+2	6.766900E+1	1.410000E+0
2.455100E+1	3.811756E-1	1.618752E+0	3.301310E+2	6.766900E+1	1.410000E+0
2.463200E+1	3.811790E-1	1.618841E+0	3.301310E+2	6.766900E+1	1.410000E+0
