Sample;s6(j)
V-V length(cm);1.000000
Field (T);4.018088
Temp (K);4.200000
Angle (deg.);0.000000
Field(T)_memo;4.000000
Time(sec.)	Current(A)	Voltage(uV)	Temp.1(K)	Temp.2(K)	Temp.3(K)
0.000000E+0	7.953763E-4	-3.514901E-6	3.301310E+2	6.766900E+1	1.410000E+0
9.400000E-2	7.845501E-4	1.004258E-6	3.301310E+2	6.766900E+1	1.410000E+0
1.020000E-1	7.845501E-4	1.004258E-6	3.301310E+2	6.766900E+1	1.410000E+0
1.870000E-1	7.951759E-4	-1.054470E-5	3.301310E+2	6.766900E+1	1.410000E+0
1.950000E-1	7.951759E-4	-1.054470E-5	3.301310E+2	6.766900E+1	1.410000E+0
2.770000E-1	1.179704E-2	2.008515E-6	3.301310E+2	6.766900E+1	1.410000E+0
2.860000E-1	1.179704E-2	2.008515E-6	3.301310E+2	6.766900E+1	1.410000E+0
3.670000E-1	1.180486E-2	-2.309792E-5	3.301310E+2	6.766900E+1	1.410000E+0
3.760000E-1	1.180486E-2	-2.309792E-5	3.301310E+2	6.766900E+1	1.410000E+0
4.560000E-1	2.283018E-2	1.084598E-4	3.301310E+2	6.766900E+1	1.410000E+0
4.650000E-1	2.283018E-2	1.084598E-4	3.301310E+2	6.766900E+1	1.410000E+0
5.780000E-1	2.284361E-2	1.300513E-4	3.301310E+2	6.766900E+1	1.410000E+0
5.910000E-1	2.284361E-2	1.300513E-4	3.301310E+2	6.766900E+1	1.410000E+0
6.760000E-1	2.832209E-2	1.048445E-3	3.301310E+2	6.766900E+1	1.410000E+0
6.850000E-1	2.832209E-2	1.048445E-3	3.301310E+2	6.766900E+1	1.410000E+0
7.670000E-1	2.836098E-2	1.074053E-3	3.301310E+2	6.766900E+1	1.410000E+0
7.760000E-1	2.836098E-2	1.074053E-3	3.301310E+2	6.766900E+1	1.410000E+0
8.570000E-1	3.728240E-2	5.368761E-3	3.301310E+2	6.766900E+1	1.410000E+0
8.660000E-1	3.728240E-2	5.368761E-3	3.301310E+2	6.766900E+1	1.410000E+0
9.470000E-1	3.929789E-2	6.574874E-3	3.301310E+2	6.766900E+1	1.410000E+0
9.560000E-1	3.929789E-2	6.574874E-3	3.301310E+2	6.766900E+1	1.410000E+0
1.068000E+0	4.800118E-2	1.308045E-2	3.301310E+2	6.766900E+1	1.410000E+0
1.077000E+0	4.800118E-2	1.308045E-2	3.301310E+2	6.766900E+1	1.410000E+0
1.157000E+0	5.033443E-2	1.504076E-2	3.301310E+2	6.766900E+1	1.410000E+0
1.166000E+0	5.033443E-2	1.504076E-2	3.301310E+2	6.766900E+1	1.410000E+0
1.246000E+0	5.034366E-2	1.507943E-2	3.301310E+2	6.766900E+1	1.410000E+0
1.255000E+0	5.034366E-2	1.507943E-2	3.301310E+2	6.766900E+1	1.410000E+0
1.338000E+0	6.136697E-2	2.482022E-2	3.301310E+2	6.766900E+1	1.410000E+0
1.347000E+0	6.136697E-2	2.482022E-2	3.301310E+2	6.766900E+1	1.410000E+0
1.428000E+0	6.135935E-2	2.490056E-2	3.301310E+2	6.766900E+1	1.410000E+0
1.437000E+0	6.135935E-2	2.490056E-2	3.301310E+2	6.766900E+1	1.410000E+0
1.549000E+0	7.238728E-2	3.556980E-2	3.301310E+2	6.766900E+1	1.410000E+0
1.561000E+0	7.238728E-2	3.556980E-2	3.301310E+2	6.766900E+1	1.410000E+0
1.648000E+0	7.238828E-2	3.563156E-2	3.301310E+2	6.766900E+1	1.410000E+0
1.657000E+0	7.238828E-2	3.563156E-2	3.301310E+2	6.766900E+1	1.410000E+0
1.738000E+0	7.633966E-2	3.954364E-2	3.301310E+2	6.766900E+1	1.410000E+0
1.746000E+0	7.633966E-2	3.954364E-2	3.301310E+2	6.766900E+1	1.410000E+0
1.828000E+0	7.784110E-2	4.111581E-2	3.301310E+2	6.766900E+1	1.410000E+0
1.837000E+0	7.784110E-2	4.111581E-2	3.301310E+2	6.766900E+1	1.410000E+0
1.918000E+0	8.708089E-2	5.113880E-2	3.301310E+2	6.766900E+1	1.410000E+0
1.927000E+0	8.708089E-2	5.113880E-2	3.301310E+2	6.766900E+1	1.410000E+0
2.041000E+0	8.887624E-2	5.312271E-2	3.301310E+2	6.766900E+1	1.410000E+0
2.050000E+0	8.887624E-2	5.312271E-2	3.301310E+2	6.766900E+1	1.410000E+0
2.134000E+0	9.664847E-2	6.571911E-2	3.301310E+2	6.766900E+1	1.410000E+0
2.143000E+0	9.664847E-2	6.571911E-2	3.301310E+2	6.766900E+1	1.410000E+0
2.228000E+0	9.990236E-2	6.641456E-2	3.301310E+2	6.766900E+1	1.410000E+0
2.237000E+0	9.990236E-2	6.641456E-2	3.301310E+2	6.766900E+1	1.410000E+0
2.318000E+0	9.989133E-2	6.640653E-2	3.301310E+2	6.766900E+1	1.410000E+0
2.327000E+0	9.989133E-2	6.640653E-2	3.301310E+2	6.766900E+1	1.410000E+0
2.408000E+0	1.109209E-1	8.091001E-2	3.301310E+2	6.766900E+1	1.410000E+0
2.416000E+0	1.109209E-1	8.091001E-2	3.301310E+2	6.766900E+1	1.410000E+0
2.529000E+0	1.109357E-1	8.089696E-2	3.301310E+2	6.766900E+1	1.410000E+0
2.542000E+0	1.109357E-1	8.089696E-2	3.301310E+2	6.766900E+1	1.410000E+0
2.625000E+0	1.218824E-1	9.639567E-2	3.301310E+2	6.766900E+1	1.410000E+0
2.634000E+0	1.218824E-1	9.639567E-2	3.301310E+2	6.766900E+1	1.410000E+0
2.718000E+0	1.219003E-1	9.648454E-2	3.301310E+2	6.766900E+1	1.410000E+0
2.726000E+0	1.219003E-1	9.648454E-2	3.301310E+2	6.766900E+1	1.410000E+0
2.808000E+0	1.303485E-1	1.089137E-1	3.301310E+2	6.766900E+1	1.410000E+0
2.817000E+0	1.303485E-1	1.089137E-1	3.301310E+2	6.766900E+1	1.410000E+0
2.898000E+0	1.329577E-1	1.127826E-1	3.301310E+2	6.766900E+1	1.410000E+0
2.907000E+0	1.329577E-1	1.127826E-1	3.301310E+2	6.766900E+1	1.410000E+0
3.019000E+0	1.371362E-1	1.192194E-1	3.301310E+2	6.766900E+1	1.410000E+0
3.028000E+0	1.371362E-1	1.192194E-1	3.301310E+2	6.766900E+1	1.410000E+0
3.109000E+0	1.384654E-1	1.212229E-1	3.301310E+2	6.766900E+1	1.410000E+0
3.117000E+0	1.384654E-1	1.212229E-1	3.301310E+2	6.766900E+1	1.410000E+0
3.199000E+0	1.467222E-1	1.341035E-1	3.301310E+2	6.766900E+1	1.410000E+0
3.207000E+0	1.467222E-1	1.341035E-1	3.301310E+2	6.766900E+1	1.410000E+0
3.289000E+0	1.495096E-1	1.385288E-1	3.301310E+2	6.766900E+1	1.410000E+0
3.297000E+0	1.495096E-1	1.385288E-1	3.301310E+2	6.766900E+1	1.410000E+0
3.379000E+0	1.495036E-1	1.385549E-1	3.301310E+2	6.766900E+1	1.410000E+0
3.388000E+0	1.495036E-1	1.385549E-1	3.301310E+2	6.766900E+1	1.410000E+0
3.499000E+0	1.605243E-1	1.567581E-1	3.301310E+2	6.766900E+1	1.410000E+0
3.512000E+0	1.605243E-1	1.567581E-1	3.301310E+2	6.766900E+1	1.410000E+0
3.595000E+0	1.605331E-1	1.568158E-1	3.301310E+2	6.766900E+1	1.410000E+0
3.603000E+0	1.605331E-1	1.568158E-1	3.301310E+2	6.766900E+1	1.410000E+0
3.689000E+0	1.715281E-1	1.760343E-1	3.301310E+2	6.766900E+1	1.410000E+0
3.698000E+0	1.715281E-1	1.760343E-1	3.301310E+2	6.766900E+1	1.410000E+0
3.779000E+0	1.715235E-1	1.761638E-1	3.301310E+2	6.766900E+1	1.410000E+0
3.789000E+0	1.715235E-1	1.761638E-1	3.301310E+2	6.766900E+1	1.410000E+0
3.869000E+0	1.772995E-1	1.867819E-1	3.301310E+2	6.766900E+1	1.410000E+0
3.878000E+0	1.772995E-1	1.867819E-1	3.301310E+2	6.766900E+1	1.410000E+0
3.991000E+0	1.825613E-1	1.964885E-1	3.301310E+2	6.766900E+1	1.410000E+0
4.001000E+0	1.825613E-1	1.964885E-1	3.301310E+2	6.766900E+1	1.410000E+0
4.079000E+0	1.862264E-1	2.035514E-1	3.301310E+2	6.766900E+1	1.410000E+0
4.089000E+0	1.862264E-1	2.035514E-1	3.301310E+2	6.766900E+1	1.410000E+0
4.169000E+0	1.880345E-1	2.069649E-1	3.301310E+2	6.766900E+1	1.410000E+0
4.179000E+0	1.880345E-1	2.069649E-1	3.301310E+2	6.766900E+1	1.410000E+0
4.260000E+0	1.960534E-1	2.224044E-1	3.301310E+2	6.766900E+1	1.410000E+0
4.268000E+0	1.960534E-1	2.224044E-1	3.301310E+2	6.766900E+1	1.410000E+0
4.350000E+0	1.990881E-1	2.284947E-1	3.301310E+2	6.766900E+1	1.410000E+0
4.359000E+0	1.990881E-1	2.284947E-1	3.301310E+2	6.766900E+1	1.410000E+0
4.472000E+0	1.990833E-1	2.285871E-1	3.301310E+2	6.766900E+1	1.410000E+0
4.480000E+0	1.990833E-1	2.285871E-1	3.301310E+2	6.766900E+1	1.410000E+0
4.559000E+0	2.100014E-1	2.506873E-1	3.301310E+2	6.766900E+1	1.410000E+0
4.572000E+0	2.100014E-1	2.506873E-1	3.301310E+2	6.766900E+1	1.410000E+0
4.655000E+0	2.100216E-1	2.509409E-1	3.301310E+2	6.766900E+1	1.410000E+0
4.664000E+0	2.100216E-1	2.509409E-1	3.301310E+2	6.766900E+1	1.410000E+0
4.748000E+0	2.210317E-1	2.737606E-1	3.301310E+2	6.766900E+1	1.410000E+0
4.757000E+0	2.210317E-1	2.737606E-1	3.301310E+2	6.766900E+1	1.410000E+0
4.839000E+0	2.210345E-1	2.740955E-1	3.301310E+2	6.766900E+1	1.410000E+0
4.847000E+0	2.210345E-1	2.740955E-1	3.301310E+2	6.766900E+1	1.410000E+0
4.961000E+0	2.298447E-1	2.928691E-1	3.301310E+2	6.766900E+1	1.410000E+0
4.969000E+0	2.298447E-1	2.928691E-1	3.301310E+2	6.766900E+1	1.410000E+0
5.050000E+0	2.320584E-1	2.977895E-1	3.301310E+2	6.766900E+1	1.410000E+0
5.059000E+0	2.320584E-1	2.977895E-1	3.301310E+2	6.766900E+1	1.410000E+0
5.140000E+0	2.363067E-1	3.070573E-1	3.301310E+2	6.766900E+1	1.410000E+0
5.148000E+0	2.363067E-1	3.070573E-1	3.301310E+2	6.766900E+1	1.410000E+0
5.230000E+0	2.375756E-1	3.099771E-1	3.301310E+2	6.766900E+1	1.410000E+0
5.240000E+0	2.375756E-1	3.099771E-1	3.301310E+2	6.766900E+1	1.410000E+0
5.319000E+0	2.466287E-1	3.302707E-1	3.301310E+2	6.766900E+1	1.410000E+0
5.328000E+0	2.466287E-1	3.302707E-1	3.301310E+2	6.766900E+1	1.410000E+0
5.441000E+0	2.486232E-1	3.350334E-1	3.301310E+2	6.766900E+1	1.410000E+0
5.450000E+0	2.486232E-1	3.350334E-1	3.301310E+2	6.766900E+1	1.410000E+0
5.530000E+0	2.486248E-1	3.348566E-1	3.301310E+2	6.766900E+1	1.410000E+0
5.543000E+0	2.486248E-1	3.348566E-1	3.301310E+2	6.766900E+1	1.410000E+0
5.626000E+0	2.596198E-1	3.602960E-1	3.301310E+2	6.766900E+1	1.410000E+0
5.635000E+0	2.596198E-1	3.602960E-1	3.301310E+2	6.766900E+1	1.410000E+0
5.720000E+0	2.596144E-1	3.604240E-1	3.301310E+2	6.766900E+1	1.410000E+0
5.728000E+0	2.596144E-1	3.604240E-1	3.301310E+2	6.766900E+1	1.410000E+0
5.811000E+0	2.706411E-1	3.866828E-1	3.301310E+2	6.766900E+1	1.410000E+0
5.820000E+0	2.706411E-1	3.866828E-1	3.301310E+2	6.766900E+1	1.410000E+0
5.932000E+0	2.706425E-1	3.868425E-1	3.301310E+2	6.766900E+1	1.410000E+0
5.941000E+0	2.706425E-1	3.868425E-1	3.301310E+2	6.766900E+1	1.410000E+0
6.021000E+0	2.792855E-1	4.077999E-1	3.301310E+2	6.766900E+1	1.410000E+0
6.030000E+0	2.792855E-1	4.077999E-1	3.301310E+2	6.766900E+1	1.410000E+0
6.110000E+0	2.816604E-1	4.138344E-1	3.301310E+2	6.766900E+1	1.410000E+0
6.119000E+0	2.816604E-1	4.138344E-1	3.301310E+2	6.766900E+1	1.410000E+0
6.200000E+0	2.907244E-1	4.361887E-1	3.301310E+2	6.766900E+1	1.410000E+0
6.209000E+0	2.907244E-1	4.361887E-1	3.301310E+2	6.766900E+1	1.410000E+0
6.291000E+0	2.927305E-1	4.414048E-1	3.301310E+2	6.766900E+1	1.410000E+0
6.300000E+0	2.927305E-1	4.414048E-1	3.301310E+2	6.766900E+1	1.410000E+0
6.412000E+0	2.970826E-1	4.525225E-1	3.301310E+2	6.766900E+1	1.410000E+0
6.421000E+0	2.970826E-1	4.525225E-1	3.301310E+2	6.766900E+1	1.410000E+0
6.502000E+0	2.983663E-1	4.560062E-1	3.301310E+2	6.766900E+1	1.410000E+0
6.515000E+0	2.983663E-1	4.560062E-1	3.301310E+2	6.766900E+1	1.410000E+0
6.597000E+0	2.983559E-1	4.559389E-1	3.301310E+2	6.766900E+1	1.410000E+0
6.605000E+0	2.983559E-1	4.559389E-1	3.301310E+2	6.766900E+1	1.410000E+0
6.690000E+0	3.094039E-1	4.842570E-1	3.301310E+2	6.766900E+1	1.410000E+0
6.699000E+0	3.094039E-1	4.842570E-1	3.301310E+2	6.766900E+1	1.410000E+0
6.781000E+0	3.094326E-1	4.842911E-1	3.301310E+2	6.766900E+1	1.410000E+0
6.790000E+0	3.094326E-1	4.842911E-1	3.301310E+2	6.766900E+1	1.410000E+0
6.903000E+0	3.204577E-1	5.131701E-1	3.301310E+2	6.766900E+1	1.410000E+0
6.912000E+0	3.204577E-1	5.131701E-1	3.301310E+2	6.766900E+1	1.410000E+0
6.992000E+0	3.204677E-1	5.133403E-1	3.301310E+2	6.766900E+1	1.410000E+0
7.000000E+0	3.204677E-1	5.133403E-1	3.301310E+2	6.766900E+1	1.410000E+0
7.081000E+0	3.315054E-1	5.429327E-1	3.301310E+2	6.766900E+1	1.410000E+0
7.090000E+0	3.315054E-1	5.429327E-1	3.301310E+2	6.766900E+1	1.410000E+0
7.171000E+0	3.315089E-1	5.429769E-1	3.301310E+2	6.766900E+1	1.410000E+0
7.180000E+0	3.315089E-1	5.429769E-1	3.301310E+2	6.766900E+1	1.410000E+0
7.261000E+0	3.406356E-1	5.676214E-1	3.301310E+2	6.766900E+1	1.410000E+0
7.270000E+0	3.406356E-1	5.676214E-1	3.301310E+2	6.766900E+1	1.410000E+0
7.385000E+0	3.425063E-1	5.729193E-1	3.301310E+2	6.766900E+1	1.410000E+0
7.394000E+0	3.425063E-1	5.729193E-1	3.301310E+2	6.766900E+1	1.410000E+0
7.478000E+0	3.462878E-1	5.870758E-1	3.301310E+2	6.766900E+1	1.410000E+0
7.486000E+0	3.462878E-1	5.870758E-1	3.301310E+2	6.766900E+1	1.410000E+0
7.571000E+0	3.480317E-1	5.882548E-1	3.301310E+2	6.766900E+1	1.410000E+0
7.584000E+0	3.480317E-1	5.882548E-1	3.301310E+2	6.766900E+1	1.410000E+0
7.668000E+0	3.480311E-1	5.882352E-1	3.301310E+2	6.766900E+1	1.410000E+0
7.677000E+0	3.480311E-1	5.882352E-1	3.301310E+2	6.766900E+1	1.410000E+0
7.763000E+0	3.590672E-1	6.189550E-1	3.301310E+2	6.766900E+1	1.410000E+0
7.771000E+0	3.590672E-1	6.189550E-1	3.301310E+2	6.766900E+1	1.410000E+0
7.883000E+0	3.590750E-1	6.191804E-1	3.301310E+2	6.766900E+1	1.410000E+0
7.891000E+0	3.590750E-1	6.191804E-1	3.301310E+2	6.766900E+1	1.410000E+0
7.972000E+0	3.700691E-1	6.499865E-1	3.301310E+2	6.766900E+1	1.410000E+0
7.981000E+0	3.700691E-1	6.499865E-1	3.301310E+2	6.766900E+1	1.410000E+0
8.062000E+0	3.700931E-1	6.500312E-1	3.301310E+2	6.766900E+1	1.410000E+0
8.071000E+0	3.700931E-1	6.500312E-1	3.301310E+2	6.766900E+1	1.410000E+0
8.152000E+0	3.780843E-1	6.727033E-1	3.301310E+2	6.766900E+1	1.410000E+0
8.161000E+0	3.780843E-1	6.727033E-1	3.301310E+2	6.766900E+1	1.410000E+0
8.241000E+0	3.811186E-1	6.816492E-1	3.301310E+2	6.766900E+1	1.410000E+0
8.250000E+0	3.811186E-1	6.816492E-1	3.301310E+2	6.766900E+1	1.410000E+0
8.363000E+0	3.896223E-1	7.062285E-1	3.301310E+2	6.766900E+1	1.410000E+0
8.373000E+0	3.896223E-1	7.062285E-1	3.301310E+2	6.766900E+1	1.410000E+0
8.453000E+0	3.920740E-1	7.134089E-1	3.301310E+2	6.766900E+1	1.410000E+0
8.462000E+0	3.920740E-1	7.134089E-1	3.301310E+2	6.766900E+1	1.410000E+0
8.542000E+0	4.009106E-1	7.392248E-1	3.301310E+2	6.766900E+1	1.410000E+0
8.555000E+0	4.009106E-1	7.392248E-1	3.301310E+2	6.766900E+1	1.410000E+0
8.638000E+0	4.031109E-1	7.458650E-1	3.301310E+2	6.766900E+1	1.410000E+0
8.647000E+0	4.031109E-1	7.458650E-1	3.301310E+2	6.766900E+1	1.410000E+0
8.732000E+0	4.031067E-1	7.459624E-1	3.301310E+2	6.766900E+1	1.410000E+0
8.741000E+0	4.031067E-1	7.459624E-1	3.301310E+2	6.766900E+1	1.410000E+0
8.853000E+0	4.066960E-1	7.564860E-1	3.301310E+2	6.766900E+1	1.410000E+0
8.861000E+0	4.066960E-1	7.564860E-1	3.301310E+2	6.766900E+1	1.410000E+0
8.942000E+0	4.085936E-1	7.621751E-1	3.301310E+2	6.766900E+1	1.410000E+0
8.951000E+0	4.085936E-1	7.621751E-1	3.301310E+2	6.766900E+1	1.410000E+0
9.032000E+0	4.148257E-1	7.806725E-1	3.301310E+2	6.766900E+1	1.410000E+0
9.041000E+0	4.148257E-1	7.806725E-1	3.301310E+2	6.766900E+1	1.410000E+0
9.122000E+0	4.196434E-1	7.952006E-1	3.301310E+2	6.766900E+1	1.410000E+0
9.131000E+0	4.196434E-1	7.952006E-1	3.301310E+2	6.766900E+1	1.410000E+0
9.212000E+0	4.279610E-1	8.201188E-1	3.301310E+2	6.766900E+1	1.410000E+0
9.221000E+0	4.279610E-1	8.201188E-1	3.301310E+2	6.766900E+1	1.410000E+0
9.333000E+0	4.306312E-1	8.281714E-1	3.301310E+2	6.766900E+1	1.410000E+0
9.342000E+0	4.306312E-1	8.281714E-1	3.301310E+2	6.766900E+1	1.410000E+0
9.422000E+0	4.390675E-1	8.536273E-1	3.301310E+2	6.766900E+1	1.410000E+0
9.431000E+0	4.390675E-1	8.536273E-1	3.301310E+2	6.766900E+1	1.410000E+0
9.513000E+0	4.416692E-1	8.617307E-1	3.301310E+2	6.766900E+1	1.410000E+0
9.525000E+0	4.416692E-1	8.617307E-1	3.301310E+2	6.766900E+1	1.410000E+0
9.609000E+0	4.502213E-1	8.952422E-1	3.301310E+2	6.766900E+1	1.410000E+0
9.618000E+0	4.502213E-1	8.952422E-1	3.301310E+2	6.766900E+1	1.410000E+0
9.702000E+0	4.526917E-1	8.954135E-1	3.301310E+2	6.766900E+1	1.410000E+0
9.711000E+0	4.526917E-1	8.954135E-1	3.301310E+2	6.766900E+1	1.410000E+0
9.824000E+0	4.526869E-1	8.954391E-1	3.301310E+2	6.766900E+1	1.410000E+0
9.832000E+0	4.526869E-1	8.954391E-1	3.301310E+2	6.766900E+1	1.410000E+0
9.913000E+0	4.582131E-1	9.124427E-1	3.301310E+2	6.766900E+1	1.410000E+0
9.922000E+0	4.582131E-1	9.124427E-1	3.301310E+2	6.766900E+1	1.410000E+0
1.000300E+1	4.582249E-1	9.125100E-1	3.301310E+2	6.766900E+1	1.410000E+0
1.001200E+1	4.582249E-1	9.125100E-1	3.301310E+2	6.766900E+1	1.410000E+0
1.009200E+1	4.692332E-1	9.465362E-1	3.301310E+2	6.766900E+1	1.410000E+0
1.010100E+1	4.692332E-1	9.465362E-1	3.301310E+2	6.766900E+1	1.410000E+0
1.018300E+1	4.692376E-1	9.465774E-1	3.301310E+2	6.766900E+1	1.410000E+0
1.019200E+1	4.692376E-1	9.465774E-1	3.301310E+2	6.766900E+1	1.410000E+0
1.030400E+1	4.751728E-1	9.649683E-1	3.301310E+2	6.766900E+1	1.410000E+0
1.031300E+1	4.751728E-1	9.649683E-1	3.301310E+2	6.766900E+1	1.410000E+0
1.039300E+1	4.802224E-1	9.810058E-1	3.301310E+2	6.766900E+1	1.410000E+0
1.040200E+1	4.802224E-1	9.810058E-1	3.301310E+2	6.766900E+1	1.410000E+0
1.048300E+1	4.859427E-1	9.988485E-1	3.301310E+2	6.766900E+1	1.410000E+0
1.049200E+1	4.859427E-1	9.988485E-1	3.301310E+2	6.766900E+1	1.410000E+0
1.057400E+1	4.912433E-1	1.015633E+0	3.301310E+2	6.766900E+1	1.410000E+0
1.058700E+1	4.912433E-1	1.015633E+0	3.301310E+2	6.766900E+1	1.410000E+0
1.066900E+1	4.957609E-1	1.033028E+0	3.301310E+2	6.766900E+1	1.410000E+0
1.067800E+1	4.957609E-1	1.033028E+0	3.301310E+2	6.766900E+1	1.410000E+0
1.079500E+1	5.022678E-1	1.050459E+0	3.301310E+2	6.766900E+1	1.410000E+0
1.080400E+1	5.022678E-1	1.050459E+0	3.301310E+2	6.766900E+1	1.410000E+0
1.088300E+1	5.022737E-1	1.050680E+0	3.301310E+2	6.766900E+1	1.410000E+0
1.089200E+1	5.022737E-1	1.050680E+0	3.301310E+2	6.766900E+1	1.410000E+0
1.097300E+1	5.077904E-1	1.068218E+0	3.301310E+2	6.766900E+1	1.410000E+0
1.098200E+1	5.077904E-1	1.068218E+0	3.301310E+2	6.766900E+1	1.410000E+0
1.106300E+1	5.077872E-1	1.068264E+0	3.301310E+2	6.766900E+1	1.410000E+0
1.107300E+1	5.077872E-1	1.068264E+0	3.301310E+2	6.766900E+1	1.410000E+0
1.115300E+1	5.187736E-1	1.103273E+0	3.301310E+2	6.766900E+1	1.410000E+0
1.116300E+1	5.187736E-1	1.103273E+0	3.301310E+2	6.766900E+1	1.410000E+0
1.127500E+1	5.187744E-1	1.103367E+0	3.301310E+2	6.766900E+1	1.410000E+0
1.128400E+1	5.187744E-1	1.103367E+0	3.301310E+2	6.766900E+1	1.410000E+0
1.136300E+1	5.297903E-1	1.138801E+0	3.301310E+2	6.766900E+1	1.410000E+0
1.137200E+1	5.297903E-1	1.138801E+0	3.301310E+2	6.766900E+1	1.410000E+0
1.145400E+1	5.298046E-1	1.138884E+0	3.301310E+2	6.766900E+1	1.410000E+0
1.146300E+1	5.298046E-1	1.138884E+0	3.301310E+2	6.766900E+1	1.410000E+0
1.154400E+1	5.381045E-1	1.165677E+0	3.301310E+2	6.766900E+1	1.410000E+0
1.155700E+1	5.381045E-1	1.165677E+0	3.301310E+2	6.766900E+1	1.410000E+0
1.164000E+1	5.408227E-1	1.174562E+0	3.301310E+2	6.766900E+1	1.410000E+0
1.164900E+1	5.408227E-1	1.174562E+0	3.301310E+2	6.766900E+1	1.410000E+0
1.176700E+1	5.503181E-1	1.205327E+0	3.301310E+2	6.766900E+1	1.410000E+0
1.177600E+1	5.503181E-1	1.205327E+0	3.301310E+2	6.766900E+1	1.410000E+0
1.186000E+1	5.518478E-1	1.210469E+0	3.301310E+2	6.766900E+1	1.410000E+0
1.186800E+1	5.518478E-1	1.210469E+0	3.301310E+2	6.766900E+1	1.410000E+0
1.195400E+1	5.518410E-1	1.210499E+0	3.301310E+2	6.766900E+1	1.410000E+0
1.196300E+1	5.518410E-1	1.210499E+0	3.301310E+2	6.766900E+1	1.410000E+0
1.204400E+1	5.627558E-1	1.246202E+0	3.301310E+2	6.766900E+1	1.410000E+0
1.205300E+1	5.627558E-1	1.246202E+0	3.301310E+2	6.766900E+1	1.410000E+0
1.213500E+1	5.627707E-1	1.246311E+0	3.301310E+2	6.766900E+1	1.410000E+0
1.214300E+1	5.627707E-1	1.246311E+0	3.301310E+2	6.766900E+1	1.410000E+0
1.225500E+1	5.682914E-1	1.264544E+0	3.301310E+2	6.766900E+1	1.410000E+0
1.226400E+1	5.682914E-1	1.264544E+0	3.301310E+2	6.766900E+1	1.410000E+0
1.234400E+1	5.683075E-1	1.264620E+0	3.301310E+2	6.766900E+1	1.410000E+0
1.235200E+1	5.683075E-1	1.264620E+0	3.301310E+2	6.766900E+1	1.410000E+0
1.243300E+1	5.766535E-1	1.292048E+0	3.301310E+2	6.766900E+1	1.410000E+0
1.244200E+1	5.766535E-1	1.292048E+0	3.301310E+2	6.766900E+1	1.410000E+0
1.252400E+1	5.793288E-1	1.301011E+0	3.301310E+2	6.766900E+1	1.410000E+0
1.253800E+1	5.793288E-1	1.301011E+0	3.301310E+2	6.766900E+1	1.410000E+0
1.262100E+1	5.885295E-1	1.337630E+0	3.301310E+2	6.766900E+1	1.410000E+0
1.263000E+1	5.885295E-1	1.337630E+0	3.301310E+2	6.766900E+1	1.410000E+0
1.274600E+1	5.903487E-1	1.337464E+0	3.301310E+2	6.766900E+1	1.410000E+0
1.275300E+1	5.903487E-1	1.337464E+0	3.301310E+2	6.766900E+1	1.410000E+0
1.283500E+1	5.988020E-1	1.365392E+0	3.301310E+2	6.766900E+1	1.410000E+0
1.284400E+1	5.988020E-1	1.365392E+0	3.301310E+2	6.766900E+1	1.410000E+0
1.292400E+1	6.013840E-1	1.374226E+0	3.301310E+2	6.766900E+1	1.410000E+0
1.293300E+1	6.013840E-1	1.374226E+0	3.301310E+2	6.766900E+1	1.410000E+0
1.301500E+1	6.013778E-1	1.374214E+0	3.301310E+2	6.766900E+1	1.410000E+0
1.302400E+1	6.013778E-1	1.374214E+0	3.301310E+2	6.766900E+1	1.410000E+0
1.310400E+1	6.123572E-1	1.410908E+0	3.301310E+2	6.766900E+1	1.410000E+0
1.311300E+1	6.123572E-1	1.410908E+0	3.301310E+2	6.766900E+1	1.410000E+0
1.322500E+1	6.123677E-1	1.410981E+0	3.301310E+2	6.766900E+1	1.410000E+0
1.323400E+1	6.123677E-1	1.410981E+0	3.301310E+2	6.766900E+1	1.410000E+0
1.331400E+1	6.178680E-1	1.429466E+0	3.301310E+2	6.766900E+1	1.410000E+0
1.332400E+1	6.178680E-1	1.429466E+0	3.301310E+2	6.766900E+1	1.410000E+0
1.340400E+1	6.178710E-1	1.429505E+0	3.301310E+2	6.766900E+1	1.410000E+0
1.341200E+1	6.178710E-1	1.429505E+0	3.301310E+2	6.766900E+1	1.410000E+0
1.349500E+1	6.272754E-1	1.461100E+0	3.301310E+2	6.766900E+1	1.410000E+0
1.350800E+1	6.272754E-1	1.461100E+0	3.301310E+2	6.766900E+1	1.410000E+0
1.359200E+1	6.288909E-1	1.466660E+0	3.301310E+2	6.766900E+1	1.410000E+0
1.360000E+1	6.288909E-1	1.466660E+0	3.301310E+2	6.766900E+1	1.410000E+0
1.371600E+1	6.389529E-1	1.500518E+0	3.301310E+2	6.766900E+1	1.410000E+0
1.372400E+1	6.389529E-1	1.500518E+0	3.301310E+2	6.766900E+1	1.410000E+0
1.380500E+1	6.399397E-1	1.504028E+0	3.301310E+2	6.766900E+1	1.410000E+0
1.381500E+1	6.399397E-1	1.504028E+0	3.301310E+2	6.766900E+1	1.410000E+0
1.389400E+1	6.484653E-1	1.532892E+0	3.301310E+2	6.766900E+1	1.410000E+0
1.390300E+1	6.484653E-1	1.532892E+0	3.301310E+2	6.766900E+1	1.410000E+0
1.398500E+1	6.509640E-1	1.541448E+0	3.301310E+2	6.766900E+1	1.410000E+0
1.399400E+1	6.509640E-1	1.541448E+0	3.301310E+2	6.766900E+1	1.410000E+0
1.407500E+1	6.509596E-1	1.541505E+0	3.301310E+2	6.766900E+1	1.410000E+0
1.408400E+1	6.509596E-1	1.541505E+0	3.301310E+2	6.766900E+1	1.410000E+0
1.419700E+1	6.620344E-1	1.579215E+0	3.301310E+2	6.766900E+1	1.410000E+0
1.420600E+1	6.620344E-1	1.579215E+0	3.301310E+2	6.766900E+1	1.410000E+0
1.428500E+1	6.620410E-1	1.579350E+0	3.301310E+2	6.766900E+1	1.410000E+0
1.429400E+1	6.620410E-1	1.579350E+0	3.301310E+2	6.766900E+1	1.410000E+0
1.437600E+1	6.730674E-1	1.617105E+0	3.301310E+2	6.766900E+1	1.410000E+0
1.438500E+1	6.730674E-1	1.617105E+0	3.301310E+2	6.766900E+1	1.410000E+0
1.446600E+1	6.730653E-1	1.617162E+0	3.301310E+2	6.766900E+1	1.410000E+0
1.447600E+1	6.730653E-1	1.617162E+0	3.301310E+2	6.766900E+1	1.410000E+0
1.455600E+1	6.772427E-1	1.631534E+0	3.301310E+2	6.766900E+1	1.410000E+0
1.456900E+1	6.772427E-1	1.631534E+0	3.301310E+2	6.766900E+1	1.410000E+0
1.468200E+1	6.786120E-1	1.636413E+0	3.301310E+2	6.766900E+1	1.410000E+0
1.469000E+1	6.786120E-1	1.636413E+0	3.301310E+2	6.766900E+1	1.410000E+0
1.477500E+1	6.882201E-1	1.669355E+0	3.301310E+2	6.766900E+1	1.410000E+0
1.478400E+1	6.882201E-1	1.669355E+0	3.301310E+2	6.766900E+1	1.410000E+0
1.486600E+1	6.896519E-1	1.674486E+0	3.301310E+2	6.766900E+1	1.410000E+0
1.487500E+1	6.896519E-1	1.674486E+0	3.301310E+2	6.766900E+1	1.410000E+0
1.495500E+1	6.979587E-1	1.703317E+0	3.301310E+2	6.766900E+1	1.410000E+0
1.496400E+1	6.979587E-1	1.703317E+0	3.301310E+2	6.766900E+1	1.410000E+0
1.504600E+1	7.006684E-1	1.712805E+0	3.301310E+2	6.766900E+1	1.410000E+0
1.505500E+1	7.006684E-1	1.712805E+0	3.301310E+2	6.766900E+1	1.410000E+0
1.516700E+1	7.006572E-1	1.712792E+0	3.301310E+2	6.766900E+1	1.410000E+0
1.517600E+1	7.006572E-1	1.712792E+0	3.301310E+2	6.766900E+1	1.410000E+0
1.525500E+1	7.116992E-1	1.751268E+0	3.301310E+2	6.766900E+1	1.410000E+0
1.526400E+1	7.116992E-1	1.751268E+0	3.301310E+2	6.766900E+1	1.410000E+0
1.534500E+1	7.116990E-1	1.751328E+0	3.301310E+2	6.766900E+1	1.410000E+0
1.535300E+1	7.116990E-1	1.751328E+0	3.301310E+2	6.766900E+1	1.410000E+0
1.543600E+1	7.227161E-1	1.789912E+0	3.301310E+2	6.766900E+1	1.410000E+0
1.544400E+1	7.227161E-1	1.789912E+0	3.301310E+2	6.766900E+1	1.410000E+0
1.552700E+1	7.227169E-1	1.790044E+0	3.301310E+2	6.766900E+1	1.410000E+0
1.554000E+1	7.227169E-1	1.790044E+0	3.301310E+2	6.766900E+1	1.410000E+0
1.565300E+1	7.252282E-1	1.799824E+0	3.301310E+2	6.766900E+1	1.410000E+0
1.566100E+1	7.252282E-1	1.799824E+0	3.301310E+2	6.766900E+1	1.410000E+0
1.574600E+1	7.282202E-1	1.809487E+0	3.301310E+2	6.766900E+1	1.410000E+0
1.575500E+1	7.282202E-1	1.809487E+0	3.301310E+2	6.766900E+1	1.410000E+0
1.583600E+1	7.347863E-1	1.832546E+0	3.301310E+2	6.766900E+1	1.410000E+0
1.584400E+1	7.347863E-1	1.832546E+0	3.301310E+2	6.766900E+1	1.410000E+0
1.592600E+1	7.391294E-1	1.847941E+0	3.301310E+2	6.766900E+1	1.410000E+0
1.593500E+1	7.391294E-1	1.847941E+0	3.301310E+2	6.766900E+1	1.410000E+0
1.601600E+1	7.446466E-1	1.867429E+0	3.301310E+2	6.766900E+1	1.410000E+0
1.602400E+1	7.446466E-1	1.867429E+0	3.301310E+2	6.766900E+1	1.410000E+0
1.613700E+1	7.501766E-1	1.887021E+0	3.301310E+2	6.766900E+1	1.410000E+0
1.614500E+1	7.501766E-1	1.887021E+0	3.301310E+2	6.766900E+1	1.410000E+0
1.622700E+1	7.501808E-1	1.887098E+0	3.301310E+2	6.766900E+1	1.410000E+0
1.623500E+1	7.501808E-1	1.887098E+0	3.301310E+2	6.766900E+1	1.410000E+0
1.631600E+1	7.611907E-1	1.926114E+0	3.301310E+2	6.766900E+1	1.410000E+0
1.632500E+1	7.611907E-1	1.926114E+0	3.301310E+2	6.766900E+1	1.410000E+0
1.640600E+1	7.611991E-1	1.926255E+0	3.301310E+2	6.766900E+1	1.410000E+0
1.641600E+1	7.611991E-1	1.926255E+0	3.301310E+2	6.766900E+1	1.410000E+0
1.649600E+1	7.722120E-1	1.965458E+0	3.301310E+2	6.766900E+1	1.410000E+0
1.650800E+1	7.722120E-1	1.965458E+0	3.301310E+2	6.766900E+1	1.410000E+0
1.662600E+1	7.722361E-1	1.965656E+0	3.301310E+2	6.766900E+1	1.410000E+0
1.663600E+1	7.722361E-1	1.965656E+0	3.301310E+2	6.766900E+1	1.410000E+0
1.672300E+1	7.767105E-1	1.985320E+0	3.301310E+2	6.766900E+1	1.410000E+0
1.673200E+1	7.767105E-1	1.985320E+0	3.301310E+2	6.766900E+1	1.410000E+0
1.681600E+1	7.777504E-1	1.985439E+0	3.301310E+2	6.766900E+1	1.410000E+0
1.682500E+1	7.777504E-1	1.985439E+0	3.301310E+2	6.766900E+1	1.410000E+0
1.690600E+1	7.867847E-1	2.017595E+0	3.301310E+2	6.766900E+1	1.410000E+0
1.691500E+1	7.867847E-1	2.017595E+0	3.301310E+2	6.766900E+1	1.410000E+0
1.699600E+1	7.887429E-1	2.024778E+0	3.301310E+2	6.766900E+1	1.410000E+0
1.700600E+1	7.887429E-1	2.024778E+0	3.301310E+2	6.766900E+1	1.410000E+0
1.712000E+1	7.980891E-1	2.058345E+0	3.301310E+2	6.766900E+1	1.410000E+0
1.712900E+1	7.980891E-1	2.058345E+0	3.301310E+2	6.766900E+1	1.410000E+0
1.721300E+1	7.997828E-1	2.064513E+0	3.301310E+2	6.766900E+1	1.410000E+0
1.722100E+1	7.997828E-1	2.064513E+0	3.301310E+2	6.766900E+1	1.410000E+0
1.730700E+1	7.997904E-1	2.064531E+0	3.301310E+2	6.766900E+1	1.410000E+0
1.731500E+1	7.997904E-1	2.064531E+0	3.301310E+2	6.766900E+1	1.410000E+0
1.739600E+1	8.107716E-1	2.104138E+0	3.301310E+2	6.766900E+1	1.410000E+0
1.740500E+1	8.107716E-1	2.104138E+0	3.301310E+2	6.766900E+1	1.410000E+0
1.748500E+1	8.107740E-1	2.104230E+0	3.301310E+2	6.766900E+1	1.410000E+0
1.749400E+1	8.107740E-1	2.104230E+0	3.301310E+2	6.766900E+1	1.410000E+0
1.761000E+1	8.218138E-1	2.144067E+0	3.301310E+2	6.766900E+1	1.410000E+0
1.763000E+1	8.218138E-1	2.144067E+0	3.301310E+2	6.766900E+1	1.410000E+0
1.770200E+1	8.218222E-1	2.144237E+0	3.301310E+2	6.766900E+1	1.410000E+0
1.771100E+1	8.218222E-1	2.144237E+0	3.301310E+2	6.766900E+1	1.410000E+0
1.779600E+1	8.320211E-1	2.181110E+0	3.301310E+2	6.766900E+1	1.410000E+0
1.780500E+1	8.320211E-1	2.181110E+0	3.301310E+2	6.766900E+1	1.410000E+0
1.788600E+1	8.328058E-1	2.184060E+0	3.301310E+2	6.766900E+1	1.410000E+0
1.789500E+1	8.328058E-1	2.184060E+0	3.301310E+2	6.766900E+1	1.410000E+0
1.797600E+1	8.370954E-1	2.199617E+0	3.301310E+2	6.766900E+1	1.410000E+0
1.798500E+1	8.370954E-1	2.199617E+0	3.301310E+2	6.766900E+1	1.410000E+0
1.809700E+1	8.382991E-1	2.204107E+0	3.301310E+2	6.766900E+1	1.410000E+0
1.810500E+1	8.382991E-1	2.204107E+0	3.301310E+2	6.766900E+1	1.410000E+0
1.818600E+1	8.472111E-1	2.236475E+0	3.301310E+2	6.766900E+1	1.410000E+0
1.819500E+1	8.472111E-1	2.236475E+0	3.301310E+2	6.766900E+1	1.410000E+0
1.827600E+1	8.493415E-1	2.244294E+0	3.301310E+2	6.766900E+1	1.410000E+0
1.828500E+1	8.493415E-1	2.244294E+0	3.301310E+2	6.766900E+1	1.410000E+0
1.836600E+1	8.493268E-1	2.244341E+0	3.301310E+2	6.766900E+1	1.410000E+0
1.837500E+1	8.493268E-1	2.244341E+0	3.301310E+2	6.766900E+1	1.410000E+0
1.845700E+1	8.603586E-1	2.284614E+0	3.301310E+2	6.766900E+1	1.410000E+0
1.846600E+1	8.603586E-1	2.284614E+0	3.301310E+2	6.766900E+1	1.410000E+0
1.857700E+1	8.603678E-1	2.284654E+0	3.301310E+2	6.766900E+1	1.410000E+0
1.859100E+1	8.603678E-1	2.284654E+0	3.301310E+2	6.766900E+1	1.410000E+0
1.867600E+1	8.713570E-1	2.324958E+0	3.301310E+2	6.766900E+1	1.410000E+0
1.868500E+1	8.713570E-1	2.324958E+0	3.301310E+2	6.766900E+1	1.410000E+0
1.876600E+1	8.713635E-1	2.325018E+0	3.301310E+2	6.766900E+1	1.410000E+0
1.877500E+1	8.713635E-1	2.325018E+0	3.301310E+2	6.766900E+1	1.410000E+0
1.885600E+1	8.803933E-1	2.358131E+0	3.301310E+2	6.766900E+1	1.410000E+0
1.886400E+1	8.803933E-1	2.358131E+0	3.301310E+2	6.766900E+1	1.410000E+0
1.894600E+1	8.824046E-1	2.365588E+0	3.301310E+2	6.766900E+1	1.410000E+0
1.895500E+1	8.824046E-1	2.365588E+0	3.301310E+2	6.766900E+1	1.410000E+0
1.906800E+1	8.870988E-1	2.382718E+0	3.301310E+2	6.766900E+1	1.410000E+0
1.907700E+1	8.870988E-1	2.382718E+0	3.301310E+2	6.766900E+1	1.410000E+0
1.915600E+1	8.879302E-1	2.386002E+0	3.301310E+2	6.766900E+1	1.410000E+0
1.916500E+1	8.879302E-1	2.386002E+0	3.301310E+2	6.766900E+1	1.410000E+0
1.924700E+1	8.965723E-1	2.417843E+0	3.301310E+2	6.766900E+1	1.410000E+0
1.925600E+1	8.965723E-1	2.417843E+0	3.301310E+2	6.766900E+1	1.410000E+0
1.933600E+1	8.989459E-1	2.426698E+0	3.301310E+2	6.766900E+1	1.410000E+0
1.934600E+1	8.989459E-1	2.426698E+0	3.301310E+2	6.766900E+1	1.410000E+0
1.942700E+1	8.989395E-1	2.426722E+0	3.301310E+2	6.766900E+1	1.410000E+0
1.943600E+1	8.989395E-1	2.426722E+0	3.301310E+2	6.766900E+1	1.410000E+0
1.954800E+1	9.099622E-1	2.467382E+0	3.301310E+2	6.766900E+1	1.410000E+0
1.956200E+1	9.099622E-1	2.467382E+0	3.301310E+2	6.766900E+1	1.410000E+0
1.964200E+1	9.099752E-1	2.467522E+0	3.301310E+2	6.766900E+1	1.410000E+0
1.965100E+1	9.099752E-1	2.467522E+0	3.301310E+2	6.766900E+1	1.410000E+0
1.973700E+1	9.209091E-1	2.507988E+0	3.301310E+2	6.766900E+1	1.410000E+0
1.974600E+1	9.209091E-1	2.507988E+0	3.301310E+2	6.766900E+1	1.410000E+0
1.982600E+1	9.208989E-1	2.508003E+0	3.301310E+2	6.766900E+1	1.410000E+0
1.983400E+1	9.208989E-1	2.508003E+0	3.301310E+2	6.766900E+1	1.410000E+0
1.991600E+1	9.293881E-1	2.539405E+0	3.301310E+2	6.766900E+1	1.410000E+0
1.992500E+1	9.293881E-1	2.539405E+0	3.301310E+2	6.766900E+1	1.410000E+0
2.003700E+1	9.319463E-1	2.549057E+0	3.301310E+2	6.766900E+1	1.410000E+0
2.004600E+1	9.319463E-1	2.549057E+0	3.301310E+2	6.766900E+1	1.410000E+0
2.012600E+1	9.394454E-1	2.576915E+0	3.301310E+2	6.766900E+1	1.410000E+0
2.013500E+1	9.394454E-1	2.576915E+0	3.301310E+2	6.766900E+1	1.410000E+0
2.021600E+1	9.429519E-1	2.590119E+0	3.301310E+2	6.766900E+1	1.410000E+0
2.022500E+1	9.429519E-1	2.590119E+0	3.301310E+2	6.766900E+1	1.410000E+0
2.030700E+1	9.473295E-1	2.606449E+0	3.301310E+2	6.766900E+1	1.410000E+0
2.031500E+1	9.473295E-1	2.606449E+0	3.301310E+2	6.766900E+1	1.410000E+0
2.039700E+1	9.484575E-1	2.610697E+0	3.301310E+2	6.766900E+1	1.410000E+0
2.040600E+1	9.484575E-1	2.610697E+0	3.301310E+2	6.766900E+1	1.410000E+0
2.051600E+1	9.484599E-1	2.610767E+0	3.301310E+2	6.766900E+1	1.410000E+0
2.052900E+1	9.484599E-1	2.610767E+0	3.301310E+2	6.766900E+1	1.410000E+0
2.061200E+1	9.594473E-1	2.651810E+0	3.301310E+2	6.766900E+1	1.410000E+0
2.062100E+1	9.594473E-1	2.651810E+0	3.301310E+2	6.766900E+1	1.410000E+0
2.070600E+1	9.594523E-1	2.651857E+0	3.301310E+2	6.766900E+1	1.410000E+0
2.071500E+1	9.594523E-1	2.651857E+0	3.301310E+2	6.766900E+1	1.410000E+0
2.079600E+1	9.704764E-1	2.693058E+0	3.301310E+2	6.766900E+1	1.410000E+0
2.080500E+1	9.704764E-1	2.693058E+0	3.301310E+2	6.766900E+1	1.410000E+0
2.088700E+1	9.704684E-1	2.693138E+0	3.301310E+2	6.766900E+1	1.410000E+0
2.089600E+1	9.704684E-1	2.693138E+0	3.301310E+2	6.766900E+1	1.410000E+0
2.100800E+1	9.787958E-1	2.724383E+0	3.301310E+2	6.766900E+1	1.410000E+0
2.101800E+1	9.787958E-1	2.724383E+0	3.301310E+2	6.766900E+1	1.410000E+0
2.109700E+1	9.814941E-1	2.734644E+0	3.301310E+2	6.766900E+1	1.410000E+0
2.110600E+1	9.814941E-1	2.734644E+0	3.301310E+2	6.766900E+1	1.410000E+0
2.118600E+1	9.899041E-1	2.766206E+0	3.301310E+2	6.766900E+1	1.410000E+0
2.119500E+1	9.899041E-1	2.766206E+0	3.301310E+2	6.766900E+1	1.410000E+0
2.127600E+1	9.925423E-1	2.776176E+0	3.301310E+2	6.766900E+1	1.410000E+0
2.128500E+1	9.925423E-1	2.776176E+0	3.301310E+2	6.766900E+1	1.410000E+0
2.136500E+1	9.970468E-1	2.793090E+0	3.301310E+2	6.766900E+1	1.410000E+0
2.137300E+1	9.970468E-1	2.793090E+0	3.301310E+2	6.766900E+1	1.410000E+0
2.149000E+1	9.980697E-1	2.797061E+0	3.301310E+2	6.766900E+1	1.410000E+0
2.149900E+1	9.980697E-1	2.797061E+0	3.301310E+2	6.766900E+1	1.410000E+0
2.158200E+1	9.980695E-1	2.797166E+0	3.301310E+2	6.766900E+1	1.410000E+0
2.160200E+1	9.980695E-1	2.797166E+0	3.301310E+2	6.766900E+1	1.410000E+0
2.168600E+1	1.009252E+0	2.839283E+0	3.301310E+2	6.766900E+1	1.410000E+0
2.169500E+1	1.009252E+0	2.839283E+0	3.301310E+2	6.766900E+1	1.410000E+0
2.177600E+1	1.009260E+0	2.839309E+0	3.301310E+2	6.766900E+1	1.410000E+0
2.178500E+1	1.009260E+0	2.839309E+0	3.301310E+2	6.766900E+1	1.410000E+0
2.186700E+1	1.018558E+0	2.874437E+0	3.301310E+2	6.766900E+1	1.410000E+0
2.187600E+1	1.018558E+0	2.874437E+0	3.301310E+2	6.766900E+1	1.410000E+0
2.198300E+1	1.020317E+0	2.881207E+0	3.301310E+2	6.766900E+1	1.410000E+0
2.199200E+1	1.020317E+0	2.881207E+0	3.301310E+2	6.766900E+1	1.410000E+0
2.207600E+1	1.027378E+0	2.907931E+0	3.301310E+2	6.766900E+1	1.410000E+0
2.208500E+1	1.027378E+0	2.907931E+0	3.301310E+2	6.766900E+1	1.410000E+0
2.216700E+1	1.031361E+0	2.923082E+0	3.301310E+2	6.766900E+1	1.410000E+0
2.217600E+1	1.031361E+0	2.923082E+0	3.301310E+2	6.766900E+1	1.410000E+0
2.225600E+1	1.035331E+0	2.938200E+0	3.301310E+2	6.766900E+1	1.410000E+0
2.226500E+1	1.035331E+0	2.938200E+0	3.301310E+2	6.766900E+1	1.410000E+0
2.234600E+1	1.042389E+0	2.964921E+0	3.301310E+2	6.766900E+1	1.410000E+0
2.235500E+1	1.042389E+0	2.964921E+0	3.301310E+2	6.766900E+1	1.410000E+0
2.246700E+1	1.046603E+0	2.980897E+0	3.301310E+2	6.766900E+1	1.410000E+0
2.247600E+1	1.046603E+0	2.980897E+0	3.301310E+2	6.766900E+1	1.410000E+0
2.255600E+1	1.047852E+0	2.985776E+0	3.301310E+2	6.766900E+1	1.410000E+0
2.257000E+1	1.047852E+0	2.985776E+0	3.301310E+2	6.766900E+1	1.410000E+0
2.265200E+1	1.047852E+0	2.985773E+0	3.301310E+2	6.766900E+1	1.410000E+0
2.266100E+1	1.047852E+0	2.985773E+0	3.301310E+2	6.766900E+1	1.410000E+0
2.274600E+1	1.058901E+0	3.027878E+0	3.301310E+2	6.766900E+1	1.410000E+0
2.275500E+1	1.058901E+0	3.027878E+0	3.301310E+2	6.766900E+1	1.410000E+0
2.283700E+1	1.058918E+0	3.027905E+0	3.301310E+2	6.766900E+1	1.410000E+0
2.284600E+1	1.058918E+0	3.027905E+0	3.301310E+2	6.766900E+1	1.410000E+0
2.295800E+1	1.069917E+0	3.069783E+0	3.301310E+2	6.766900E+1	1.410000E+0
2.296600E+1	1.069917E+0	3.069783E+0	3.301310E+2	6.766900E+1	1.410000E+0
2.304600E+1	1.069932E+0	3.069857E+0	3.301310E+2	6.766900E+1	1.410000E+0
2.305400E+1	1.069932E+0	3.069857E+0	3.301310E+2	6.766900E+1	1.410000E+0
2.313600E+1	1.078926E+0	3.104231E+0	3.301310E+2	6.766900E+1	1.410000E+0
2.314500E+1	1.078926E+0	3.104231E+0	3.301310E+2	6.766900E+1	1.410000E+0
2.322600E+1	1.080959E+0	3.112094E+0	3.301310E+2	6.766900E+1	1.410000E+0
2.323500E+1	1.080959E+0	3.112094E+0	3.301310E+2	6.766900E+1	1.410000E+0
2.331500E+1	1.089518E+0	3.144797E+0	3.301310E+2	6.766900E+1	1.410000E+0
2.332400E+1	1.089518E+0	3.144797E+0	3.301310E+2	6.766900E+1	1.410000E+0
2.343800E+1	1.091888E+0	3.153910E+0	3.301310E+2	6.766900E+1	1.410000E+0
2.344700E+1	1.091888E+0	3.153910E+0	3.301310E+2	6.766900E+1	1.410000E+0
2.352600E+1	1.100271E+0	3.185988E+0	3.301310E+2	6.766900E+1	1.410000E+0
2.354000E+1	1.100271E+0	3.185988E+0	3.301310E+2	6.766900E+1	1.410000E+0
2.362200E+1	1.102942E+0	3.196380E+0	3.301310E+2	6.766900E+1	1.410000E+0
2.363000E+1	1.102942E+0	3.196380E+0	3.301310E+2	6.766900E+1	1.410000E+0
2.371600E+1	1.102938E+0	3.196499E+0	3.301310E+2	6.766900E+1	1.410000E+0
2.372500E+1	1.102938E+0	3.196499E+0	3.301310E+2	6.766900E+1	1.410000E+0
2.380700E+1	1.108461E+0	3.217754E+0	3.301310E+2	6.766900E+1	1.410000E+0
2.381600E+1	1.108461E+0	3.217754E+0	3.301310E+2	6.766900E+1	1.410000E+0
2.392800E+1	1.108483E+0	3.217981E+0	3.301310E+2	6.766900E+1	1.410000E+0
2.393700E+1	1.108483E+0	3.217981E+0	3.301310E+2	6.766900E+1	1.410000E+0
2.401600E+1	1.119491E+0	3.260235E+0	3.301310E+2	6.766900E+1	1.410000E+0
2.402500E+1	1.119491E+0	3.260235E+0	3.301310E+2	6.766900E+1	1.410000E+0
2.410600E+1	1.119503E+0	3.260274E+0	3.301310E+2	6.766900E+1	1.410000E+0
2.411600E+1	1.119503E+0	3.260274E+0	3.301310E+2	6.766900E+1	1.410000E+0
2.419600E+1	1.128771E+0	3.295915E+0	3.301310E+2	6.766900E+1	1.410000E+0
2.420400E+1	1.128771E+0	3.295915E+0	3.301310E+2	6.766900E+1	1.410000E+0
2.428700E+1	1.130526E+0	3.302719E+0	3.301310E+2	6.766900E+1	1.410000E+0
2.429600E+1	1.130526E+0	3.302719E+0	3.301310E+2	6.766900E+1	1.410000E+0
2.440800E+1	1.137866E+0	3.331157E+0	3.301310E+2	6.766900E+1	1.410000E+0
2.441700E+1	1.137866E+0	3.331157E+0	3.301310E+2	6.766900E+1	1.410000E+0
2.449500E+1	1.141510E+0	3.345365E+0	3.301310E+2	6.766900E+1	1.410000E+0
2.450900E+1	1.141510E+0	3.345365E+0	3.301310E+2	6.766900E+1	1.410000E+0
2.459300E+1	1.150120E+0	3.378589E+0	3.301310E+2	6.766900E+1	1.410000E+0
2.460100E+1	1.150120E+0	3.378589E+0	3.301310E+2	6.766900E+1	1.410000E+0
2.468700E+1	1.152563E+0	3.387879E+0	3.301310E+2	6.766900E+1	1.410000E+0
2.469500E+1	1.152563E+0	3.387879E+0	3.301310E+2	6.766900E+1	1.410000E+0
2.477600E+1	1.152555E+0	3.388030E+0	3.301310E+2	6.766900E+1	1.410000E+0
2.478500E+1	1.152555E+0	3.388030E+0	3.301310E+2	6.766900E+1	1.410000E+0
2.489700E+1	1.158035E+0	3.409390E+0	3.301310E+2	6.766900E+1	1.410000E+0
2.490600E+1	1.158035E+0	3.409390E+0	3.301310E+2	6.766900E+1	1.410000E+0
2.498600E+1	1.158036E+0	3.409793E+0	3.301310E+2	6.766900E+1	1.410000E+0
2.499500E+1	1.158036E+0	3.409793E+0	3.301310E+2	6.766900E+1	1.410000E+0
2.507600E+1	1.169060E+0	3.452560E+0	3.301310E+2	6.766900E+1	1.410000E+0
2.508500E+1	1.169060E+0	3.452560E+0	3.301310E+2	6.766900E+1	1.410000E+0
2.516600E+1	1.169066E+0	3.453020E+0	3.301310E+2	6.766900E+1	1.410000E+0
2.517500E+1	1.169066E+0	3.453020E+0	3.301310E+2	6.766900E+1	1.410000E+0
2.525600E+1	1.180023E+0	3.494966E+0	3.301310E+2	6.766900E+1	1.410000E+0
2.526600E+1	1.180023E+0	3.494966E+0	3.301310E+2	6.766900E+1	1.410000E+0
2.537600E+1	1.180019E+0	3.495092E+0	3.301310E+2	6.766900E+1	1.410000E+0
2.538600E+1	1.180019E+0	3.495092E+0	3.301310E+2	6.766900E+1	1.410000E+0
2.546600E+1	1.189002E+0	3.529362E+0	3.301310E+2	6.766900E+1	1.410000E+0
2.547500E+1	1.189002E+0	3.529362E+0	3.301310E+2	6.766900E+1	1.410000E+0
2.555600E+1	1.191076E+0	3.539485E+0	3.301310E+2	6.766900E+1	1.410000E+0
2.557000E+1	1.191076E+0	3.539485E+0	3.301310E+2	6.766900E+1	1.410000E+0
2.565100E+1	1.200060E+0	3.581340E+0	3.301310E+2	6.766900E+1	1.410000E+0
2.566000E+1	1.200060E+0	3.581340E+0	3.301310E+2	6.766900E+1	1.410000E+0
2.574100E+1	1.202084E+0	3.581360E+0	3.301310E+2	6.766900E+1	1.410000E+0
2.575000E+1	1.202084E+0	3.581360E+0	3.301310E+2	6.766900E+1	1.410000E+0
2.586300E+1	1.202096E+0	3.581367E+0	3.301310E+2	6.766900E+1	1.410000E+0
2.587200E+1	1.202096E+0	3.581367E+0	3.301310E+2	6.766900E+1	1.410000E+0
2.595500E+1	1.207623E+0	3.602682E+0	3.301310E+2	6.766900E+1	1.410000E+0
2.596300E+1	1.207623E+0	3.602682E+0	3.301310E+2	6.766900E+1	1.410000E+0
2.604500E+1	1.207620E+0	3.603621E+0	3.301310E+2	6.766900E+1	1.410000E+0
2.605400E+1	1.207620E+0	3.603621E+0	3.301310E+2	6.766900E+1	1.410000E+0
2.613600E+1	1.218651E+0	3.646875E+0	3.301310E+2	6.766900E+1	1.410000E+0
2.614500E+1	1.218651E+0	3.646875E+0	3.301310E+2	6.766900E+1	1.410000E+0
2.622500E+1	1.218652E+0	3.646161E+0	3.301310E+2	6.766900E+1	1.410000E+0
2.623400E+1	1.218652E+0	3.646161E+0	3.301310E+2	6.766900E+1	1.410000E+0
2.634900E+1	1.227576E+0	3.683011E+0	3.301310E+2	6.766900E+1	1.410000E+0
2.635700E+1	1.227576E+0	3.683011E+0	3.301310E+2	6.766900E+1	1.410000E+0
2.644200E+1	1.229640E+0	3.690185E+0	3.301310E+2	6.766900E+1	1.410000E+0
2.645200E+1	1.229640E+0	3.690185E+0	3.301310E+2	6.766900E+1	1.410000E+0
2.653600E+1	1.239117E+0	3.728343E+0	3.301310E+2	6.766900E+1	1.410000E+0
2.654900E+1	1.239117E+0	3.728343E+0	3.301310E+2	6.766900E+1	1.410000E+0
2.663100E+1	1.240682E+0	3.734285E+0	3.301310E+2	6.766900E+1	1.410000E+0
2.664000E+1	1.240682E+0	3.734285E+0	3.301310E+2	6.766900E+1	1.410000E+0
2.672500E+1	1.250439E+0	3.771409E+0	3.301310E+2	6.766900E+1	1.410000E+0
2.673400E+1	1.250439E+0	3.771409E+0	3.301310E+2	6.766900E+1	1.410000E+0
2.684600E+1	1.251699E+0	3.780981E+0	3.301310E+2	6.766900E+1	1.410000E+0
2.685600E+1	1.251699E+0	3.780981E+0	3.301310E+2	6.766900E+1	1.410000E+0
2.693600E+1	1.251709E+0	3.777847E+0	3.301310E+2	6.766900E+1	1.410000E+0
2.694500E+1	1.251709E+0	3.777847E+0	3.301310E+2	6.766900E+1	1.410000E+0
2.702500E+1	1.262754E+0	3.822685E+0	3.301310E+2	6.766900E+1	1.410000E+0
2.703400E+1	1.262754E+0	3.822685E+0	3.301310E+2	6.766900E+1	1.410000E+0
2.711500E+1	1.262749E+0	3.822894E+0	3.301310E+2	6.766900E+1	1.410000E+0
2.712400E+1	1.262749E+0	3.822894E+0	3.301310E+2	6.766900E+1	1.410000E+0
2.720600E+1	1.267135E+0	3.837918E+0	3.301310E+2	6.766900E+1	1.410000E+0
2.721500E+1	1.267135E+0	3.837918E+0	3.301310E+2	6.766900E+1	1.410000E+0
2.732600E+1	1.268150E+0	3.842934E+0	3.301310E+2	6.766900E+1	1.410000E+0
2.733500E+1	1.268150E+0	3.842934E+0	3.301310E+2	6.766900E+1	1.410000E+0
2.741600E+1	1.273663E+0	3.863911E+0	3.301310E+2	6.766900E+1	1.410000E+0
2.742400E+1	1.273663E+0	3.863911E+0	3.301310E+2	6.766900E+1	1.410000E+0
2.750500E+1	1.279177E+0	3.887737E+0	3.301310E+2	6.766900E+1	1.410000E+0
2.751800E+1	1.279177E+0	3.887737E+0	3.301310E+2	6.766900E+1	1.410000E+0
2.760200E+1	1.283260E+0	3.909893E+0	3.301310E+2	6.766900E+1	1.410000E+0
2.761000E+1	1.283260E+0	3.909893E+0	3.301310E+2	6.766900E+1	1.410000E+0
2.769600E+1	1.290195E+0	3.930894E+0	3.301310E+2	6.766900E+1	1.410000E+0
2.770500E+1	1.290195E+0	3.930894E+0	3.301310E+2	6.766900E+1	1.410000E+0
2.781600E+1	1.298565E+0	3.964659E+0	3.301310E+2	6.766900E+1	1.410000E+0
2.782500E+1	1.298565E+0	3.964659E+0	3.301310E+2	6.766900E+1	1.410000E+0
2.790500E+1	1.301242E+0	3.976536E+0	3.301310E+2	6.766900E+1	1.410000E+0
2.791500E+1	1.301242E+0	3.976536E+0	3.301310E+2	6.766900E+1	1.410000E+0
2.799500E+1	1.301248E+0	3.973683E+0	3.301310E+2	6.766900E+1	1.410000E+0
2.800500E+1	1.301248E+0	3.973683E+0	3.301310E+2	6.766900E+1	1.410000E+0
2.808500E+1	1.312241E+0	4.021538E+0	3.301310E+2	6.766900E+1	1.410000E+0
2.809400E+1	1.312241E+0	4.021538E+0	3.301310E+2	6.766900E+1	1.410000E+0
2.817600E+1	1.312255E+0	4.017503E+0	3.301310E+2	6.766900E+1	1.410000E+0
2.818500E+1	1.312255E+0	4.017503E+0	3.301310E+2	6.766900E+1	1.410000E+0
2.829600E+1	1.317766E+0	4.040719E+0	3.301310E+2	6.766900E+1	1.410000E+0
2.830500E+1	1.317766E+0	4.040719E+0	3.301310E+2	6.766900E+1	1.410000E+0
2.838600E+1	1.317777E+0	4.042577E+0	3.301310E+2	6.766900E+1	1.410000E+0
2.839500E+1	1.317777E+0	4.042577E+0	3.301310E+2	6.766900E+1	1.410000E+0
2.847600E+1	1.326823E+0	4.077138E+0	3.301310E+2	6.766900E+1	1.410000E+0
2.848500E+1	1.326823E+0	4.077138E+0	3.301310E+2	6.766900E+1	1.410000E+0
2.856500E+1	1.328814E+0	4.084631E+0	3.301310E+2	6.766900E+1	1.410000E+0
2.857800E+1	1.328814E+0	4.084631E+0	3.301310E+2	6.766900E+1	1.410000E+0
2.866200E+1	1.334547E+0	4.122469E+0	3.301310E+2	6.766900E+1	1.410000E+0
2.867100E+1	1.334547E+0	4.122469E+0	3.301310E+2	6.766900E+1	1.410000E+0
2.878700E+1	1.339827E+0	4.131056E+0	3.301310E+2	6.766900E+1	1.410000E+0
2.879600E+1	1.339827E+0	4.131056E+0	3.301310E+2	6.766900E+1	1.410000E+0
2.887500E+1	1.348481E+0	4.167614E+0	3.301310E+2	6.766900E+1	1.410000E+0
2.888400E+1	1.348481E+0	4.167614E+0	3.301310E+2	6.766900E+1	1.410000E+0
2.896500E+1	1.350879E+0	4.178297E+0	3.301310E+2	6.766900E+1	1.410000E+0
2.897400E+1	1.350879E+0	4.178297E+0	3.301310E+2	6.766900E+1	1.410000E+0
2.905500E+1	1.350886E+0	4.177002E+0	3.301310E+2	6.766900E+1	1.410000E+0
2.906400E+1	1.350886E+0	4.177002E+0	3.301310E+2	6.766900E+1	1.410000E+0
2.914500E+1	1.362317E+0	4.221545E+0	3.301310E+2	6.766900E+1	1.410000E+0
2.915400E+1	1.362317E+0	4.221545E+0	3.301310E+2	6.766900E+1	1.410000E+0
2.926600E+1	1.362340E+0	4.224518E+0	3.301310E+2	6.766900E+1	1.410000E+0
2.927500E+1	1.362340E+0	4.224518E+0	3.301310E+2	6.766900E+1	1.410000E+0
2.935400E+1	1.373395E+0	4.273974E+0	3.301310E+2	6.766900E+1	1.410000E+0
2.936300E+1	1.373395E+0	4.273974E+0	3.301310E+2	6.766900E+1	1.410000E+0
2.944500E+1	1.373394E+0	4.269688E+0	3.301310E+2	6.766900E+1	1.410000E+0
2.945400E+1	1.373394E+0	4.269688E+0	3.301310E+2	6.766900E+1	1.410000E+0
2.953500E+1	1.377785E+0	4.288999E+0	3.301310E+2	6.766900E+1	1.410000E+0
2.954800E+1	1.377785E+0	4.288999E+0	3.301310E+2	6.766900E+1	1.410000E+0
2.963200E+1	1.378894E+0	4.294093E+0	3.301310E+2	6.766900E+1	1.410000E+0
2.964100E+1	1.378894E+0	4.294093E+0	3.301310E+2	6.766900E+1	1.410000E+0
2.975600E+1	1.389019E+0	4.339548E+0	3.301310E+2	6.766900E+1	1.410000E+0
2.976500E+1	1.389019E+0	4.339548E+0	3.301310E+2	6.766900E+1	1.410000E+0
2.984500E+1	1.389955E+0	4.333799E+0	3.301310E+2	6.766900E+1	1.410000E+0
2.985400E+1	1.389955E+0	4.333799E+0	3.301310E+2	6.766900E+1	1.410000E+0
2.993500E+1	1.399037E+0	4.380407E+0	3.301310E+2	6.766900E+1	1.410000E+0
2.994400E+1	1.399037E+0	4.380407E+0	3.301310E+2	6.766900E+1	1.410000E+0
3.002500E+1	1.400943E+0	4.386194E+0	3.301310E+2	6.766900E+1	1.410000E+0
3.003400E+1	1.400943E+0	4.386194E+0	3.301310E+2	6.766900E+1	1.410000E+0
3.011500E+1	1.400954E+0	4.392572E+0	3.301310E+2	6.766900E+1	1.410000E+0
3.012400E+1	1.400954E+0	4.392572E+0	3.301310E+2	6.766900E+1	1.410000E+0
3.023600E+1	1.411991E+0	4.426711E+0	3.301310E+2	6.766900E+1	1.410000E+0
3.024500E+1	1.411991E+0	4.426711E+0	3.301310E+2	6.766900E+1	1.410000E+0
3.032500E+1	1.412005E+0	4.428390E+0	3.301310E+2	6.766900E+1	1.410000E+0
3.033400E+1	1.412005E+0	4.428390E+0	3.301310E+2	6.766900E+1	1.410000E+0
3.041500E+1	1.423024E+0	4.486194E+0	3.301310E+2	6.766900E+1	1.410000E+0
3.042400E+1	1.423024E+0	4.486194E+0	3.301310E+2	6.766900E+1	1.410000E+0
3.050500E+1	1.423026E+0	4.474045E+0	3.301310E+2	6.766900E+1	1.410000E+0
3.051800E+1	1.423026E+0	4.474045E+0	3.301310E+2	6.766900E+1	1.410000E+0
3.060200E+1	1.427553E+0	4.516932E+0	3.301310E+2	6.766900E+1	1.410000E+0
3.061000E+1	1.427553E+0	4.516932E+0	3.301310E+2	6.766900E+1	1.410000E+0
3.072300E+1	1.428564E+0	4.497744E+0	3.301310E+2	6.766900E+1	1.410000E+0
