Sample;s6(j3)
V-V length(cm);1.000000
Field (T);9.040320
Temp (K);4.200000
Angle (deg.);0.000000
Field(T)_memo;9.000000
Time(sec.)	Current(A)	Voltage(uV)	Temp.1(K)	Temp.2(K)	Temp.3(K)
0.000000E+0	7.376354E-4	1.657043E-5	3.301310E+2	6.766900E+1	1.410000E+0
5.900000E-2	7.338262E-4	1.908110E-5	3.301310E+2	6.766900E+1	1.410000E+0
6.800000E-2	7.338262E-4	1.908110E-5	3.301310E+2	6.766900E+1	1.410000E+0
1.500000E-1	7.306184E-4	5.021343E-7	3.301310E+2	6.766900E+1	1.410000E+0
1.580000E-1	7.306184E-4	5.021343E-7	3.301310E+2	6.766900E+1	1.410000E+0
2.400000E-1	7.244034E-4	3.213659E-5	3.301310E+2	6.766900E+1	1.410000E+0
2.480000E-1	7.244034E-4	3.213659E-5	3.301310E+2	6.766900E+1	1.410000E+0
3.600000E-1	7.332247E-4	8.034148E-6	3.301310E+2	6.766900E+1	1.410000E+0
3.680000E-1	7.332247E-4	8.034148E-6	3.301310E+2	6.766900E+1	1.410000E+0
4.490000E-1	7.272102E-4	4.519208E-6	3.301310E+2	6.766900E+1	1.410000E+0
4.570000E-1	7.272102E-4	4.519208E-6	3.301310E+2	6.766900E+1	1.410000E+0
5.400000E-1	7.284131E-4	2.510671E-6	3.301310E+2	6.766900E+1	1.410000E+0
5.490000E-1	7.284131E-4	2.510671E-6	3.301310E+2	6.766900E+1	1.410000E+0
6.280000E-1	1.172986E-2	1.776099E-2	3.301310E+2	6.766900E+1	1.410000E+0
6.410000E-1	1.172986E-2	1.776099E-2	3.301310E+2	6.766900E+1	1.410000E+0
7.240000E-1	1.174951E-2	1.777304E-2	3.301310E+2	6.766900E+1	1.410000E+0
7.320000E-1	1.174951E-2	1.777304E-2	3.301310E+2	6.766900E+1	1.410000E+0
8.490000E-1	1.173047E-2	1.774040E-2	3.301310E+2	6.766900E+1	1.410000E+0
8.580000E-1	1.173047E-2	1.774040E-2	3.301310E+2	6.766900E+1	1.410000E+0
9.380000E-1	1.173307E-2	1.775195E-2	3.301310E+2	6.766900E+1	1.410000E+0
9.460000E-1	1.173307E-2	1.775195E-2	3.301310E+2	6.766900E+1	1.410000E+0
1.028000E+0	1.172826E-2	1.772434E-2	3.301310E+2	6.766900E+1	1.410000E+0
1.037000E+0	1.172826E-2	1.772434E-2	3.301310E+2	6.766900E+1	1.410000E+0
1.118000E+0	1.173127E-2	1.772333E-2	3.301310E+2	6.766900E+1	1.410000E+0
1.126000E+0	1.173127E-2	1.772333E-2	3.301310E+2	6.766900E+1	1.410000E+0
1.208000E+0	1.172906E-2	1.773990E-2	3.301310E+2	6.766900E+1	1.410000E+0
1.217000E+0	1.172906E-2	1.773990E-2	3.301310E+2	6.766900E+1	1.410000E+0
1.328000E+0	1.173187E-2	1.773639E-2	3.301310E+2	6.766900E+1	1.410000E+0
1.337000E+0	1.173187E-2	1.773639E-2	3.301310E+2	6.766900E+1	1.410000E+0
1.418000E+0	1.172325E-2	1.771429E-2	3.301310E+2	6.766900E+1	1.410000E+0
1.427000E+0	1.172325E-2	1.771429E-2	3.301310E+2	6.766900E+1	1.410000E+0
1.508000E+0	1.173849E-2	1.775848E-2	3.301310E+2	6.766900E+1	1.410000E+0
1.517000E+0	1.173849E-2	1.775848E-2	3.301310E+2	6.766900E+1	1.410000E+0
1.598000E+0	1.172144E-2	1.770877E-2	3.301310E+2	6.766900E+1	1.410000E+0
1.611000E+0	1.172144E-2	1.770877E-2	3.301310E+2	6.766900E+1	1.410000E+0
1.694000E+0	2.039125E-2	4.148332E-2	3.301310E+2	6.766900E+1	1.410000E+0
1.703000E+0	2.039125E-2	4.148332E-2	3.301310E+2	6.766900E+1	1.410000E+0
1.820000E+0	2.274696E-2	4.762142E-2	3.301310E+2	6.766900E+1	1.410000E+0
1.830000E+0	2.274696E-2	4.762142E-2	3.301310E+2	6.766900E+1	1.410000E+0
1.914000E+0	2.275739E-2	4.764151E-2	3.301310E+2	6.766900E+1	1.410000E+0
1.922000E+0	2.275739E-2	4.764151E-2	3.301310E+2	6.766900E+1	1.410000E+0
2.007000E+0	2.276160E-2	4.766661E-2	3.301310E+2	6.766900E+1	1.410000E+0
2.016000E+0	2.276160E-2	4.766661E-2	3.301310E+2	6.766900E+1	1.410000E+0
2.096000E+0	2.276180E-2	4.766009E-2	3.301310E+2	6.766900E+1	1.410000E+0
2.105000E+0	2.276180E-2	4.766009E-2	3.301310E+2	6.766900E+1	1.410000E+0
2.186000E+0	2.276661E-2	4.764000E-2	3.301310E+2	6.766900E+1	1.410000E+0
2.194000E+0	2.276661E-2	4.764000E-2	3.301310E+2	6.766900E+1	1.410000E+0
2.307000E+0	2.276400E-2	4.768369E-2	3.301310E+2	6.766900E+1	1.410000E+0
2.316000E+0	2.276400E-2	4.768369E-2	3.301310E+2	6.766900E+1	1.410000E+0
2.396000E+0	2.276400E-2	4.767063E-2	3.301310E+2	6.766900E+1	1.410000E+0
2.405000E+0	2.276400E-2	4.767063E-2	3.301310E+2	6.766900E+1	1.410000E+0
2.487000E+0	2.276621E-2	4.769122E-2	3.301310E+2	6.766900E+1	1.410000E+0
2.495000E+0	2.276621E-2	4.769122E-2	3.301310E+2	6.766900E+1	1.410000E+0
2.576000E+0	2.277002E-2	4.767766E-2	3.301310E+2	6.766900E+1	1.410000E+0
2.586000E+0	2.277002E-2	4.767766E-2	3.301310E+2	6.766900E+1	1.410000E+0
2.666000E+0	2.276761E-2	4.769172E-2	3.301310E+2	6.766900E+1	1.410000E+0
2.679000E+0	2.276761E-2	4.769172E-2	3.301310E+2	6.766900E+1	1.410000E+0
2.793000E+0	2.828358E-2	6.496464E-2	3.301310E+2	6.766900E+1	1.410000E+0
2.802000E+0	2.828358E-2	6.496464E-2	3.301310E+2	6.766900E+1	1.410000E+0
2.886000E+0	2.827997E-2	6.497920E-2	3.301310E+2	6.766900E+1	1.410000E+0
2.895000E+0	2.827997E-2	6.497920E-2	3.301310E+2	6.766900E+1	1.410000E+0
2.976000E+0	2.828418E-2	6.499828E-2	3.301310E+2	6.766900E+1	1.410000E+0
2.986000E+0	2.828418E-2	6.499828E-2	3.301310E+2	6.766900E+1	1.410000E+0
3.066000E+0	2.829481E-2	6.505251E-2	3.301310E+2	6.766900E+1	1.410000E+0
3.075000E+0	2.829481E-2	6.505251E-2	3.301310E+2	6.766900E+1	1.410000E+0
3.156000E+0	2.828979E-2	6.502339E-2	3.301310E+2	6.766900E+1	1.410000E+0
3.165000E+0	2.828979E-2	6.502339E-2	3.301310E+2	6.766900E+1	1.410000E+0
3.276000E+0	2.828639E-2	6.500582E-2	3.301310E+2	6.766900E+1	1.410000E+0
3.285000E+0	2.828639E-2	6.500582E-2	3.301310E+2	6.766900E+1	1.410000E+0
3.365000E+0	2.829220E-2	6.502942E-2	3.301310E+2	6.766900E+1	1.410000E+0
3.373000E+0	2.829220E-2	6.502942E-2	3.301310E+2	6.766900E+1	1.410000E+0
3.455000E+0	2.828438E-2	6.500632E-2	3.301310E+2	6.766900E+1	1.410000E+0
3.464000E+0	2.828438E-2	6.500632E-2	3.301310E+2	6.766900E+1	1.410000E+0
3.545000E+0	2.828117E-2	6.500632E-2	3.301310E+2	6.766900E+1	1.410000E+0
3.555000E+0	2.828117E-2	6.500632E-2	3.301310E+2	6.766900E+1	1.410000E+0
3.635000E+0	2.827917E-2	6.505251E-2	3.301310E+2	6.766900E+1	1.410000E+0
3.648000E+0	2.827917E-2	6.505251E-2	3.301310E+2	6.766900E+1	1.410000E+0
3.762000E+0	2.828779E-2	6.501586E-2	3.301310E+2	6.766900E+1	1.410000E+0
3.771000E+0	2.828779E-2	6.501586E-2	3.301310E+2	6.766900E+1	1.410000E+0
3.855000E+0	3.922890E-2	1.018790E-1	3.301310E+2	6.766900E+1	1.410000E+0
3.864000E+0	3.922890E-2	1.018790E-1	3.301310E+2	6.766900E+1	1.410000E+0
3.945000E+0	3.923150E-2	1.019052E-1	3.301310E+2	6.766900E+1	1.410000E+0
3.954000E+0	3.923150E-2	1.019052E-1	3.301310E+2	6.766900E+1	1.410000E+0
4.034000E+0	3.923291E-2	1.019353E-1	3.301310E+2	6.766900E+1	1.410000E+0
4.043000E+0	3.923291E-2	1.019353E-1	3.301310E+2	6.766900E+1	1.410000E+0
4.125000E+0	3.923391E-2	1.019483E-1	3.301310E+2	6.766900E+1	1.410000E+0
4.134000E+0	3.923391E-2	1.019483E-1	3.301310E+2	6.766900E+1	1.410000E+0
4.246000E+0	3.923411E-2	1.019624E-1	3.301310E+2	6.766900E+1	1.410000E+0
4.255000E+0	3.923411E-2	1.019624E-1	3.301310E+2	6.766900E+1	1.410000E+0
4.335000E+0	3.922890E-2	1.019197E-1	3.301310E+2	6.766900E+1	1.410000E+0
4.344000E+0	3.922890E-2	1.019197E-1	3.301310E+2	6.766900E+1	1.410000E+0
4.425000E+0	3.923191E-2	1.019639E-1	3.301310E+2	6.766900E+1	1.410000E+0
4.434000E+0	3.923191E-2	1.019639E-1	3.301310E+2	6.766900E+1	1.410000E+0
4.514000E+0	3.922850E-2	1.019483E-1	3.301310E+2	6.766900E+1	1.410000E+0
4.524000E+0	3.922850E-2	1.019483E-1	3.301310E+2	6.766900E+1	1.410000E+0
4.604000E+0	3.923050E-2	1.019524E-1	3.301310E+2	6.766900E+1	1.410000E+0
4.618000E+0	3.923050E-2	1.019524E-1	3.301310E+2	6.766900E+1	1.410000E+0
4.731000E+0	3.923912E-2	1.019830E-1	3.301310E+2	6.766900E+1	1.410000E+0
4.740000E+0	3.923912E-2	1.019830E-1	3.301310E+2	6.766900E+1	1.410000E+0
4.825000E+0	3.923251E-2	1.020056E-1	3.301310E+2	6.766900E+1	1.410000E+0
4.834000E+0	3.923251E-2	1.020056E-1	3.301310E+2	6.766900E+1	1.410000E+0
4.913000E+0	4.775496E-2	1.323230E-1	3.301310E+2	6.766900E+1	1.410000E+0
4.922000E+0	4.775496E-2	1.323230E-1	3.301310E+2	6.766900E+1	1.410000E+0
5.002000E+0	5.027947E-2	1.415236E-1	3.301310E+2	6.766900E+1	1.410000E+0
5.010000E+0	5.027947E-2	1.415236E-1	3.301310E+2	6.766900E+1	1.410000E+0
5.093000E+0	5.027206E-2	1.415396E-1	3.301310E+2	6.766900E+1	1.410000E+0
5.101000E+0	5.027206E-2	1.415396E-1	3.301310E+2	6.766900E+1	1.410000E+0
5.214000E+0	5.025842E-2	1.415070E-1	3.301310E+2	6.766900E+1	1.410000E+0
5.223000E+0	5.025842E-2	1.415070E-1	3.301310E+2	6.766900E+1	1.410000E+0
5.302000E+0	5.027206E-2	1.415366E-1	3.301310E+2	6.766900E+1	1.410000E+0
5.311000E+0	5.027206E-2	1.415366E-1	3.301310E+2	6.766900E+1	1.410000E+0
5.393000E+0	5.027747E-2	1.416160E-1	3.301310E+2	6.766900E+1	1.410000E+0
5.402000E+0	5.027747E-2	1.416160E-1	3.301310E+2	6.766900E+1	1.410000E+0
5.482000E+0	5.028970E-2	1.416114E-1	3.301310E+2	6.766900E+1	1.410000E+0
5.491000E+0	5.028970E-2	1.416114E-1	3.301310E+2	6.766900E+1	1.410000E+0
5.572000E+0	5.029411E-2	1.416275E-1	3.301310E+2	6.766900E+1	1.410000E+0
5.580000E+0	5.029411E-2	1.416275E-1	3.301310E+2	6.766900E+1	1.410000E+0
5.694000E+0	5.029551E-2	1.416571E-1	3.301310E+2	6.766900E+1	1.410000E+0
5.706000E+0	5.029551E-2	1.416571E-1	3.301310E+2	6.766900E+1	1.410000E+0
5.788000E+0	5.029331E-2	1.416561E-1	3.301310E+2	6.766900E+1	1.410000E+0
5.797000E+0	5.029331E-2	1.416561E-1	3.301310E+2	6.766900E+1	1.410000E+0
5.882000E+0	5.030273E-2	1.417325E-1	3.301310E+2	6.766900E+1	1.410000E+0
5.891000E+0	5.030273E-2	1.417325E-1	3.301310E+2	6.766900E+1	1.410000E+0
5.973000E+0	6.130880E-2	1.825997E-1	3.301310E+2	6.766900E+1	1.410000E+0
5.981000E+0	6.130880E-2	1.825997E-1	3.301310E+2	6.766900E+1	1.410000E+0
6.061000E+0	6.133326E-2	1.827177E-1	3.301310E+2	6.766900E+1	1.410000E+0
6.070000E+0	6.133326E-2	1.827177E-1	3.301310E+2	6.766900E+1	1.410000E+0
6.184000E+0	6.132905E-2	1.827292E-1	3.301310E+2	6.766900E+1	1.410000E+0
6.193000E+0	6.132905E-2	1.827292E-1	3.301310E+2	6.766900E+1	1.410000E+0
6.271000E+0	6.132804E-2	1.827372E-1	3.301310E+2	6.766900E+1	1.410000E+0
6.281000E+0	6.132804E-2	1.827372E-1	3.301310E+2	6.766900E+1	1.410000E+0
6.361000E+0	6.132403E-2	1.827307E-1	3.301310E+2	6.766900E+1	1.410000E+0
6.370000E+0	6.132403E-2	1.827307E-1	3.301310E+2	6.766900E+1	1.410000E+0
6.452000E+0	6.133767E-2	1.827844E-1	3.301310E+2	6.766900E+1	1.410000E+0
6.460000E+0	6.133767E-2	1.827844E-1	3.301310E+2	6.766900E+1	1.410000E+0
6.541000E+0	6.133887E-2	1.827724E-1	3.301310E+2	6.766900E+1	1.410000E+0
6.550000E+0	6.133887E-2	1.827724E-1	3.301310E+2	6.766900E+1	1.410000E+0
6.662000E+0	6.133266E-2	1.827684E-1	3.301310E+2	6.766900E+1	1.410000E+0
6.676000E+0	6.133266E-2	1.827684E-1	3.301310E+2	6.766900E+1	1.410000E+0
6.761000E+0	6.133666E-2	1.827824E-1	3.301310E+2	6.766900E+1	1.410000E+0
6.771000E+0	6.133666E-2	1.827824E-1	3.301310E+2	6.766900E+1	1.410000E+0
6.851000E+0	6.134228E-2	1.828301E-1	3.301310E+2	6.766900E+1	1.410000E+0
6.860000E+0	6.134228E-2	1.828301E-1	3.301310E+2	6.766900E+1	1.410000E+0
6.941000E+0	6.134208E-2	1.828171E-1	3.301310E+2	6.766900E+1	1.410000E+0
6.950000E+0	6.134208E-2	1.828171E-1	3.301310E+2	6.766900E+1	1.410000E+0
7.031000E+0	7.236599E-2	2.248518E-1	3.301310E+2	6.766900E+1	1.410000E+0
7.040000E+0	7.236599E-2	2.248518E-1	3.301310E+2	6.766900E+1	1.410000E+0
7.152000E+0	7.235857E-2	2.248934E-1	3.301310E+2	6.766900E+1	1.410000E+0
7.161000E+0	7.235857E-2	2.248934E-1	3.301310E+2	6.766900E+1	1.410000E+0
7.240000E+0	7.237661E-2	2.249301E-1	3.301310E+2	6.766900E+1	1.410000E+0
7.249000E+0	7.237661E-2	2.249301E-1	3.301310E+2	6.766900E+1	1.410000E+0
7.331000E+0	7.237681E-2	2.249532E-1	3.301310E+2	6.766900E+1	1.410000E+0
7.340000E+0	7.237681E-2	2.249532E-1	3.301310E+2	6.766900E+1	1.410000E+0
7.421000E+0	7.236017E-2	2.249537E-1	3.301310E+2	6.766900E+1	1.410000E+0
7.430000E+0	7.236017E-2	2.249537E-1	3.301310E+2	6.766900E+1	1.410000E+0
7.510000E+0	7.236098E-2	2.249431E-1	3.301310E+2	6.766900E+1	1.410000E+0
7.518000E+0	7.236098E-2	2.249431E-1	3.301310E+2	6.766900E+1	1.410000E+0
7.632000E+0	7.236017E-2	2.249386E-1	3.301310E+2	6.766900E+1	1.410000E+0
7.645000E+0	7.236017E-2	2.249386E-1	3.301310E+2	6.766900E+1	1.410000E+0
7.726000E+0	7.238704E-2	2.249999E-1	3.301310E+2	6.766900E+1	1.410000E+0
7.736000E+0	7.238704E-2	2.249999E-1	3.301310E+2	6.766900E+1	1.410000E+0
7.820000E+0	7.237140E-2	2.249863E-1	3.301310E+2	6.766900E+1	1.410000E+0
7.828000E+0	7.237140E-2	2.249863E-1	3.301310E+2	6.766900E+1	1.410000E+0
7.910000E+0	7.236920E-2	2.250119E-1	3.301310E+2	6.766900E+1	1.410000E+0
7.919000E+0	7.236920E-2	2.250119E-1	3.301310E+2	6.766900E+1	1.410000E+0
8.000000E+0	7.237200E-2	2.249934E-1	3.301310E+2	6.766900E+1	1.410000E+0
8.009000E+0	7.237200E-2	2.249934E-1	3.301310E+2	6.766900E+1	1.410000E+0
8.121000E+0	7.675923E-2	2.419625E-1	3.301310E+2	6.766900E+1	1.410000E+0
8.130000E+0	7.675923E-2	2.419625E-1	3.301310E+2	6.766900E+1	1.410000E+0
8.210000E+0	7.782542E-2	2.462050E-1	3.301310E+2	6.766900E+1	1.410000E+0
8.219000E+0	7.782542E-2	2.462050E-1	3.301310E+2	6.766900E+1	1.410000E+0
8.300000E+0	7.782682E-2	2.461679E-1	3.301310E+2	6.766900E+1	1.410000E+0
8.309000E+0	7.782682E-2	2.461679E-1	3.301310E+2	6.766900E+1	1.410000E+0
8.389000E+0	7.782903E-2	2.462070E-1	3.301310E+2	6.766900E+1	1.410000E+0
8.399000E+0	7.782903E-2	2.462070E-1	3.301310E+2	6.766900E+1	1.410000E+0
8.480000E+0	7.784446E-2	2.462266E-1	3.301310E+2	6.766900E+1	1.410000E+0
8.489000E+0	7.784446E-2	2.462266E-1	3.301310E+2	6.766900E+1	1.410000E+0
8.601000E+0	7.782903E-2	2.461915E-1	3.301310E+2	6.766900E+1	1.410000E+0
8.615000E+0	7.782903E-2	2.461915E-1	3.301310E+2	6.766900E+1	1.410000E+0
8.699000E+0	7.783123E-2	2.462121E-1	3.301310E+2	6.766900E+1	1.410000E+0
8.708000E+0	7.783123E-2	2.462121E-1	3.301310E+2	6.766900E+1	1.410000E+0
8.789000E+0	7.783805E-2	2.462336E-1	3.301310E+2	6.766900E+1	1.410000E+0
8.798000E+0	7.783805E-2	2.462336E-1	3.301310E+2	6.766900E+1	1.410000E+0
8.879000E+0	7.783524E-2	2.462010E-1	3.301310E+2	6.766900E+1	1.410000E+0
8.887000E+0	7.783524E-2	2.462010E-1	3.301310E+2	6.766900E+1	1.410000E+0
8.969000E+0	7.782903E-2	2.462341E-1	3.301310E+2	6.766900E+1	1.410000E+0
8.978000E+0	7.782903E-2	2.462341E-1	3.301310E+2	6.766900E+1	1.410000E+0
9.089000E+0	7.782542E-2	2.461980E-1	3.301310E+2	6.766900E+1	1.410000E+0
9.098000E+0	7.782542E-2	2.461980E-1	3.301310E+2	6.766900E+1	1.410000E+0
9.179000E+0	8.886517E-2	2.897185E-1	3.301310E+2	6.766900E+1	1.410000E+0
9.188000E+0	8.886517E-2	2.897185E-1	3.301310E+2	6.766900E+1	1.410000E+0
9.268000E+0	8.887238E-2	2.897607E-1	3.301310E+2	6.766900E+1	1.410000E+0
9.277000E+0	8.887238E-2	2.897607E-1	3.301310E+2	6.766900E+1	1.410000E+0
9.358000E+0	8.885033E-2	2.897511E-1	3.301310E+2	6.766900E+1	1.410000E+0
9.367000E+0	8.885033E-2	2.897511E-1	3.301310E+2	6.766900E+1	1.410000E+0
9.448000E+0	8.885634E-2	2.897516E-1	3.301310E+2	6.766900E+1	1.410000E+0
9.457000E+0	8.885634E-2	2.897516E-1	3.301310E+2	6.766900E+1	1.410000E+0
9.569000E+0	8.884271E-2	2.897210E-1	3.301310E+2	6.766900E+1	1.410000E+0
9.578000E+0	8.884271E-2	2.897210E-1	3.301310E+2	6.766900E+1	1.410000E+0
9.658000E+0	8.884772E-2	2.897366E-1	3.301310E+2	6.766900E+1	1.410000E+0
9.671000E+0	8.884772E-2	2.897366E-1	3.301310E+2	6.766900E+1	1.410000E+0
9.754000E+0	8.884391E-2	2.897125E-1	3.301310E+2	6.766900E+1	1.410000E+0
9.763000E+0	8.884391E-2	2.897125E-1	3.301310E+2	6.766900E+1	1.410000E+0
9.848000E+0	8.884712E-2	2.897551E-1	3.301310E+2	6.766900E+1	1.410000E+0
9.857000E+0	8.884712E-2	2.897551E-1	3.301310E+2	6.766900E+1	1.410000E+0
9.937000E+0	8.884632E-2	2.897376E-1	3.301310E+2	6.766900E+1	1.410000E+0
9.947000E+0	8.884632E-2	2.897376E-1	3.301310E+2	6.766900E+1	1.410000E+0
1.005900E+1	8.884151E-2	2.897185E-1	3.301310E+2	6.766900E+1	1.410000E+0
1.006800E+1	8.884151E-2	2.897185E-1	3.301310E+2	6.766900E+1	1.410000E+0
1.014800E+1	8.883810E-2	2.897315E-1	3.301310E+2	6.766900E+1	1.410000E+0
1.015700E+1	8.883810E-2	2.897315E-1	3.301310E+2	6.766900E+1	1.410000E+0
1.023800E+1	9.984798E-2	3.341765E-1	3.301310E+2	6.766900E+1	1.410000E+0
1.024700E+1	9.984798E-2	3.341765E-1	3.301310E+2	6.766900E+1	1.410000E+0
1.032800E+1	9.985118E-2	3.342839E-1	3.301310E+2	6.766900E+1	1.410000E+0
1.033700E+1	9.985118E-2	3.342839E-1	3.301310E+2	6.766900E+1	1.410000E+0
1.041800E+1	9.985018E-2	3.343105E-1	3.301310E+2	6.766900E+1	1.410000E+0
1.042700E+1	9.985018E-2	3.343105E-1	3.301310E+2	6.766900E+1	1.410000E+0
1.053800E+1	9.985038E-2	3.342919E-1	3.301310E+2	6.766900E+1	1.410000E+0
1.054700E+1	9.985038E-2	3.342919E-1	3.301310E+2	6.766900E+1	1.410000E+0
1.062700E+1	9.985720E-2	3.343457E-1	3.301310E+2	6.766900E+1	1.410000E+0
1.064000E+1	9.985720E-2	3.343457E-1	3.301310E+2	6.766900E+1	1.410000E+0
1.072400E+1	9.985038E-2	3.343060E-1	3.301310E+2	6.766900E+1	1.410000E+0
1.073200E+1	9.985038E-2	3.343060E-1	3.301310E+2	6.766900E+1	1.410000E+0
1.081700E+1	9.984637E-2	3.343050E-1	3.301310E+2	6.766900E+1	1.410000E+0
1.082600E+1	9.984637E-2	3.343050E-1	3.301310E+2	6.766900E+1	1.410000E+0
1.090700E+1	9.985158E-2	3.343291E-1	3.301310E+2	6.766900E+1	1.410000E+0
1.091600E+1	9.985158E-2	3.343291E-1	3.301310E+2	6.766900E+1	1.410000E+0
1.102700E+1	9.984116E-2	3.343135E-1	3.301310E+2	6.766900E+1	1.410000E+0
1.103600E+1	9.984116E-2	3.343135E-1	3.301310E+2	6.766900E+1	1.410000E+0
1.111600E+1	9.985118E-2	3.343527E-1	3.301310E+2	6.766900E+1	1.410000E+0
1.112500E+1	9.985118E-2	3.343527E-1	3.301310E+2	6.766900E+1	1.410000E+0
1.120700E+1	9.987003E-2	3.344195E-1	3.301310E+2	6.766900E+1	1.410000E+0
1.121600E+1	9.987003E-2	3.344195E-1	3.301310E+2	6.766900E+1	1.410000E+0
1.129600E+1	1.077447E-1	3.672972E-1	3.301310E+2	6.766900E+1	1.410000E+0
1.130500E+1	1.077447E-1	3.672972E-1	3.301310E+2	6.766900E+1	1.410000E+0
1.138700E+1	1.109048E-1	3.804336E-1	3.301310E+2	6.766900E+1	1.410000E+0
1.139500E+1	1.109048E-1	3.804336E-1	3.301310E+2	6.766900E+1	1.410000E+0
1.151000E+1	1.108900E-1	3.804588E-1	3.301310E+2	6.766900E+1	1.410000E+0
1.151800E+1	1.108900E-1	3.804588E-1	3.301310E+2	6.766900E+1	1.410000E+0
1.160300E+1	1.108944E-1	3.805090E-1	3.301310E+2	6.766900E+1	1.410000E+0
1.161600E+1	1.108944E-1	3.805090E-1	3.301310E+2	6.766900E+1	1.410000E+0
1.169700E+1	1.108964E-1	3.804964E-1	3.301310E+2	6.766900E+1	1.410000E+0
1.170500E+1	1.108964E-1	3.804964E-1	3.301310E+2	6.766900E+1	1.410000E+0
1.178600E+1	1.109006E-1	3.805180E-1	3.301310E+2	6.766900E+1	1.410000E+0
1.179500E+1	1.109006E-1	3.805180E-1	3.301310E+2	6.766900E+1	1.410000E+0
1.187700E+1	1.109048E-1	3.805221E-1	3.301310E+2	6.766900E+1	1.410000E+0
1.188600E+1	1.109048E-1	3.805221E-1	3.301310E+2	6.766900E+1	1.410000E+0
1.199700E+1	1.109072E-1	3.805426E-1	3.301310E+2	6.766900E+1	1.410000E+0
1.200600E+1	1.109072E-1	3.805426E-1	3.301310E+2	6.766900E+1	1.410000E+0
1.208600E+1	1.109020E-1	3.805863E-1	3.301310E+2	6.766900E+1	1.410000E+0
1.209500E+1	1.109020E-1	3.805863E-1	3.301310E+2	6.766900E+1	1.410000E+0
1.217600E+1	1.109052E-1	3.805959E-1	3.301310E+2	6.766900E+1	1.410000E+0
1.218500E+1	1.109052E-1	3.805959E-1	3.301310E+2	6.766900E+1	1.410000E+0
1.226500E+1	1.108952E-1	3.805632E-1	3.301310E+2	6.766900E+1	1.410000E+0
1.227400E+1	1.108952E-1	3.805632E-1	3.301310E+2	6.766900E+1	1.410000E+0
1.235600E+1	1.218537E-1	4.278588E-1	3.301310E+2	6.766900E+1	1.410000E+0
1.236500E+1	1.218537E-1	4.278588E-1	3.301310E+2	6.766900E+1	1.410000E+0
1.247600E+1	1.218598E-1	4.279959E-1	3.301310E+2	6.766900E+1	1.410000E+0
1.248500E+1	1.218598E-1	4.279959E-1	3.301310E+2	6.766900E+1	1.410000E+0
1.256500E+1	1.218684E-1	4.280461E-1	3.301310E+2	6.766900E+1	1.410000E+0
1.257300E+1	1.218684E-1	4.280461E-1	3.301310E+2	6.766900E+1	1.410000E+0
1.265500E+1	1.218746E-1	4.280682E-1	3.301310E+2	6.766900E+1	1.410000E+0
1.266800E+1	1.218746E-1	4.280682E-1	3.301310E+2	6.766900E+1	1.410000E+0
1.275100E+1	1.218760E-1	4.280888E-1	3.301310E+2	6.766900E+1	1.410000E+0
1.276000E+1	1.218760E-1	4.280888E-1	3.301310E+2	6.766900E+1	1.410000E+0
1.284500E+1	1.218730E-1	4.280998E-1	3.301310E+2	6.766900E+1	1.410000E+0
1.285300E+1	1.218730E-1	4.280998E-1	3.301310E+2	6.766900E+1	1.410000E+0
1.296600E+1	1.218744E-1	4.280712E-1	3.301310E+2	6.766900E+1	1.410000E+0
1.297400E+1	1.218744E-1	4.280712E-1	3.301310E+2	6.766900E+1	1.410000E+0
1.305600E+1	1.218598E-1	4.280521E-1	3.301310E+2	6.766900E+1	1.410000E+0
1.306500E+1	1.218598E-1	4.280521E-1	3.301310E+2	6.766900E+1	1.410000E+0
1.314400E+1	1.218598E-1	4.280280E-1	3.301310E+2	6.766900E+1	1.410000E+0
1.315300E+1	1.218598E-1	4.280280E-1	3.301310E+2	6.766900E+1	1.410000E+0
1.323500E+1	1.218580E-1	4.280089E-1	3.301310E+2	6.766900E+1	1.410000E+0
1.324300E+1	1.218580E-1	4.280089E-1	3.301310E+2	6.766900E+1	1.410000E+0
1.332500E+1	1.218580E-1	4.279662E-1	3.301310E+2	6.766900E+1	1.410000E+0
1.333400E+1	1.218580E-1	4.279662E-1	3.301310E+2	6.766900E+1	1.410000E+0
1.344600E+1	1.292007E-1	4.610087E-1	3.301310E+2	6.766900E+1	1.410000E+0
1.345500E+1	1.292007E-1	4.610087E-1	3.301310E+2	6.766900E+1	1.410000E+0
1.353300E+1	1.329095E-1	4.777940E-1	3.301310E+2	6.766900E+1	1.410000E+0
1.354200E+1	1.329095E-1	4.777940E-1	3.301310E+2	6.766900E+1	1.410000E+0
1.362400E+1	1.329093E-1	4.777659E-1	3.301310E+2	6.766900E+1	1.410000E+0
1.363800E+1	1.329093E-1	4.777659E-1	3.301310E+2	6.766900E+1	1.410000E+0
1.372100E+1	1.329121E-1	4.777659E-1	3.301310E+2	6.766900E+1	1.410000E+0
1.373000E+1	1.329121E-1	4.777659E-1	3.301310E+2	6.766900E+1	1.410000E+0
1.381400E+1	1.328997E-1	4.777137E-1	3.301310E+2	6.766900E+1	1.410000E+0
1.382300E+1	1.328997E-1	4.777137E-1	3.301310E+2	6.766900E+1	1.410000E+0
1.393500E+1	1.329077E-1	4.777634E-1	3.301310E+2	6.766900E+1	1.410000E+0
1.394400E+1	1.329077E-1	4.777634E-1	3.301310E+2	6.766900E+1	1.410000E+0
1.402400E+1	1.329220E-1	4.777835E-1	3.301310E+2	6.766900E+1	1.410000E+0
1.403300E+1	1.329220E-1	4.777835E-1	3.301310E+2	6.766900E+1	1.410000E+0
1.411400E+1	1.329083E-1	4.777669E-1	3.301310E+2	6.766900E+1	1.410000E+0
1.412300E+1	1.329083E-1	4.777669E-1	3.301310E+2	6.766900E+1	1.410000E+0
1.420400E+1	1.329101E-1	4.777393E-1	3.301310E+2	6.766900E+1	1.410000E+0
1.421300E+1	1.329101E-1	4.777393E-1	3.301310E+2	6.766900E+1	1.410000E+0
1.429300E+1	1.329103E-1	4.777132E-1	3.301310E+2	6.766900E+1	1.410000E+0
1.430200E+1	1.329103E-1	4.777132E-1	3.301310E+2	6.766900E+1	1.410000E+0
1.441400E+1	1.329184E-1	4.777584E-1	3.301310E+2	6.766900E+1	1.410000E+0
1.442300E+1	1.329184E-1	4.777584E-1	3.301310E+2	6.766900E+1	1.410000E+0
1.450400E+1	1.384452E-1	5.035355E-1	3.301310E+2	6.766900E+1	1.410000E+0
1.451200E+1	1.384452E-1	5.035355E-1	3.301310E+2	6.766900E+1	1.410000E+0
1.459400E+1	1.384520E-1	5.037218E-1	3.301310E+2	6.766900E+1	1.410000E+0
1.460300E+1	1.384520E-1	5.037218E-1	3.301310E+2	6.766900E+1	1.410000E+0
1.468800E+1	1.384341E-1	5.036670E-1	3.301310E+2	6.766900E+1	1.410000E+0
1.470300E+1	1.384341E-1	5.036670E-1	3.301310E+2	6.766900E+1	1.410000E+0
1.478300E+1	1.384429E-1	5.037418E-1	3.301310E+2	6.766900E+1	1.410000E+0
1.479300E+1	1.384429E-1	5.037418E-1	3.301310E+2	6.766900E+1	1.410000E+0
1.490300E+1	1.384582E-1	5.038061E-1	3.301310E+2	6.766900E+1	1.410000E+0
1.491200E+1	1.384582E-1	5.038061E-1	3.301310E+2	6.766900E+1	1.410000E+0
1.499300E+1	1.384367E-1	5.037574E-1	3.301310E+2	6.766900E+1	1.410000E+0
1.500200E+1	1.384367E-1	5.037574E-1	3.301310E+2	6.766900E+1	1.410000E+0
1.508300E+1	1.384446E-1	5.037860E-1	3.301310E+2	6.766900E+1	1.410000E+0
1.509200E+1	1.384446E-1	5.037860E-1	3.301310E+2	6.766900E+1	1.410000E+0
1.517200E+1	1.384524E-1	5.038182E-1	3.301310E+2	6.766900E+1	1.410000E+0
1.518000E+1	1.384524E-1	5.038182E-1	3.301310E+2	6.766900E+1	1.410000E+0
1.526300E+1	1.384502E-1	5.037906E-1	3.301310E+2	6.766900E+1	1.410000E+0
1.527200E+1	1.384502E-1	5.037906E-1	3.301310E+2	6.766900E+1	1.410000E+0
1.538500E+1	1.384526E-1	5.038302E-1	3.301310E+2	6.766900E+1	1.410000E+0
1.539400E+1	1.384526E-1	5.038302E-1	3.301310E+2	6.766900E+1	1.410000E+0
1.547200E+1	1.384608E-1	5.038689E-1	3.301310E+2	6.766900E+1	1.410000E+0
1.548100E+1	1.384608E-1	5.038689E-1	3.301310E+2	6.766900E+1	1.410000E+0
1.556300E+1	1.461328E-1	5.405709E-1	3.301310E+2	6.766900E+1	1.410000E+0
1.557200E+1	1.461328E-1	5.405709E-1	3.301310E+2	6.766900E+1	1.410000E+0
1.565200E+1	1.494574E-1	5.571574E-1	3.301310E+2	6.766900E+1	1.410000E+0
1.566500E+1	1.494574E-1	5.571574E-1	3.301310E+2	6.766900E+1	1.410000E+0
1.574800E+1	1.494580E-1	5.571509E-1	3.301310E+2	6.766900E+1	1.410000E+0
1.575700E+1	1.494580E-1	5.571509E-1	3.301310E+2	6.766900E+1	1.410000E+0
1.587500E+1	1.494651E-1	5.572598E-1	3.301310E+2	6.766900E+1	1.410000E+0
1.588400E+1	1.494651E-1	5.572598E-1	3.301310E+2	6.766900E+1	1.410000E+0
1.596800E+1	1.494637E-1	5.572709E-1	3.301310E+2	6.766900E+1	1.410000E+0
1.597500E+1	1.494637E-1	5.572709E-1	3.301310E+2	6.766900E+1	1.410000E+0
1.605800E+1	1.494618E-1	5.573065E-1	3.301310E+2	6.766900E+1	1.410000E+0
1.606800E+1	1.494618E-1	5.573065E-1	3.301310E+2	6.766900E+1	1.410000E+0
1.615200E+1	1.494685E-1	5.573020E-1	3.301310E+2	6.766900E+1	1.410000E+0
1.616100E+1	1.494685E-1	5.573020E-1	3.301310E+2	6.766900E+1	1.410000E+0
1.624200E+1	1.494733E-1	5.573332E-1	3.301310E+2	6.766900E+1	1.410000E+0
1.625000E+1	1.494733E-1	5.573332E-1	3.301310E+2	6.766900E+1	1.410000E+0
1.636300E+1	1.494623E-1	5.573372E-1	3.301310E+2	6.766900E+1	1.410000E+0
1.637300E+1	1.494623E-1	5.573372E-1	3.301310E+2	6.766900E+1	1.410000E+0
1.645200E+1	1.494721E-1	5.573342E-1	3.301310E+2	6.766900E+1	1.410000E+0
1.646100E+1	1.494721E-1	5.573342E-1	3.301310E+2	6.766900E+1	1.410000E+0
1.654100E+1	1.494739E-1	5.573703E-1	3.301310E+2	6.766900E+1	1.410000E+0
1.655000E+1	1.494739E-1	5.573703E-1	3.301310E+2	6.766900E+1	1.410000E+0
1.663100E+1	1.566573E-1	5.937490E-1	3.301310E+2	6.766900E+1	1.410000E+0
1.664500E+1	1.566573E-1	5.937490E-1	3.301310E+2	6.766900E+1	1.410000E+0
1.672800E+1	1.605064E-1	6.135009E-1	3.301310E+2	6.766900E+1	1.410000E+0
1.673700E+1	1.605064E-1	6.135009E-1	3.301310E+2	6.766900E+1	1.410000E+0
1.685200E+1	1.605062E-1	6.135963E-1	3.301310E+2	6.766900E+1	1.410000E+0
1.686100E+1	1.605062E-1	6.135963E-1	3.301310E+2	6.766900E+1	1.410000E+0
1.694100E+1	1.605086E-1	6.136671E-1	3.301310E+2	6.766900E+1	1.410000E+0
1.695000E+1	1.605086E-1	6.136671E-1	3.301310E+2	6.766900E+1	1.410000E+0
1.703100E+1	1.605138E-1	6.136214E-1	3.301310E+2	6.766900E+1	1.410000E+0
1.704000E+1	1.605138E-1	6.136214E-1	3.301310E+2	6.766900E+1	1.410000E+0
1.712100E+1	1.605022E-1	6.134462E-1	3.301310E+2	6.766900E+1	1.410000E+0
1.712900E+1	1.605022E-1	6.134462E-1	3.301310E+2	6.766900E+1	1.410000E+0
1.721100E+1	1.605162E-1	6.132594E-1	3.301310E+2	6.766900E+1	1.410000E+0
1.722000E+1	1.605162E-1	6.132594E-1	3.301310E+2	6.766900E+1	1.410000E+0
1.733300E+1	1.605231E-1	6.132930E-1	3.301310E+2	6.766900E+1	1.410000E+0
1.734200E+1	1.605231E-1	6.132930E-1	3.301310E+2	6.766900E+1	1.410000E+0
1.742000E+1	1.605138E-1	6.131585E-1	3.301310E+2	6.766900E+1	1.410000E+0
1.742900E+1	1.605138E-1	6.131585E-1	3.301310E+2	6.766900E+1	1.410000E+0
1.751000E+1	1.605140E-1	6.130902E-1	3.301310E+2	6.766900E+1	1.410000E+0
1.751900E+1	1.605140E-1	6.130902E-1	3.301310E+2	6.766900E+1	1.410000E+0
1.760100E+1	1.605018E-1	6.130324E-1	3.301310E+2	6.766900E+1	1.410000E+0
1.761400E+1	1.605018E-1	6.130324E-1	3.301310E+2	6.766900E+1	1.410000E+0
1.769700E+1	1.714916E-1	6.716049E-1	3.301310E+2	6.766900E+1	1.410000E+0
1.770500E+1	1.714916E-1	6.716049E-1	3.301310E+2	6.766900E+1	1.410000E+0
1.782000E+1	1.715063E-1	6.717606E-1	3.301310E+2	6.766900E+1	1.410000E+0
1.782900E+1	1.715063E-1	6.717606E-1	3.301310E+2	6.766900E+1	1.410000E+0
1.791100E+1	1.715105E-1	6.718314E-1	3.301310E+2	6.766900E+1	1.410000E+0
1.792000E+1	1.715105E-1	6.718314E-1	3.301310E+2	6.766900E+1	1.410000E+0
1.800000E+1	1.715005E-1	6.718309E-1	3.301310E+2	6.766900E+1	1.410000E+0
1.801000E+1	1.715005E-1	6.718309E-1	3.301310E+2	6.766900E+1	1.410000E+0
1.809000E+1	1.715135E-1	6.718575E-1	3.301310E+2	6.766900E+1	1.410000E+0
1.809900E+1	1.715135E-1	6.718575E-1	3.301310E+2	6.766900E+1	1.410000E+0
1.818000E+1	1.715085E-1	6.718063E-1	3.301310E+2	6.766900E+1	1.410000E+0
1.818900E+1	1.715085E-1	6.718063E-1	3.301310E+2	6.766900E+1	1.410000E+0
1.830300E+1	1.715125E-1	6.718103E-1	3.301310E+2	6.766900E+1	1.410000E+0
1.831200E+1	1.715125E-1	6.718103E-1	3.301310E+2	6.766900E+1	1.410000E+0
1.839000E+1	1.715097E-1	6.717832E-1	3.301310E+2	6.766900E+1	1.410000E+0
1.839800E+1	1.715097E-1	6.717832E-1	3.301310E+2	6.766900E+1	1.410000E+0
1.848000E+1	1.715169E-1	6.718665E-1	3.301310E+2	6.766900E+1	1.410000E+0
1.848900E+1	1.715169E-1	6.718665E-1	3.301310E+2	6.766900E+1	1.410000E+0
1.857000E+1	1.715131E-1	6.718630E-1	3.301310E+2	6.766900E+1	1.410000E+0
1.857900E+1	1.715131E-1	6.718630E-1	3.301310E+2	6.766900E+1	1.410000E+0
1.866000E+1	1.715075E-1	6.718459E-1	3.301310E+2	6.766900E+1	1.410000E+0
1.867300E+1	1.715075E-1	6.718459E-1	3.301310E+2	6.766900E+1	1.410000E+0
1.878600E+1	1.799261E-1	7.331189E-1	3.301310E+2	6.766900E+1	1.410000E+0
1.879500E+1	1.799261E-1	7.331189E-1	3.301310E+2	6.766900E+1	1.410000E+0
1.888000E+1	1.825450E-1	7.337988E-1	3.301310E+2	6.766900E+1	1.410000E+0
1.888800E+1	1.825450E-1	7.337988E-1	3.301310E+2	6.766900E+1	1.410000E+0
1.897000E+1	1.825480E-1	7.338038E-1	3.301310E+2	6.766900E+1	1.410000E+0
1.897800E+1	1.825480E-1	7.338038E-1	3.301310E+2	6.766900E+1	1.410000E+0
1.905900E+1	1.825464E-1	7.338118E-1	3.301310E+2	6.766900E+1	1.410000E+0
1.906800E+1	1.825464E-1	7.338118E-1	3.301310E+2	6.766900E+1	1.410000E+0
1.914900E+1	1.825456E-1	7.338299E-1	3.301310E+2	6.766900E+1	1.410000E+0
1.915800E+1	1.825456E-1	7.338299E-1	3.301310E+2	6.766900E+1	1.410000E+0
1.927000E+1	1.825414E-1	7.338716E-1	3.301310E+2	6.766900E+1	1.410000E+0
1.927900E+1	1.825414E-1	7.338716E-1	3.301310E+2	6.766900E+1	1.410000E+0
1.936000E+1	1.825484E-1	7.338375E-1	3.301310E+2	6.766900E+1	1.410000E+0
1.936900E+1	1.825484E-1	7.338375E-1	3.301310E+2	6.766900E+1	1.410000E+0
1.944900E+1	1.825498E-1	7.337923E-1	3.301310E+2	6.766900E+1	1.410000E+0
1.945700E+1	1.825498E-1	7.337923E-1	3.301310E+2	6.766900E+1	1.410000E+0
1.954000E+1	1.825376E-1	7.337154E-1	3.301310E+2	6.766900E+1	1.410000E+0
1.954900E+1	1.825376E-1	7.337154E-1	3.301310E+2	6.766900E+1	1.410000E+0
1.963000E+1	1.825356E-1	7.336095E-1	3.301310E+2	6.766900E+1	1.410000E+0
1.964300E+1	1.825356E-1	7.336095E-1	3.301310E+2	6.766900E+1	1.410000E+0
1.975500E+1	1.825440E-1	7.335708E-1	3.301310E+2	6.766900E+1	1.410000E+0
1.976400E+1	1.825440E-1	7.335708E-1	3.301310E+2	6.766900E+1	1.410000E+0
1.985000E+1	1.873092E-1	7.611937E-1	3.301310E+2	6.766900E+1	1.410000E+0
1.985900E+1	1.873092E-1	7.611937E-1	3.301310E+2	6.766900E+1	1.410000E+0
1.993900E+1	1.880389E-1	7.655096E-1	3.301310E+2	6.766900E+1	1.410000E+0
1.994800E+1	1.880389E-1	7.655096E-1	3.301310E+2	6.766900E+1	1.410000E+0
2.002900E+1	1.880431E-1	7.654554E-1	3.301310E+2	6.766900E+1	1.410000E+0
2.003900E+1	1.880431E-1	7.654554E-1	3.301310E+2	6.766900E+1	1.410000E+0
2.011900E+1	1.880379E-1	7.652259E-1	3.301310E+2	6.766900E+1	1.410000E+0
2.012700E+1	1.880379E-1	7.652259E-1	3.301310E+2	6.766900E+1	1.410000E+0
2.024000E+1	1.880295E-1	7.651566E-1	3.301310E+2	6.766900E+1	1.410000E+0
2.024900E+1	1.880295E-1	7.651566E-1	3.301310E+2	6.766900E+1	1.410000E+0
2.032800E+1	1.880431E-1	7.653539E-1	3.301310E+2	6.766900E+1	1.410000E+0
2.033800E+1	1.880431E-1	7.653539E-1	3.301310E+2	6.766900E+1	1.410000E+0
2.041800E+1	1.880443E-1	7.653921E-1	3.301310E+2	6.766900E+1	1.410000E+0
2.042700E+1	1.880443E-1	7.653921E-1	3.301310E+2	6.766900E+1	1.410000E+0
2.050900E+1	1.880482E-1	7.654061E-1	3.301310E+2	6.766900E+1	1.410000E+0
2.051800E+1	1.880482E-1	7.654061E-1	3.301310E+2	6.766900E+1	1.410000E+0
2.059800E+1	1.880452E-1	7.652806E-1	3.301310E+2	6.766900E+1	1.410000E+0
2.061100E+1	1.880452E-1	7.652806E-1	3.301310E+2	6.766900E+1	1.410000E+0
2.072600E+1	1.880443E-1	7.653524E-1	3.301310E+2	6.766900E+1	1.410000E+0
2.073500E+1	1.880443E-1	7.653524E-1	3.301310E+2	6.766900E+1	1.410000E+0
2.081800E+1	1.880500E-1	7.652620E-1	3.301310E+2	6.766900E+1	1.410000E+0
2.082800E+1	1.880500E-1	7.652620E-1	3.301310E+2	6.766900E+1	1.410000E+0
2.090800E+1	1.990765E-1	8.315132E-1	3.301310E+2	6.766900E+1	1.410000E+0
2.091700E+1	1.990765E-1	8.315132E-1	3.301310E+2	6.766900E+1	1.410000E+0
2.099900E+1	1.990897E-1	8.317185E-1	3.301310E+2	6.766900E+1	1.410000E+0
2.100800E+1	1.990897E-1	8.317185E-1	3.301310E+2	6.766900E+1	1.410000E+0
2.108800E+1	1.990827E-1	8.318561E-1	3.301310E+2	6.766900E+1	1.410000E+0
2.109800E+1	1.990827E-1	8.318561E-1	3.301310E+2	6.766900E+1	1.410000E+0
2.121200E+1	1.990855E-1	8.316538E-1	3.301310E+2	6.766900E+1	1.410000E+0
2.122100E+1	1.990855E-1	8.316538E-1	3.301310E+2	6.766900E+1	1.410000E+0
2.130500E+1	1.990941E-1	8.318095E-1	3.301310E+2	6.766900E+1	1.410000E+0
2.131400E+1	1.990941E-1	8.318095E-1	3.301310E+2	6.766900E+1	1.410000E+0
2.139800E+1	1.990867E-1	8.318160E-1	3.301310E+2	6.766900E+1	1.410000E+0
2.140700E+1	1.990867E-1	8.318160E-1	3.301310E+2	6.766900E+1	1.410000E+0
2.148900E+1	1.990825E-1	8.318436E-1	3.301310E+2	6.766900E+1	1.410000E+0
2.149700E+1	1.990825E-1	8.318436E-1	3.301310E+2	6.766900E+1	1.410000E+0
2.157800E+1	1.990837E-1	8.318356E-1	3.301310E+2	6.766900E+1	1.410000E+0
2.158600E+1	1.990837E-1	8.318356E-1	3.301310E+2	6.766900E+1	1.410000E+0
2.169800E+1	1.990869E-1	8.319119E-1	3.301310E+2	6.766900E+1	1.410000E+0
2.171100E+1	1.990869E-1	8.319119E-1	3.301310E+2	6.766900E+1	1.410000E+0
2.179500E+1	1.990881E-1	8.319365E-1	3.301310E+2	6.766900E+1	1.410000E+0
2.180400E+1	1.990881E-1	8.319365E-1	3.301310E+2	6.766900E+1	1.410000E+0
2.188800E+1	1.990809E-1	8.319953E-1	3.301310E+2	6.766900E+1	1.410000E+0
2.189700E+1	1.990809E-1	8.319953E-1	3.301310E+2	6.766900E+1	1.410000E+0
2.197800E+1	2.073608E-1	8.836132E-1	3.301310E+2	6.766900E+1	1.410000E+0
2.198700E+1	2.073608E-1	8.836132E-1	3.301310E+2	6.766900E+1	1.410000E+0
2.206700E+1	2.100110E-1	9.007712E-1	3.301310E+2	6.766900E+1	1.410000E+0
2.207600E+1	2.100110E-1	9.007712E-1	3.301310E+2	6.766900E+1	1.410000E+0
2.218900E+1	2.100150E-1	9.007430E-1	3.301310E+2	6.766900E+1	1.410000E+0
2.219800E+1	2.100150E-1	9.007430E-1	3.301310E+2	6.766900E+1	1.410000E+0
2.227800E+1	2.100172E-1	9.007747E-1	3.301310E+2	6.766900E+1	1.410000E+0
2.228700E+1	2.100172E-1	9.007747E-1	3.301310E+2	6.766900E+1	1.410000E+0
2.236700E+1	2.099971E-1	9.008937E-1	3.301310E+2	6.766900E+1	1.410000E+0
2.237600E+1	2.099971E-1	9.008937E-1	3.301310E+2	6.766900E+1	1.410000E+0
2.245700E+1	2.100080E-1	9.009017E-1	3.301310E+2	6.766900E+1	1.410000E+0
2.246600E+1	2.100080E-1	9.009017E-1	3.301310E+2	6.766900E+1	1.410000E+0
2.254800E+1	2.099994E-1	9.004026E-1	3.301310E+2	6.766900E+1	1.410000E+0
2.255700E+1	2.099994E-1	9.004026E-1	3.301310E+2	6.766900E+1	1.410000E+0
2.266800E+1	2.099869E-1	9.004086E-1	3.301310E+2	6.766900E+1	1.410000E+0
2.268100E+1	2.099869E-1	9.004086E-1	3.301310E+2	6.766900E+1	1.410000E+0
2.276300E+1	2.099893E-1	9.002314E-1	3.301310E+2	6.766900E+1	1.410000E+0
2.277100E+1	2.099893E-1	9.002314E-1	3.301310E+2	6.766900E+1	1.410000E+0
2.285700E+1	2.099907E-1	9.003664E-1	3.301310E+2	6.766900E+1	1.410000E+0
2.286600E+1	2.099907E-1	9.003664E-1	3.301310E+2	6.766900E+1	1.410000E+0
2.294700E+1	2.099889E-1	9.003509E-1	3.301310E+2	6.766900E+1	1.410000E+0
2.295600E+1	2.099889E-1	9.003509E-1	3.301310E+2	6.766900E+1	1.410000E+0
2.303700E+1	2.181505E-1	9.534567E-1	3.301310E+2	6.766900E+1	1.410000E+0
2.304600E+1	2.181505E-1	9.534567E-1	3.301310E+2	6.766900E+1	1.410000E+0
2.315800E+1	2.210022E-1	9.727803E-1	3.301310E+2	6.766900E+1	1.410000E+0
2.316700E+1	2.210022E-1	9.727803E-1	3.301310E+2	6.766900E+1	1.410000E+0
2.324700E+1	2.210150E-1	9.729149E-1	3.301310E+2	6.766900E+1	1.410000E+0
2.325600E+1	2.210150E-1	9.729149E-1	3.301310E+2	6.766900E+1	1.410000E+0
2.333600E+1	2.210052E-1	9.727964E-1	3.301310E+2	6.766900E+1	1.410000E+0
2.334500E+1	2.210052E-1	9.727964E-1	3.301310E+2	6.766900E+1	1.410000E+0
2.342600E+1	2.210213E-1	9.729209E-1	3.301310E+2	6.766900E+1	1.410000E+0
2.343500E+1	2.210213E-1	9.729209E-1	3.301310E+2	6.766900E+1	1.410000E+0
2.351700E+1	2.210183E-1	9.730294E-1	3.301310E+2	6.766900E+1	1.410000E+0
2.352500E+1	2.210183E-1	9.730294E-1	3.301310E+2	6.766900E+1	1.410000E+0
2.363800E+1	2.210060E-1	9.729746E-1	3.301310E+2	6.766900E+1	1.410000E+0
2.365100E+1	2.210060E-1	9.729746E-1	3.301310E+2	6.766900E+1	1.410000E+0
2.373400E+1	2.210175E-1	9.730088E-1	3.301310E+2	6.766900E+1	1.410000E+0
2.374200E+1	2.210175E-1	9.730088E-1	3.301310E+2	6.766900E+1	1.410000E+0
2.382700E+1	2.210207E-1	9.731298E-1	3.301310E+2	6.766900E+1	1.410000E+0
2.383600E+1	2.210207E-1	9.731298E-1	3.301310E+2	6.766900E+1	1.410000E+0
2.391700E+1	2.210146E-1	9.731047E-1	3.301310E+2	6.766900E+1	1.410000E+0
2.392500E+1	2.210146E-1	9.731047E-1	3.301310E+2	6.766900E+1	1.410000E+0
2.400600E+1	2.210122E-1	9.731047E-1	3.301310E+2	6.766900E+1	1.410000E+0
2.401500E+1	2.210122E-1	9.731047E-1	3.301310E+2	6.766900E+1	1.410000E+0
2.412700E+1	2.302179E-1	1.035723E+0	3.301310E+2	6.766900E+1	1.410000E+0
2.413600E+1	2.302179E-1	1.035723E+0	3.301310E+2	6.766900E+1	1.410000E+0
2.421600E+1	2.320207E-1	1.048323E+0	3.301310E+2	6.766900E+1	1.410000E+0
2.422500E+1	2.320207E-1	1.048323E+0	3.301310E+2	6.766900E+1	1.410000E+0
2.430600E+1	2.320319E-1	1.048480E+0	3.301310E+2	6.766900E+1	1.410000E+0
2.431500E+1	2.320319E-1	1.048480E+0	3.301310E+2	6.766900E+1	1.410000E+0
2.439600E+1	2.320325E-1	1.048615E+0	3.301310E+2	6.766900E+1	1.410000E+0
2.440500E+1	2.320325E-1	1.048615E+0	3.301310E+2	6.766900E+1	1.410000E+0
2.448600E+1	2.320510E-1	1.048627E+0	3.301310E+2	6.766900E+1	1.410000E+0
2.449500E+1	2.320510E-1	1.048627E+0	3.301310E+2	6.766900E+1	1.410000E+0
2.460700E+1	2.320452E-1	1.048809E+0	3.301310E+2	6.766900E+1	1.410000E+0
2.462000E+1	2.320452E-1	1.048809E+0	3.301310E+2	6.766900E+1	1.410000E+0
2.470200E+1	2.320368E-1	1.048824E+0	3.301310E+2	6.766900E+1	1.410000E+0
2.471000E+1	2.320368E-1	1.048824E+0	3.301310E+2	6.766900E+1	1.410000E+0
2.479200E+1	2.320231E-1	1.048803E+0	3.301310E+2	6.766900E+1	1.410000E+0
2.480100E+1	2.320231E-1	1.048803E+0	3.301310E+2	6.766900E+1	1.410000E+0
2.488600E+1	2.320327E-1	1.049020E+0	3.301310E+2	6.766900E+1	1.410000E+0
2.489500E+1	2.320327E-1	1.049020E+0	3.301310E+2	6.766900E+1	1.410000E+0
2.497500E+1	2.320416E-1	1.048818E+0	3.301310E+2	6.766900E+1	1.410000E+0
2.498400E+1	2.320416E-1	1.048818E+0	3.301310E+2	6.766900E+1	1.410000E+0
2.509900E+1	2.320329E-1	1.048871E+0	3.301310E+2	6.766900E+1	1.410000E+0
2.510700E+1	2.320329E-1	1.048871E+0	3.301310E+2	6.766900E+1	1.410000E+0
2.518600E+1	2.361738E-1	1.077980E+0	3.301310E+2	6.766900E+1	1.410000E+0
2.519500E+1	2.361738E-1	1.077980E+0	3.301310E+2	6.766900E+1	1.410000E+0
2.527700E+1	2.375443E-1	1.087785E+0	3.301310E+2	6.766900E+1	1.410000E+0
2.528500E+1	2.375443E-1	1.087785E+0	3.301310E+2	6.766900E+1	1.410000E+0
2.536600E+1	2.375429E-1	1.087847E+0	3.301310E+2	6.766900E+1	1.410000E+0
2.537500E+1	2.375429E-1	1.087847E+0	3.301310E+2	6.766900E+1	1.410000E+0
2.545600E+1	2.375339E-1	1.087762E+0	3.301310E+2	6.766900E+1	1.410000E+0
2.546600E+1	2.375339E-1	1.087762E+0	3.301310E+2	6.766900E+1	1.410000E+0
2.557900E+1	2.375341E-1	1.087678E+0	3.301310E+2	6.766900E+1	1.410000E+0
2.558800E+1	2.375341E-1	1.087678E+0	3.301310E+2	6.766900E+1	1.410000E+0
2.567100E+1	2.375341E-1	1.087788E+0	3.301310E+2	6.766900E+1	1.410000E+0
2.568500E+1	2.375341E-1	1.087788E+0	3.301310E+2	6.766900E+1	1.410000E+0
2.576600E+1	2.375263E-1	1.087871E+0	3.301310E+2	6.766900E+1	1.410000E+0
2.577400E+1	2.375263E-1	1.087871E+0	3.301310E+2	6.766900E+1	1.410000E+0
2.585500E+1	2.375267E-1	1.087896E+0	3.301310E+2	6.766900E+1	1.410000E+0
2.586400E+1	2.375267E-1	1.087896E+0	3.301310E+2	6.766900E+1	1.410000E+0
2.594600E+1	2.375317E-1	1.087888E+0	3.301310E+2	6.766900E+1	1.410000E+0
2.595600E+1	2.375317E-1	1.087888E+0	3.301310E+2	6.766900E+1	1.410000E+0
2.606600E+1	2.375303E-1	1.087942E+0	3.301310E+2	6.766900E+1	1.410000E+0
2.607500E+1	2.375303E-1	1.087942E+0	3.301310E+2	6.766900E+1	1.410000E+0
2.615500E+1	2.375371E-1	1.088096E+0	3.301310E+2	6.766900E+1	1.410000E+0
2.616400E+1	2.375371E-1	1.088096E+0	3.301310E+2	6.766900E+1	1.410000E+0
2.624600E+1	2.463673E-1	1.151605E+0	3.301310E+2	6.766900E+1	1.410000E+0
2.625500E+1	2.463673E-1	1.151605E+0	3.301310E+2	6.766900E+1	1.410000E+0
2.633600E+1	2.485674E-1	1.167824E+0	3.301310E+2	6.766900E+1	1.410000E+0
2.634400E+1	2.485674E-1	1.167824E+0	3.301310E+2	6.766900E+1	1.410000E+0
2.642600E+1	2.485644E-1	1.167787E+0	3.301310E+2	6.766900E+1	1.410000E+0
2.643500E+1	2.485644E-1	1.167787E+0	3.301310E+2	6.766900E+1	1.410000E+0
2.654600E+1	2.485530E-1	1.167930E+0	3.301310E+2	6.766900E+1	1.410000E+0
2.655400E+1	2.485530E-1	1.167930E+0	3.301310E+2	6.766900E+1	1.410000E+0
2.663500E+1	2.485566E-1	1.167923E+0	3.301310E+2	6.766900E+1	1.410000E+0
2.664800E+1	2.485566E-1	1.167923E+0	3.301310E+2	6.766900E+1	1.410000E+0
2.673100E+1	2.485598E-1	1.167974E+0	3.301310E+2	6.766900E+1	1.410000E+0
2.673900E+1	2.485598E-1	1.167974E+0	3.301310E+2	6.766900E+1	1.410000E+0
2.682600E+1	2.485568E-1	1.168065E+0	3.301310E+2	6.766900E+1	1.410000E+0
2.683500E+1	2.485568E-1	1.168065E+0	3.301310E+2	6.766900E+1	1.410000E+0
2.691500E+1	2.485600E-1	1.168034E+0	3.301310E+2	6.766900E+1	1.410000E+0
2.692300E+1	2.485600E-1	1.168034E+0	3.301310E+2	6.766900E+1	1.410000E+0
2.703700E+1	2.485556E-1	1.168002E+0	3.301310E+2	6.766900E+1	1.410000E+0
2.704500E+1	2.485556E-1	1.168002E+0	3.301310E+2	6.766900E+1	1.410000E+0
2.712400E+1	2.485574E-1	1.168057E+0	3.301310E+2	6.766900E+1	1.410000E+0
2.713300E+1	2.485574E-1	1.168057E+0	3.301310E+2	6.766900E+1	1.410000E+0
2.721500E+1	2.485486E-1	1.168008E+0	3.301310E+2	6.766900E+1	1.410000E+0
2.722400E+1	2.485486E-1	1.168008E+0	3.301310E+2	6.766900E+1	1.410000E+0
2.730500E+1	2.595308E-1	1.249793E+0	3.301310E+2	6.766900E+1	1.410000E+0
2.731300E+1	2.595308E-1	1.249793E+0	3.301310E+2	6.766900E+1	1.410000E+0
2.739600E+1	2.595434E-1	1.250238E+0	3.301310E+2	6.766900E+1	1.410000E+0
2.740500E+1	2.595434E-1	1.250238E+0	3.301310E+2	6.766900E+1	1.410000E+0
2.751600E+1	2.595400E-1	1.250277E+0	3.301310E+2	6.766900E+1	1.410000E+0
2.752500E+1	2.595400E-1	1.250277E+0	3.301310E+2	6.766900E+1	1.410000E+0
2.760400E+1	2.595448E-1	1.250386E+0	3.301310E+2	6.766900E+1	1.410000E+0
2.761800E+1	2.595448E-1	1.250386E+0	3.301310E+2	6.766900E+1	1.410000E+0
2.770200E+1	2.595611E-1	1.250508E+0	3.301310E+2	6.766900E+1	1.410000E+0
2.771100E+1	2.595611E-1	1.250508E+0	3.301310E+2	6.766900E+1	1.410000E+0
2.779500E+1	2.595647E-1	1.250510E+0	3.301310E+2	6.766900E+1	1.410000E+0
2.780300E+1	2.595647E-1	1.250510E+0	3.301310E+2	6.766900E+1	1.410000E+0
2.788500E+1	2.595556E-1	1.250470E+0	3.301310E+2	6.766900E+1	1.410000E+0
2.789300E+1	2.595556E-1	1.250470E+0	3.301310E+2	6.766900E+1	1.410000E+0
2.800700E+1	2.595689E-1	1.250626E+0	3.301310E+2	6.766900E+1	1.410000E+0
2.801700E+1	2.595689E-1	1.250626E+0	3.301310E+2	6.766900E+1	1.410000E+0
2.810200E+1	2.595741E-1	1.250756E+0	3.301310E+2	6.766900E+1	1.410000E+0
2.811000E+1	2.595741E-1	1.250756E+0	3.301310E+2	6.766900E+1	1.410000E+0
2.819500E+1	2.595733E-1	1.250741E+0	3.301310E+2	6.766900E+1	1.410000E+0
2.820400E+1	2.595733E-1	1.250741E+0	3.301310E+2	6.766900E+1	1.410000E+0
2.828500E+1	2.595611E-1	1.250722E+0	3.301310E+2	6.766900E+1	1.410000E+0
2.829400E+1	2.595611E-1	1.250722E+0	3.301310E+2	6.766900E+1	1.410000E+0
2.837500E+1	2.705950E-1	1.335502E+0	3.301310E+2	6.766900E+1	1.410000E+0
2.838300E+1	2.705950E-1	1.335502E+0	3.301310E+2	6.766900E+1	1.410000E+0
2.849600E+1	2.706050E-1	1.335855E+0	3.301310E+2	6.766900E+1	1.410000E+0
2.850500E+1	2.706050E-1	1.335855E+0	3.301310E+2	6.766900E+1	1.410000E+0
2.858400E+1	2.705964E-1	1.335999E+0	3.301310E+2	6.766900E+1	1.410000E+0
2.859400E+1	2.705964E-1	1.335999E+0	3.301310E+2	6.766900E+1	1.410000E+0
2.867500E+1	2.705948E-1	1.335990E+0	3.301310E+2	6.766900E+1	1.410000E+0
2.868900E+1	2.705948E-1	1.335990E+0	3.301310E+2	6.766900E+1	1.410000E+0
2.877100E+1	2.706014E-1	1.336138E+0	3.301310E+2	6.766900E+1	1.410000E+0
2.878000E+1	2.706014E-1	1.336138E+0	3.301310E+2	6.766900E+1	1.410000E+0
2.886500E+1	2.706062E-1	1.336091E+0	3.301310E+2	6.766900E+1	1.410000E+0
2.887400E+1	2.706062E-1	1.336091E+0	3.301310E+2	6.766900E+1	1.410000E+0
2.898500E+1	2.706046E-1	1.336109E+0	3.301310E+2	6.766900E+1	1.410000E+0
2.899300E+1	2.706046E-1	1.336109E+0	3.301310E+2	6.766900E+1	1.410000E+0
2.907400E+1	2.706034E-1	1.336165E+0	3.301310E+2	6.766900E+1	1.410000E+0
2.908300E+1	2.706034E-1	1.336165E+0	3.301310E+2	6.766900E+1	1.410000E+0
2.916400E+1	2.706014E-1	1.336213E+0	3.301310E+2	6.766900E+1	1.410000E+0
2.917300E+1	2.706014E-1	1.336213E+0	3.301310E+2	6.766900E+1	1.410000E+0
2.925600E+1	2.706000E-1	1.336091E+0	3.301310E+2	6.766900E+1	1.410000E+0
2.926400E+1	2.706000E-1	1.336091E+0	3.301310E+2	6.766900E+1	1.410000E+0
2.934400E+1	2.705998E-1	1.336145E+0	3.301310E+2	6.766900E+1	1.410000E+0
2.935300E+1	2.705998E-1	1.336145E+0	3.301310E+2	6.766900E+1	1.410000E+0
2.946500E+1	2.815993E-1	1.423276E+0	3.301310E+2	6.766900E+1	1.410000E+0
2.947400E+1	2.815993E-1	1.423276E+0	3.301310E+2	6.766900E+1	1.410000E+0
2.955400E+1	2.816293E-1	1.423836E+0	3.301310E+2	6.766900E+1	1.410000E+0
2.956300E+1	2.816293E-1	1.423836E+0	3.301310E+2	6.766900E+1	1.410000E+0
2.964400E+1	2.816165E-1	1.423819E+0	3.301310E+2	6.766900E+1	1.410000E+0
2.965700E+1	2.816165E-1	1.423819E+0	3.301310E+2	6.766900E+1	1.410000E+0
2.974000E+1	2.816163E-1	1.423802E+0	3.301310E+2	6.766900E+1	1.410000E+0
2.975000E+1	2.816163E-1	1.423802E+0	3.301310E+2	6.766900E+1	1.410000E+0
2.983500E+1	2.816199E-1	1.423631E+0	3.301310E+2	6.766900E+1	1.410000E+0
2.984400E+1	2.816199E-1	1.423631E+0	3.301310E+2	6.766900E+1	1.410000E+0
2.995600E+1	2.816215E-1	1.423765E+0	3.301310E+2	6.766900E+1	1.410000E+0
2.996500E+1	2.816215E-1	1.423765E+0	3.301310E+2	6.766900E+1	1.410000E+0
3.004400E+1	2.816269E-1	1.423873E+0	3.301310E+2	6.766900E+1	1.410000E+0
3.005300E+1	2.816269E-1	1.423873E+0	3.301310E+2	6.766900E+1	1.410000E+0
3.013400E+1	2.816319E-1	1.423949E+0	3.301310E+2	6.766900E+1	1.410000E+0
3.014300E+1	2.816319E-1	1.423949E+0	3.301310E+2	6.766900E+1	1.410000E+0
3.022400E+1	2.816354E-1	1.424053E+0	3.301310E+2	6.766900E+1	1.410000E+0
3.023300E+1	2.816354E-1	1.424053E+0	3.301310E+2	6.766900E+1	1.410000E+0
3.031400E+1	2.816482E-1	1.423772E+0	3.301310E+2	6.766900E+1	1.410000E+0
3.032400E+1	2.816482E-1	1.423772E+0	3.301310E+2	6.766900E+1	1.410000E+0
3.043500E+1	2.816438E-1	1.423975E+0	3.301310E+2	6.766900E+1	1.410000E+0
3.044300E+1	2.816438E-1	1.423975E+0	3.301310E+2	6.766900E+1	1.410000E+0
3.052400E+1	2.905524E-1	1.496480E+0	3.301310E+2	6.766900E+1	1.410000E+0
3.053300E+1	2.905524E-1	1.496480E+0	3.301310E+2	6.766900E+1	1.410000E+0
3.061400E+1	2.926958E-1	1.514531E+0	3.301310E+2	6.766900E+1	1.410000E+0
3.062700E+1	2.926958E-1	1.514531E+0	3.301310E+2	6.766900E+1	1.410000E+0
3.071100E+1	2.926944E-1	1.514499E+0	3.301310E+2	6.766900E+1	1.410000E+0
3.072000E+1	2.926944E-1	1.514499E+0	3.301310E+2	6.766900E+1	1.410000E+0
3.080300E+1	2.926911E-1	1.514665E+0	3.301310E+2	6.766900E+1	1.410000E+0
3.081200E+1	2.926911E-1	1.514665E+0	3.301310E+2	6.766900E+1	1.410000E+0
3.092800E+1	2.926943E-1	1.514741E+0	3.301310E+2	6.766900E+1	1.410000E+0
3.093700E+1	2.926943E-1	1.514741E+0	3.301310E+2	6.766900E+1	1.410000E+0
3.102100E+1	2.927009E-1	1.514881E+0	3.301310E+2	6.766900E+1	1.410000E+0
3.103000E+1	2.927009E-1	1.514881E+0	3.301310E+2	6.766900E+1	1.410000E+0
3.111400E+1	2.926909E-1	1.514862E+0	3.301310E+2	6.766900E+1	1.410000E+0
3.112300E+1	2.926909E-1	1.514862E+0	3.301310E+2	6.766900E+1	1.410000E+0
3.120300E+1	2.926909E-1	1.514856E+0	3.301310E+2	6.766900E+1	1.410000E+0
3.121200E+1	2.926909E-1	1.514856E+0	3.301310E+2	6.766900E+1	1.410000E+0
3.129400E+1	2.926871E-1	1.514880E+0	3.301310E+2	6.766900E+1	1.410000E+0
