Sample;s6(j3)
V-V length(cm);1.000000
Field (T);5.023003
Temp (K);4.200000
Angle (deg.);0.000000
Field(T)_memo;5.000000
Time(sec.)	Current(A)	Voltage(uV)	Temp.1(K)	Temp.2(K)	Temp.3(K)
0.000000E+0	7.857521E-4	3.012773E-6	3.301310E+2	6.766900E+1	1.410000E+0
1.400000E-2	7.877570E-4	-6.527675E-6	3.301310E+2	6.766900E+1	1.410000E+0
2.800000E-2	7.877570E-4	-6.527675E-6	3.301310E+2	6.766900E+1	1.410000E+0
1.110000E-1	7.795371E-4	2.008515E-6	3.301310E+2	6.766900E+1	1.410000E+0
1.200000E-1	7.795371E-4	2.008515E-6	3.301310E+2	6.766900E+1	1.410000E+0
2.040000E-1	1.180364E-2	7.632359E-5	3.301310E+2	6.766900E+1	1.410000E+0
2.130000E-1	1.180364E-2	7.632359E-5	3.301310E+2	6.766900E+1	1.410000E+0
2.940000E-1	1.180224E-2	8.435765E-5	3.301310E+2	6.766900E+1	1.410000E+0
3.030000E-1	1.180224E-2	8.435765E-5	3.301310E+2	6.766900E+1	1.410000E+0
4.140000E-1	2.284419E-2	3.572647E-3	3.301310E+2	6.766900E+1	1.410000E+0
4.230000E-1	2.284419E-2	3.572647E-3	3.301310E+2	6.766900E+1	1.410000E+0
5.030000E-1	2.285642E-2	3.574655E-3	3.301310E+2	6.766900E+1	1.410000E+0
5.120000E-1	2.285642E-2	3.574655E-3	3.301310E+2	6.766900E+1	1.410000E+0
5.940000E-1	2.734289E-2	6.589939E-3	3.301310E+2	6.766900E+1	1.410000E+0
6.030000E-1	2.734289E-2	6.589939E-3	3.301310E+2	6.766900E+1	1.410000E+0
6.840000E-1	2.836376E-2	7.380792E-3	3.301310E+2	6.766900E+1	1.410000E+0
6.940000E-1	2.836376E-2	7.380792E-3	3.301310E+2	6.766900E+1	1.410000E+0
7.740000E-1	3.710394E-2	1.492628E-2	3.301310E+2	6.766900E+1	1.410000E+0
7.820000E-1	3.710394E-2	1.492628E-2	3.301310E+2	6.766900E+1	1.410000E+0
8.950000E-1	3.931770E-2	1.702468E-2	3.301310E+2	6.766900E+1	1.410000E+0
9.040000E-1	3.931770E-2	1.702468E-2	3.301310E+2	6.766900E+1	1.410000E+0
9.840000E-1	4.792816E-2	2.586215E-2	3.301310E+2	6.766900E+1	1.410000E+0
9.930000E-1	4.792816E-2	2.586215E-2	3.301310E+2	6.766900E+1	1.410000E+0
1.074000E+0	5.035123E-2	2.834819E-2	3.301310E+2	6.766900E+1	1.410000E+0
1.087000E+0	5.035123E-2	2.834819E-2	3.301310E+2	6.766900E+1	1.410000E+0
1.169000E+0	5.036988E-2	2.833111E-2	3.301310E+2	6.766900E+1	1.410000E+0
1.178000E+0	5.036988E-2	2.833111E-2	3.301310E+2	6.766900E+1	1.410000E+0
1.263000E+0	6.138176E-2	4.145475E-2	3.301310E+2	6.766900E+1	1.410000E+0
1.272000E+0	6.138176E-2	4.145475E-2	3.301310E+2	6.766900E+1	1.410000E+0
1.383000E+0	6.138637E-2	4.149091E-2	3.301310E+2	6.766900E+1	1.410000E+0
1.392000E+0	6.138637E-2	4.149091E-2	3.301310E+2	6.766900E+1	1.410000E+0
1.472000E+0	7.240326E-2	5.661453E-2	3.301310E+2	6.766900E+1	1.410000E+0
1.481000E+0	7.240326E-2	5.661453E-2	3.301310E+2	6.766900E+1	1.410000E+0
1.561000E+0	7.241990E-2	5.674106E-2	3.301310E+2	6.766900E+1	1.410000E+0
1.570000E+0	7.241990E-2	5.674106E-2	3.301310E+2	6.766900E+1	1.410000E+0
1.652000E+0	7.700801E-2	6.344197E-2	3.301310E+2	6.766900E+1	1.410000E+0
1.661000E+0	7.700801E-2	6.344197E-2	3.301310E+2	6.766900E+1	1.410000E+0
1.743000E+0	7.787832E-2	6.475152E-2	3.301310E+2	6.766900E+1	1.410000E+0
1.752000E+0	7.787832E-2	6.475152E-2	3.301310E+2	6.766900E+1	1.410000E+0
1.863000E+0	8.614214E-2	7.733942E-2	3.301310E+2	6.766900E+1	1.410000E+0
1.872000E+0	8.614214E-2	7.733942E-2	3.301310E+2	6.766900E+1	1.410000E+0
1.952000E+0	8.892549E-2	8.182544E-2	3.301310E+2	6.766900E+1	1.410000E+0
1.960000E+0	8.892549E-2	8.182544E-2	3.301310E+2	6.766900E+1	1.410000E+0
2.043000E+0	9.760552E-2	9.637112E-2	3.301310E+2	6.766900E+1	1.410000E+0
2.056000E+0	9.760552E-2	9.637112E-2	3.301310E+2	6.766900E+1	1.410000E+0
2.138000E+0	9.993536E-2	1.004504E-1	3.301310E+2	6.766900E+1	1.410000E+0
2.147000E+0	9.993536E-2	1.004504E-1	3.301310E+2	6.766900E+1	1.410000E+0
2.232000E+0	9.993797E-2	1.004313E-1	3.301310E+2	6.766900E+1	1.410000E+0
2.241000E+0	9.993797E-2	1.004313E-1	3.301310E+2	6.766900E+1	1.410000E+0
2.356000E+0	1.109137E-1	1.202604E-1	3.301310E+2	6.766900E+1	1.410000E+0
2.364000E+0	1.109137E-1	1.202604E-1	3.301310E+2	6.766900E+1	1.410000E+0
2.448000E+0	1.109838E-1	1.205396E-1	3.301310E+2	6.766900E+1	1.410000E+0
2.458000E+0	1.109838E-1	1.205396E-1	3.301310E+2	6.766900E+1	1.410000E+0
2.542000E+0	1.219368E-1	1.417545E-1	3.301310E+2	6.766900E+1	1.410000E+0
2.550000E+0	1.219368E-1	1.417545E-1	3.301310E+2	6.766900E+1	1.410000E+0
2.631000E+0	1.219394E-1	1.419057E-1	3.301310E+2	6.766900E+1	1.410000E+0
2.640000E+0	1.219394E-1	1.419057E-1	3.301310E+2	6.766900E+1	1.410000E+0
2.721000E+0	1.303454E-1	1.590544E-1	3.301310E+2	6.766900E+1	1.410000E+0
2.730000E+0	1.303454E-1	1.590544E-1	3.301310E+2	6.766900E+1	1.410000E+0
2.842000E+0	1.329807E-1	1.645728E-1	3.301310E+2	6.766900E+1	1.410000E+0
2.851000E+0	1.329807E-1	1.645728E-1	3.301310E+2	6.766900E+1	1.410000E+0
2.931000E+0	1.365733E-1	1.720892E-1	3.301310E+2	6.766900E+1	1.410000E+0
2.940000E+0	1.365733E-1	1.720892E-1	3.301310E+2	6.766900E+1	1.410000E+0
3.021000E+0	1.385162E-1	1.762985E-1	3.301310E+2	6.766900E+1	1.410000E+0
3.035000E+0	1.385162E-1	1.762985E-1	3.301310E+2	6.766900E+1	1.410000E+0
3.117000E+0	1.473622E-1	2.004077E-1	3.301310E+2	6.766900E+1	1.410000E+0
3.126000E+0	1.473622E-1	2.004077E-1	3.301310E+2	6.766900E+1	1.410000E+0
3.207000E+0	1.495431E-1	2.005207E-1	3.301310E+2	6.766900E+1	1.410000E+0
3.216000E+0	1.495431E-1	2.005207E-1	3.301310E+2	6.766900E+1	1.410000E+0
3.332000E+0	1.495343E-1	2.006201E-1	3.301310E+2	6.766900E+1	1.410000E+0
3.340000E+0	1.495343E-1	2.006201E-1	3.301310E+2	6.766900E+1	1.410000E+0
3.421000E+0	1.605690E-1	2.260013E-1	3.301310E+2	6.766900E+1	1.410000E+0
3.429000E+0	1.605690E-1	2.260013E-1	3.301310E+2	6.766900E+1	1.410000E+0
3.510000E+0	1.605632E-1	2.260806E-1	3.301310E+2	6.766900E+1	1.410000E+0
3.520000E+0	1.605632E-1	2.260806E-1	3.301310E+2	6.766900E+1	1.410000E+0
3.601000E+0	1.667708E-1	2.409938E-1	3.301310E+2	6.766900E+1	1.410000E+0
3.610000E+0	1.667708E-1	2.409938E-1	3.301310E+2	6.766900E+1	1.410000E+0
3.691000E+0	1.715719E-1	2.526538E-1	3.301310E+2	6.766900E+1	1.410000E+0
3.699000E+0	1.715719E-1	2.526538E-1	3.301310E+2	6.766900E+1	1.410000E+0
3.811000E+0	1.798283E-1	2.733164E-1	3.301310E+2	6.766900E+1	1.410000E+0
3.820000E+0	1.798283E-1	2.733164E-1	3.301310E+2	6.766900E+1	1.410000E+0
3.899000E+0	1.826056E-1	2.804265E-1	3.301310E+2	6.766900E+1	1.410000E+0
3.909000E+0	1.826056E-1	2.804265E-1	3.301310E+2	6.766900E+1	1.410000E+0
3.990000E+0	1.868850E-1	2.915155E-1	3.301310E+2	6.766900E+1	1.410000E+0
3.999000E+0	1.868850E-1	2.915155E-1	3.301310E+2	6.766900E+1	1.410000E+0
4.080000E+0	1.880883E-1	2.947899E-1	3.301310E+2	6.766900E+1	1.410000E+0
4.094000E+0	1.880883E-1	2.947899E-1	3.301310E+2	6.766900E+1	1.410000E+0
4.176000E+0	1.964337E-1	3.237015E-1	3.301310E+2	6.766900E+1	1.410000E+0
4.185000E+0	1.964337E-1	3.237015E-1	3.301310E+2	6.766900E+1	1.410000E+0
4.301000E+0	1.991233E-1	3.240133E-1	3.301310E+2	6.766900E+1	1.410000E+0
4.310000E+0	1.991233E-1	3.240133E-1	3.301310E+2	6.766900E+1	1.410000E+0
4.390000E+0	1.991331E-1	3.241007E-1	3.301310E+2	6.766900E+1	1.410000E+0
4.399000E+0	1.991331E-1	3.241007E-1	3.301310E+2	6.766900E+1	1.410000E+0
4.479000E+0	2.100666E-1	3.537188E-1	3.301310E+2	6.766900E+1	1.410000E+0
4.488000E+0	2.100666E-1	3.537188E-1	3.301310E+2	6.766900E+1	1.410000E+0
4.569000E+0	2.100746E-1	3.538965E-1	3.301310E+2	6.766900E+1	1.410000E+0
4.578000E+0	2.100746E-1	3.538965E-1	3.301310E+2	6.766900E+1	1.410000E+0
4.659000E+0	2.210879E-1	3.846238E-1	3.301310E+2	6.766900E+1	1.410000E+0
4.668000E+0	2.210879E-1	3.846238E-1	3.301310E+2	6.766900E+1	1.410000E+0
4.781000E+0	2.210917E-1	3.848397E-1	3.301310E+2	6.766900E+1	1.410000E+0
4.789000E+0	2.210917E-1	3.848397E-1	3.301310E+2	6.766900E+1	1.410000E+0
4.870000E+0	2.296294E-1	4.091875E-1	3.301310E+2	6.766900E+1	1.410000E+0
4.879000E+0	2.296294E-1	4.091875E-1	3.301310E+2	6.766900E+1	1.410000E+0
4.959000E+0	2.321212E-1	4.165723E-1	3.301310E+2	6.766900E+1	1.410000E+0
4.967000E+0	2.321212E-1	4.165723E-1	3.301310E+2	6.766900E+1	1.410000E+0
5.049000E+0	2.349186E-1	4.243739E-1	3.301310E+2	6.766900E+1	1.410000E+0
5.062000E+0	2.349186E-1	4.243739E-1	3.301310E+2	6.766900E+1	1.410000E+0
5.145000E+0	2.376312E-1	4.322573E-1	3.301310E+2	6.766900E+1	1.410000E+0
5.154000E+0	2.376312E-1	4.322573E-1	3.301310E+2	6.766900E+1	1.410000E+0
5.270000E+0	2.431421E-1	4.483646E-1	3.301310E+2	6.766900E+1	1.410000E+0
5.279000E+0	2.431421E-1	4.483646E-1	3.301310E+2	6.766900E+1	1.410000E+0
5.359000E+0	2.486611E-1	4.647124E-1	3.301310E+2	6.766900E+1	1.410000E+0
5.367000E+0	2.486611E-1	4.647124E-1	3.301310E+2	6.766900E+1	1.410000E+0
5.449000E+0	2.486595E-1	4.646958E-1	3.301310E+2	6.766900E+1	1.410000E+0
5.457000E+0	2.486595E-1	4.646958E-1	3.301310E+2	6.766900E+1	1.410000E+0
5.538000E+0	2.596499E-1	4.973618E-1	3.301310E+2	6.766900E+1	1.410000E+0
5.546000E+0	2.596499E-1	4.973618E-1	3.301310E+2	6.766900E+1	1.410000E+0
5.629000E+0	2.596469E-1	4.975486E-1	3.301310E+2	6.766900E+1	1.410000E+0
5.638000E+0	2.596469E-1	4.975486E-1	3.301310E+2	6.766900E+1	1.410000E+0
5.750000E+0	2.706831E-1	5.307640E-1	3.301310E+2	6.766900E+1	1.410000E+0
5.759000E+0	2.706831E-1	5.307640E-1	3.301310E+2	6.766900E+1	1.410000E+0
5.839000E+0	2.706695E-1	5.309437E-1	3.301310E+2	6.766900E+1	1.410000E+0
5.847000E+0	2.706695E-1	5.309437E-1	3.301310E+2	6.766900E+1	1.410000E+0
5.928000E+0	2.791789E-1	5.568119E-1	3.301310E+2	6.766900E+1	1.410000E+0
5.937000E+0	2.791789E-1	5.568119E-1	3.301310E+2	6.766900E+1	1.410000E+0
6.018000E+0	2.816799E-1	5.645974E-1	3.301310E+2	6.766900E+1	1.410000E+0
6.032000E+0	2.816799E-1	5.645974E-1	3.301310E+2	6.766900E+1	1.410000E+0
6.114000E+0	2.872230E-1	5.897270E-1	3.301310E+2	6.766900E+1	1.410000E+0
6.122000E+0	2.872230E-1	5.897270E-1	3.301310E+2	6.766900E+1	1.410000E+0
6.240000E+0	2.927339E-1	5.988652E-1	3.301310E+2	6.766900E+1	1.410000E+0
6.248000E+0	2.927339E-1	5.988652E-1	3.301310E+2	6.766900E+1	1.410000E+0
6.328000E+0	2.967058E-1	6.111849E-1	3.301310E+2	6.766900E+1	1.410000E+0
6.337000E+0	2.967058E-1	6.111849E-1	3.301310E+2	6.766900E+1	1.410000E+0
6.417000E+0	2.983580E-1	6.165005E-1	3.301310E+2	6.766900E+1	1.410000E+0
6.426000E+0	2.983580E-1	6.165005E-1	3.301310E+2	6.766900E+1	1.410000E+0
6.507000E+0	2.983634E-1	6.165597E-1	3.301310E+2	6.766900E+1	1.410000E+0
6.516000E+0	2.983634E-1	6.165597E-1	3.301310E+2	6.766900E+1	1.410000E+0
6.597000E+0	3.094336E-1	6.512428E-1	3.301310E+2	6.766900E+1	1.410000E+0
6.606000E+0	3.094336E-1	6.512428E-1	3.301310E+2	6.766900E+1	1.410000E+0
6.721000E+0	3.094416E-1	6.514271E-1	3.301310E+2	6.766900E+1	1.410000E+0
6.729000E+0	3.094416E-1	6.514271E-1	3.301310E+2	6.766900E+1	1.410000E+0
6.807000E+0	3.204533E-1	6.863607E-1	3.301310E+2	6.766900E+1	1.410000E+0
6.816000E+0	3.204533E-1	6.863607E-1	3.301310E+2	6.766900E+1	1.410000E+0
6.897000E+0	3.204728E-1	6.862849E-1	3.301310E+2	6.766900E+1	1.410000E+0
6.906000E+0	3.204728E-1	6.862849E-1	3.301310E+2	6.766900E+1	1.410000E+0
6.987000E+0	3.315149E-1	7.216217E-1	3.301310E+2	6.766900E+1	1.410000E+0
6.996000E+0	3.315149E-1	7.216217E-1	3.301310E+2	6.766900E+1	1.410000E+0
7.077000E+0	3.315099E-1	7.217126E-1	3.301310E+2	6.766900E+1	1.410000E+0
7.091000E+0	3.315099E-1	7.217126E-1	3.301310E+2	6.766900E+1	1.410000E+0
7.204000E+0	3.401202E-1	7.571950E-1	3.301310E+2	6.766900E+1	1.410000E+0
7.212000E+0	3.401202E-1	7.571950E-1	3.301310E+2	6.766900E+1	1.410000E+0
7.297000E+0	3.425011E-1	7.573356E-1	3.301310E+2	6.766900E+1	1.410000E+0
7.306000E+0	3.425011E-1	7.573356E-1	3.301310E+2	6.766900E+1	1.410000E+0
7.387000E+0	3.471566E-1	7.724070E-1	3.301310E+2	6.766900E+1	1.410000E+0
7.396000E+0	3.471566E-1	7.724070E-1	3.301310E+2	6.766900E+1	1.410000E+0
7.477000E+0	3.480542E-1	7.755729E-1	3.301310E+2	6.766900E+1	1.410000E+0
7.486000E+0	3.480542E-1	7.755729E-1	3.301310E+2	6.766900E+1	1.410000E+0
7.568000E+0	3.480504E-1	7.755167E-1	3.301310E+2	6.766900E+1	1.410000E+0
7.577000E+0	3.480504E-1	7.755167E-1	3.301310E+2	6.766900E+1	1.410000E+0
7.688000E+0	3.590815E-1	8.117011E-1	3.301310E+2	6.766900E+1	1.410000E+0
7.697000E+0	3.590815E-1	8.117011E-1	3.301310E+2	6.766900E+1	1.410000E+0
7.777000E+0	3.590976E-1	8.118829E-1	3.301310E+2	6.766900E+1	1.410000E+0
7.786000E+0	3.590976E-1	8.118829E-1	3.301310E+2	6.766900E+1	1.410000E+0
7.866000E+0	3.701042E-1	8.482320E-1	3.301310E+2	6.766900E+1	1.410000E+0
7.875000E+0	3.701042E-1	8.482320E-1	3.301310E+2	6.766900E+1	1.410000E+0
7.957000E+0	3.701065E-1	8.482461E-1	3.301310E+2	6.766900E+1	1.410000E+0
7.966000E+0	3.701065E-1	8.482461E-1	3.301310E+2	6.766900E+1	1.410000E+0
8.047000E+0	3.793114E-1	8.787785E-1	3.301310E+2	6.766900E+1	1.410000E+0
8.060000E+0	3.793114E-1	8.787785E-1	3.301310E+2	6.766900E+1	1.410000E+0
8.174000E+0	3.811502E-1	8.849372E-1	3.301310E+2	6.766900E+1	1.410000E+0
8.182000E+0	3.811502E-1	8.849372E-1	3.301310E+2	6.766900E+1	1.410000E+0
8.267000E+0	3.903930E-1	9.157860E-1	3.301310E+2	6.766900E+1	1.410000E+0
8.275000E+0	3.903930E-1	9.157860E-1	3.301310E+2	6.766900E+1	1.410000E+0
8.357000E+0	3.920925E-1	9.216413E-1	3.301310E+2	6.766900E+1	1.410000E+0
8.366000E+0	3.920925E-1	9.216413E-1	3.301310E+2	6.766900E+1	1.410000E+0
8.445000E+0	4.001310E-1	9.485715E-1	3.301310E+2	6.766900E+1	1.410000E+0
8.454000E+0	4.001310E-1	9.485715E-1	3.301310E+2	6.766900E+1	1.410000E+0
8.536000E+0	4.031435E-1	9.588541E-1	3.301310E+2	6.766900E+1	1.410000E+0
8.545000E+0	4.031435E-1	9.588541E-1	3.301310E+2	6.766900E+1	1.410000E+0
8.656000E+0	4.031311E-1	9.588736E-1	3.301310E+2	6.766900E+1	1.410000E+0
8.664000E+0	4.031311E-1	9.588736E-1	3.301310E+2	6.766900E+1	1.410000E+0
8.745000E+0	4.086188E-1	9.775358E-1	3.301310E+2	6.766900E+1	1.410000E+0
8.754000E+0	4.086188E-1	9.775358E-1	3.301310E+2	6.766900E+1	1.410000E+0
8.835000E+0	4.086254E-1	9.776437E-1	3.301310E+2	6.766900E+1	1.410000E+0
8.845000E+0	4.086254E-1	9.776437E-1	3.301310E+2	6.766900E+1	1.410000E+0
8.926000E+0	4.196565E-1	1.015204E+0	3.301310E+2	6.766900E+1	1.410000E+0
8.934000E+0	4.196565E-1	1.015204E+0	3.301310E+2	6.766900E+1	1.410000E+0
9.014000E+0	4.196632E-1	1.015247E+0	3.301310E+2	6.766900E+1	1.410000E+0
9.029000E+0	4.196632E-1	1.015247E+0	3.301310E+2	6.766900E+1	1.410000E+0
9.143000E+0	4.289974E-1	1.052936E+0	3.301310E+2	6.766900E+1	1.410000E+0
9.151000E+0	4.289974E-1	1.052936E+0	3.301310E+2	6.766900E+1	1.410000E+0
9.235000E+0	4.306422E-1	1.053015E+0	3.301310E+2	6.766900E+1	1.410000E+0
9.244000E+0	4.306422E-1	1.053015E+0	3.301310E+2	6.766900E+1	1.410000E+0
9.324000E+0	4.390534E-1	1.082139E+0	3.301310E+2	6.766900E+1	1.410000E+0
9.333000E+0	4.390534E-1	1.082139E+0	3.301310E+2	6.766900E+1	1.410000E+0
9.415000E+0	4.416791E-1	1.091291E+0	3.301310E+2	6.766900E+1	1.410000E+0
9.424000E+0	4.416791E-1	1.091291E+0	3.301310E+2	6.766900E+1	1.410000E+0
9.505000E+0	4.508127E-1	1.123013E+0	3.301310E+2	6.766900E+1	1.410000E+0
9.514000E+0	4.508127E-1	1.123013E+0	3.301310E+2	6.766900E+1	1.410000E+0
9.626000E+0	4.526922E-1	1.129696E+0	3.301310E+2	6.766900E+1	1.410000E+0
9.635000E+0	4.526922E-1	1.129696E+0	3.301310E+2	6.766900E+1	1.410000E+0
9.715000E+0	4.526884E-1	1.129734E+0	3.301310E+2	6.766900E+1	1.410000E+0
9.724000E+0	4.526884E-1	1.129734E+0	3.301310E+2	6.766900E+1	1.410000E+0
9.805000E+0	4.582086E-1	1.149141E+0	3.301310E+2	6.766900E+1	1.410000E+0
9.814000E+0	4.582086E-1	1.149141E+0	3.301310E+2	6.766900E+1	1.410000E+0
9.895000E+0	4.582132E-1	1.149228E+0	3.301310E+2	6.766900E+1	1.410000E+0
9.904000E+0	4.582132E-1	1.149228E+0	3.301310E+2	6.766900E+1	1.410000E+0
9.985000E+0	4.692447E-1	1.187910E+0	3.301310E+2	6.766900E+1	1.410000E+0
9.993000E+0	4.692447E-1	1.187910E+0	3.301310E+2	6.766900E+1	1.410000E+0
1.010500E+1	4.692545E-1	1.187979E+0	3.301310E+2	6.766900E+1	1.410000E+0
1.011900E+1	4.692545E-1	1.187979E+0	3.301310E+2	6.766900E+1	1.410000E+0
1.020400E+1	4.747212E-1	1.207357E+0	3.301310E+2	6.766900E+1	1.410000E+0
1.021300E+1	4.747212E-1	1.207357E+0	3.301310E+2	6.766900E+1	1.410000E+0
1.029400E+1	4.802338E-1	1.226838E+0	3.301310E+2	6.766900E+1	1.410000E+0
1.030300E+1	4.802338E-1	1.226838E+0	3.301310E+2	6.766900E+1	1.410000E+0
1.038400E+1	4.883504E-1	1.255637E+0	3.301310E+2	6.766900E+1	1.410000E+0
1.039300E+1	4.883504E-1	1.255637E+0	3.301310E+2	6.766900E+1	1.410000E+0
1.047500E+1	4.912793E-1	1.266073E+0	3.301310E+2	6.766900E+1	1.410000E+0
1.048300E+1	4.912793E-1	1.266073E+0	3.301310E+2	6.766900E+1	1.410000E+0
1.059500E+1	4.991157E-1	1.293973E+0	3.301310E+2	6.766900E+1	1.410000E+0
1.060400E+1	4.991157E-1	1.293973E+0	3.301310E+2	6.766900E+1	1.410000E+0
1.068400E+1	5.022918E-1	1.305465E+0	3.301310E+2	6.766900E+1	1.410000E+0
1.069200E+1	5.022918E-1	1.305465E+0	3.301310E+2	6.766900E+1	1.410000E+0
1.077300E+1	5.022864E-1	1.305563E+0	3.301310E+2	6.766900E+1	1.410000E+0
1.078200E+1	5.022864E-1	1.305563E+0	3.301310E+2	6.766900E+1	1.410000E+0
1.086500E+1	5.078062E-1	1.325282E+0	3.301310E+2	6.766900E+1	1.410000E+0
1.087400E+1	5.078062E-1	1.325282E+0	3.301310E+2	6.766900E+1	1.410000E+0
1.095400E+1	5.078120E-1	1.325320E+0	3.301310E+2	6.766900E+1	1.410000E+0
1.096200E+1	5.078120E-1	1.325320E+0	3.301310E+2	6.766900E+1	1.410000E+0
1.107400E+1	5.172842E-1	1.359278E+0	3.301310E+2	6.766900E+1	1.410000E+0
1.108800E+1	5.172842E-1	1.359278E+0	3.301310E+2	6.766900E+1	1.410000E+0
1.116900E+1	5.188024E-1	1.364931E+0	3.301310E+2	6.766900E+1	1.410000E+0
1.117800E+1	5.188024E-1	1.364931E+0	3.301310E+2	6.766900E+1	1.410000E+0
1.126400E+1	5.298418E-1	1.404782E+0	3.301310E+2	6.766900E+1	1.410000E+0
1.127300E+1	5.298418E-1	1.404782E+0	3.301310E+2	6.766900E+1	1.410000E+0
1.135300E+1	5.298408E-1	1.404867E+0	3.301310E+2	6.766900E+1	1.410000E+0
1.136200E+1	5.298408E-1	1.404867E+0	3.301310E+2	6.766900E+1	1.410000E+0
1.144300E+1	5.351214E-1	1.423868E+0	3.301310E+2	6.766900E+1	1.410000E+0
1.145200E+1	5.351214E-1	1.423868E+0	3.301310E+2	6.766900E+1	1.410000E+0
1.156400E+1	5.408539E-1	1.444809E+0	3.301310E+2	6.766900E+1	1.410000E+0
1.157400E+1	5.408539E-1	1.444809E+0	3.301310E+2	6.766900E+1	1.410000E+0
1.165200E+1	5.463698E-1	1.464988E+0	3.301310E+2	6.766900E+1	1.410000E+0
1.166100E+1	5.463698E-1	1.464988E+0	3.301310E+2	6.766900E+1	1.410000E+0
1.174300E+1	5.518976E-1	1.485130E+0	3.301310E+2	6.766900E+1	1.410000E+0
1.175100E+1	5.518976E-1	1.485130E+0	3.301310E+2	6.766900E+1	1.410000E+0
1.183300E+1	5.519029E-1	1.485232E+0	3.301310E+2	6.766900E+1	1.410000E+0
1.184100E+1	5.519029E-1	1.485232E+0	3.301310E+2	6.766900E+1	1.410000E+0
1.192300E+1	5.628263E-1	1.525144E+0	3.301310E+2	6.766900E+1	1.410000E+0
1.193200E+1	5.628263E-1	1.525144E+0	3.301310E+2	6.766900E+1	1.410000E+0
1.204600E+1	5.628268E-1	1.525137E+0	3.301310E+2	6.766900E+1	1.410000E+0
1.206000E+1	5.628268E-1	1.525137E+0	3.301310E+2	6.766900E+1	1.410000E+0
1.214200E+1	5.683536E-1	1.545474E+0	3.301310E+2	6.766900E+1	1.410000E+0
1.215100E+1	5.683536E-1	1.545474E+0	3.301310E+2	6.766900E+1	1.410000E+0
1.223300E+1	5.683596E-1	1.545551E+0	3.301310E+2	6.766900E+1	1.410000E+0
1.224200E+1	5.683596E-1	1.545551E+0	3.301310E+2	6.766900E+1	1.410000E+0
1.232300E+1	5.762622E-1	1.574577E+0	3.301310E+2	6.766900E+1	1.410000E+0
1.233200E+1	5.762622E-1	1.574577E+0	3.301310E+2	6.766900E+1	1.410000E+0
1.241300E+1	5.793721E-1	1.586151E+0	3.301310E+2	6.766900E+1	1.410000E+0
1.242100E+1	5.793721E-1	1.586151E+0	3.301310E+2	6.766900E+1	1.410000E+0
1.253300E+1	5.882809E-1	1.619026E+0	3.301310E+2	6.766900E+1	1.410000E+0
1.254100E+1	5.882809E-1	1.619026E+0	3.301310E+2	6.766900E+1	1.410000E+0
1.262200E+1	5.904065E-1	1.626900E+0	3.301310E+2	6.766900E+1	1.410000E+0
1.263100E+1	5.904065E-1	1.626900E+0	3.301310E+2	6.766900E+1	1.410000E+0
1.271100E+1	5.990023E-1	1.658735E+0	3.301310E+2	6.766900E+1	1.410000E+0
1.272000E+1	5.990023E-1	1.658735E+0	3.301310E+2	6.766900E+1	1.410000E+0
1.280100E+1	6.014362E-1	1.667798E+0	3.301310E+2	6.766900E+1	1.410000E+0
1.281000E+1	6.014362E-1	1.667798E+0	3.301310E+2	6.766900E+1	1.410000E+0
1.289200E+1	6.014276E-1	1.667789E+0	3.301310E+2	6.766900E+1	1.410000E+0
1.290000E+1	6.014276E-1	1.667789E+0	3.301310E+2	6.766900E+1	1.410000E+0
1.301200E+1	6.124124E-1	1.708582E+0	3.301310E+2	6.766900E+1	1.410000E+0
1.302500E+1	6.124124E-1	1.708582E+0	3.301310E+2	6.766900E+1	1.410000E+0
1.310800E+1	6.124166E-1	1.708614E+0	3.301310E+2	6.766900E+1	1.410000E+0
1.311600E+1	6.124166E-1	1.708614E+0	3.301310E+2	6.766900E+1	1.410000E+0
1.320100E+1	6.179320E-1	1.729156E+0	3.301310E+2	6.766900E+1	1.410000E+0
1.321000E+1	6.179320E-1	1.729156E+0	3.301310E+2	6.766900E+1	1.410000E+0
1.329100E+1	6.179206E-1	1.729137E+0	3.301310E+2	6.766900E+1	1.410000E+0
1.330000E+1	6.179206E-1	1.729137E+0	3.301310E+2	6.766900E+1	1.410000E+0
1.338200E+1	6.266988E-1	1.761797E+0	3.301310E+2	6.766900E+1	1.410000E+0
1.339100E+1	6.266988E-1	1.761797E+0	3.301310E+2	6.766900E+1	1.410000E+0
1.350200E+1	6.289461E-1	1.770343E+0	3.301310E+2	6.766900E+1	1.410000E+0
1.351200E+1	6.289461E-1	1.770343E+0	3.301310E+2	6.766900E+1	1.410000E+0
1.359200E+1	6.373031E-1	1.801565E+0	3.301310E+2	6.766900E+1	1.410000E+0
1.360000E+1	6.373031E-1	1.801565E+0	3.301310E+2	6.766900E+1	1.410000E+0
1.368200E+1	6.399983E-1	1.811720E+0	3.301310E+2	6.766900E+1	1.410000E+0
1.369200E+1	6.399983E-1	1.811720E+0	3.301310E+2	6.766900E+1	1.410000E+0
1.377200E+1	6.489734E-1	1.845330E+0	3.301310E+2	6.766900E+1	1.410000E+0
1.378100E+1	6.489734E-1	1.845330E+0	3.301310E+2	6.766900E+1	1.410000E+0
1.386100E+1	6.510176E-1	1.853221E+0	3.301310E+2	6.766900E+1	1.410000E+0
1.387100E+1	6.510176E-1	1.853221E+0	3.301310E+2	6.766900E+1	1.410000E+0
1.398200E+1	6.510224E-1	1.853216E+0	3.301310E+2	6.766900E+1	1.410000E+0
1.399100E+1	6.510224E-1	1.853216E+0	3.301310E+2	6.766900E+1	1.410000E+0
1.407100E+1	6.620906E-1	1.894878E+0	3.301310E+2	6.766900E+1	1.410000E+0
1.408400E+1	6.620906E-1	1.894878E+0	3.301310E+2	6.766900E+1	1.410000E+0
1.416700E+1	6.620814E-1	1.895027E+0	3.301310E+2	6.766900E+1	1.410000E+0
1.417600E+1	6.620814E-1	1.895027E+0	3.301310E+2	6.766900E+1	1.410000E+0
1.426100E+1	6.731200E-1	1.936629E+0	3.301310E+2	6.766900E+1	1.410000E+0
1.427000E+1	6.731200E-1	1.936629E+0	3.301310E+2	6.766900E+1	1.410000E+0
1.435200E+1	6.731134E-1	1.936667E+0	3.301310E+2	6.766900E+1	1.410000E+0
1.436100E+1	6.731134E-1	1.936667E+0	3.301310E+2	6.766900E+1	1.410000E+0
1.447200E+1	6.773701E-1	1.952776E+0	3.301310E+2	6.766900E+1	1.410000E+0
1.448100E+1	6.773701E-1	1.952776E+0	3.301310E+2	6.766900E+1	1.410000E+0
1.456000E+1	6.786516E-1	1.957702E+0	3.301310E+2	6.766900E+1	1.410000E+0
1.457000E+1	6.786516E-1	1.957702E+0	3.301310E+2	6.766900E+1	1.410000E+0
1.465000E+1	6.876714E-1	1.991785E+0	3.301310E+2	6.766900E+1	1.410000E+0
1.465900E+1	6.876714E-1	1.991785E+0	3.301310E+2	6.766900E+1	1.410000E+0
1.474100E+1	6.896996E-1	1.999633E+0	3.301310E+2	6.766900E+1	1.410000E+0
1.474900E+1	6.896996E-1	1.999633E+0	3.301310E+2	6.766900E+1	1.410000E+0
1.483000E+1	6.984365E-1	2.032739E+0	3.301310E+2	6.766900E+1	1.410000E+0
1.483900E+1	6.984365E-1	2.032739E+0	3.301310E+2	6.766900E+1	1.410000E+0
1.495200E+1	7.007155E-1	2.041523E+0	3.301310E+2	6.766900E+1	1.410000E+0
1.496100E+1	7.007155E-1	2.041523E+0	3.301310E+2	6.766900E+1	1.410000E+0
1.504100E+1	7.007012E-1	2.041528E+0	3.301310E+2	6.766900E+1	1.410000E+0
1.505400E+1	7.007012E-1	2.041528E+0	3.301310E+2	6.766900E+1	1.410000E+0
1.513600E+1	7.117370E-1	2.083622E+0	3.301310E+2	6.766900E+1	1.410000E+0
1.514500E+1	7.117370E-1	2.083622E+0	3.301310E+2	6.766900E+1	1.410000E+0
1.523000E+1	7.117450E-1	2.083699E+0	3.301310E+2	6.766900E+1	1.410000E+0
1.523900E+1	7.117450E-1	2.083699E+0	3.301310E+2	6.766900E+1	1.410000E+0
1.532100E+1	7.227609E-1	2.125785E+0	3.301310E+2	6.766900E+1	1.410000E+0
1.533000E+1	7.227609E-1	2.125785E+0	3.301310E+2	6.766900E+1	1.410000E+0
1.544100E+1	7.227619E-1	2.125882E+0	3.301310E+2	6.766900E+1	1.410000E+0
1.545000E+1	7.227619E-1	2.125882E+0	3.301310E+2	6.766900E+1	1.410000E+0
1.553100E+1	7.262014E-1	2.138962E+0	3.301310E+2	6.766900E+1	1.410000E+0
1.554000E+1	7.262014E-1	2.138962E+0	3.301310E+2	6.766900E+1	1.410000E+0
1.562100E+1	7.282610E-1	2.147003E+0	3.301310E+2	6.766900E+1	1.410000E+0
1.563000E+1	7.282610E-1	2.147003E+0	3.301310E+2	6.766900E+1	1.410000E+0
1.571000E+1	7.361171E-1	2.177023E+0	3.301310E+2	6.766900E+1	1.410000E+0
1.571900E+1	7.361171E-1	2.177023E+0	3.301310E+2	6.766900E+1	1.410000E+0
1.580000E+1	7.391885E-1	2.188916E+0	3.301310E+2	6.766900E+1	1.410000E+0
1.580900E+1	7.391885E-1	2.188916E+0	3.301310E+2	6.766900E+1	1.410000E+0
1.592200E+1	7.478152E-1	2.221955E+0	3.301310E+2	6.766900E+1	1.410000E+0
1.593100E+1	7.478152E-1	2.221955E+0	3.301310E+2	6.766900E+1	1.410000E+0
1.601000E+1	7.502531E-1	2.231502E+0	3.301310E+2	6.766900E+1	1.410000E+0
1.602400E+1	7.502531E-1	2.231502E+0	3.301310E+2	6.766900E+1	1.410000E+0
1.610800E+1	7.502467E-1	2.231532E+0	3.301310E+2	6.766900E+1	1.410000E+0
1.611700E+1	7.502467E-1	2.231532E+0	3.301310E+2	6.766900E+1	1.410000E+0
1.620000E+1	7.612588E-1	2.273881E+0	3.301310E+2	6.766900E+1	1.410000E+0
1.620900E+1	7.612588E-1	2.273881E+0	3.301310E+2	6.766900E+1	1.410000E+0
1.629000E+1	7.612749E-1	2.273999E+0	3.301310E+2	6.766900E+1	1.410000E+0
1.629900E+1	7.612749E-1	2.273999E+0	3.301310E+2	6.766900E+1	1.410000E+0
1.641200E+1	7.673009E-1	2.297269E+0	3.301310E+2	6.766900E+1	1.410000E+0
1.642100E+1	7.673009E-1	2.297269E+0	3.301310E+2	6.766900E+1	1.410000E+0
1.649900E+1	7.723068E-1	2.316742E+0	3.301310E+2	6.766900E+1	1.410000E+0
1.650800E+1	7.723068E-1	2.316742E+0	3.301310E+2	6.766900E+1	1.410000E+0
1.658900E+1	7.750641E-1	2.327387E+0	3.301310E+2	6.766900E+1	1.410000E+0
1.659800E+1	7.750641E-1	2.327387E+0	3.301310E+2	6.766900E+1	1.410000E+0
1.667900E+1	7.778258E-1	2.338093E+0	3.301310E+2	6.766900E+1	1.410000E+0
1.668800E+1	7.778258E-1	2.338093E+0	3.301310E+2	6.766900E+1	1.410000E+0
1.676900E+1	7.859176E-1	2.369486E+0	3.301310E+2	6.766900E+1	1.410000E+0
1.677800E+1	7.859176E-1	2.369486E+0	3.301310E+2	6.766900E+1	1.410000E+0
1.689100E+1	7.888255E-1	2.380782E+0	3.301310E+2	6.766900E+1	1.410000E+0
1.689900E+1	7.888255E-1	2.380782E+0	3.301310E+2	6.766900E+1	1.410000E+0
1.697900E+1	7.923931E-1	2.394529E+0	3.301310E+2	6.766900E+1	1.410000E+0
1.698800E+1	7.923931E-1	2.394529E+0	3.301310E+2	6.766900E+1	1.410000E+0
1.706900E+1	7.998622E-1	2.423652E+0	3.301310E+2	6.766900E+1	1.410000E+0
1.708200E+1	7.998622E-1	2.423652E+0	3.301310E+2	6.766900E+1	1.410000E+0
1.716500E+1	7.998718E-1	2.423753E+0	3.301310E+2	6.766900E+1	1.410000E+0
1.717300E+1	7.998718E-1	2.423753E+0	3.301310E+2	6.766900E+1	1.410000E+0
1.725900E+1	8.108701E-1	2.466531E+0	3.301310E+2	6.766900E+1	1.410000E+0
1.726800E+1	8.108701E-1	2.466531E+0	3.301310E+2	6.766900E+1	1.410000E+0
1.737900E+1	8.108787E-1	2.466611E+0	3.301310E+2	6.766900E+1	1.410000E+0
1.738800E+1	8.108787E-1	2.466611E+0	3.301310E+2	6.766900E+1	1.410000E+0
1.746800E+1	8.219103E-1	2.509603E+0	3.301310E+2	6.766900E+1	1.410000E+0
1.747700E+1	8.219103E-1	2.509603E+0	3.301310E+2	6.766900E+1	1.410000E+0
1.755800E+1	8.219020E-1	2.509714E+0	3.301310E+2	6.766900E+1	1.410000E+0
1.756700E+1	8.219020E-1	2.509714E+0	3.301310E+2	6.766900E+1	1.410000E+0
1.764900E+1	8.305959E-1	2.543626E+0	3.301310E+2	6.766900E+1	1.410000E+0
1.765800E+1	8.305959E-1	2.543626E+0	3.301310E+2	6.766900E+1	1.410000E+0
1.773800E+1	8.328841E-1	2.552620E+0	3.301310E+2	6.766900E+1	1.410000E+0
1.774700E+1	8.328841E-1	2.552620E+0	3.301310E+2	6.766900E+1	1.410000E+0
1.785800E+1	8.358482E-1	2.564278E+0	3.301310E+2	6.766900E+1	1.410000E+0
1.786700E+1	8.358482E-1	2.564278E+0	3.301310E+2	6.766900E+1	1.410000E+0
1.794900E+1	8.383830E-1	2.574274E+0	3.301310E+2	6.766900E+1	1.410000E+0
1.795800E+1	8.383830E-1	2.574274E+0	3.301310E+2	6.766900E+1	1.410000E+0
1.803800E+1	8.441676E-1	2.596829E+0	3.301310E+2	6.766900E+1	1.410000E+0
1.805100E+1	8.441676E-1	2.596829E+0	3.301310E+2	6.766900E+1	1.410000E+0
1.813500E+1	8.494125E-1	2.617573E+0	3.301310E+2	6.766900E+1	1.410000E+0
1.814300E+1	8.494125E-1	2.617573E+0	3.301310E+2	6.766900E+1	1.410000E+0
1.822500E+1	8.494314E-1	2.617655E+0	3.301310E+2	6.766900E+1	1.410000E+0
1.823400E+1	8.494314E-1	2.617655E+0	3.301310E+2	6.766900E+1	1.410000E+0
1.834700E+1	8.598657E-1	2.661012E+0	3.301310E+2	6.766900E+1	1.410000E+0
1.835500E+1	8.598657E-1	2.661012E+0	3.301310E+2	6.766900E+1	1.410000E+0
1.843700E+1	8.604627E-1	2.661120E+0	3.301310E+2	6.766900E+1	1.410000E+0
1.844600E+1	8.604627E-1	2.661120E+0	3.301310E+2	6.766900E+1	1.410000E+0
1.852800E+1	8.714622E-1	2.704540E+0	3.301310E+2	6.766900E+1	1.410000E+0
1.853700E+1	8.714622E-1	2.704540E+0	3.301310E+2	6.766900E+1	1.410000E+0
1.861800E+1	8.714682E-1	2.704547E+0	3.301310E+2	6.766900E+1	1.410000E+0
1.862700E+1	8.714682E-1	2.704547E+0	3.301310E+2	6.766900E+1	1.410000E+0
1.870800E+1	8.806555E-1	2.741009E+0	3.301310E+2	6.766900E+1	1.410000E+0
1.871700E+1	8.806555E-1	2.741009E+0	3.301310E+2	6.766900E+1	1.410000E+0
1.883000E+1	8.824937E-1	2.748298E+0	3.301310E+2	6.766900E+1	1.410000E+0
1.883900E+1	8.824937E-1	2.748298E+0	3.301310E+2	6.766900E+1	1.410000E+0
1.891800E+1	8.867867E-1	2.765275E+0	3.301310E+2	6.766900E+1	1.410000E+0
1.892700E+1	8.867867E-1	2.765275E+0	3.301310E+2	6.766900E+1	1.410000E+0
1.900800E+1	8.880077E-1	2.770259E+0	3.301310E+2	6.766900E+1	1.410000E+0
1.902100E+1	8.880077E-1	2.770259E+0	3.301310E+2	6.766900E+1	1.410000E+0
1.910400E+1	8.961899E-1	2.802715E+0	3.301310E+2	6.766900E+1	1.410000E+0
1.911300E+1	8.961899E-1	2.802715E+0	3.301310E+2	6.766900E+1	1.410000E+0
1.919700E+1	8.990332E-1	2.814141E+0	3.301310E+2	6.766900E+1	1.410000E+0
1.920700E+1	8.990332E-1	2.814141E+0	3.301310E+2	6.766900E+1	1.410000E+0
1.931900E+1	8.990222E-1	2.814213E+0	3.301310E+2	6.766900E+1	1.410000E+0
1.932800E+1	8.990222E-1	2.814213E+0	3.301310E+2	6.766900E+1	1.410000E+0
1.940800E+1	9.100613E-1	2.858443E+0	3.301310E+2	6.766900E+1	1.410000E+0
1.941700E+1	9.100613E-1	2.858443E+0	3.301310E+2	6.766900E+1	1.410000E+0
1.949700E+1	9.100637E-1	2.858453E+0	3.301310E+2	6.766900E+1	1.410000E+0
1.950600E+1	9.100637E-1	2.858453E+0	3.301310E+2	6.766900E+1	1.410000E+0
1.958700E+1	9.209832E-1	2.902329E+0	3.301310E+2	6.766900E+1	1.410000E+0
1.959500E+1	9.209832E-1	2.902329E+0	3.301310E+2	6.766900E+1	1.410000E+0
1.967800E+1	9.210049E-1	2.902388E+0	3.301310E+2	6.766900E+1	1.410000E+0
1.968700E+1	9.210049E-1	2.902388E+0	3.301310E+2	6.766900E+1	1.410000E+0
1.979800E+1	9.299327E-1	2.938288E+0	3.301310E+2	6.766900E+1	1.410000E+0
1.980700E+1	9.299327E-1	2.938288E+0	3.301310E+2	6.766900E+1	1.410000E+0
1.988700E+1	9.320298E-1	2.946938E+0	3.301310E+2	6.766900E+1	1.410000E+0
1.989600E+1	9.320298E-1	2.946938E+0	3.301310E+2	6.766900E+1	1.410000E+0
1.997700E+1	9.407044E-1	2.982048E+0	3.301310E+2	6.766900E+1	1.410000E+0
1.998700E+1	9.407044E-1	2.982048E+0	3.301310E+2	6.766900E+1	1.410000E+0
2.006700E+1	9.430477E-1	2.991691E+0	3.301310E+2	6.766900E+1	1.410000E+0
2.008000E+1	9.430477E-1	2.991691E+0	3.301310E+2	6.766900E+1	1.410000E+0
2.016300E+1	9.474135E-1	3.014074E+0	3.301310E+2	6.766900E+1	1.410000E+0
2.017200E+1	9.474135E-1	3.014074E+0	3.301310E+2	6.766900E+1	1.410000E+0
2.028900E+1	9.485605E-1	3.014159E+0	3.301310E+2	6.766900E+1	1.410000E+0
2.029700E+1	9.485605E-1	3.014159E+0	3.301310E+2	6.766900E+1	1.410000E+0
2.037800E+1	9.485609E-1	3.014206E+0	3.301310E+2	6.766900E+1	1.410000E+0
2.038600E+1	9.485609E-1	3.014206E+0	3.301310E+2	6.766900E+1	1.410000E+0
2.046700E+1	9.595569E-1	3.059102E+0	3.301310E+2	6.766900E+1	1.410000E+0
2.047600E+1	9.595569E-1	3.059102E+0	3.301310E+2	6.766900E+1	1.410000E+0
2.055700E+1	9.595639E-1	3.059172E+0	3.301310E+2	6.766900E+1	1.410000E+0
2.056600E+1	9.595639E-1	3.059172E+0	3.301310E+2	6.766900E+1	1.410000E+0
2.064700E+1	9.705931E-1	3.104412E+0	3.301310E+2	6.766900E+1	1.410000E+0
2.065600E+1	9.705931E-1	3.104412E+0	3.301310E+2	6.766900E+1	1.410000E+0
2.076800E+1	9.705883E-1	3.104469E+0	3.301310E+2	6.766900E+1	1.410000E+0
2.077800E+1	9.705883E-1	3.104469E+0	3.301310E+2	6.766900E+1	1.410000E+0
2.085700E+1	9.786418E-1	3.137587E+0	3.301310E+2	6.766900E+1	1.410000E+0
2.086500E+1	9.786418E-1	3.137587E+0	3.301310E+2	6.766900E+1	1.410000E+0
2.094700E+1	9.816158E-1	3.149914E+0	3.301310E+2	6.766900E+1	1.410000E+0
2.095500E+1	9.816158E-1	3.149914E+0	3.301310E+2	6.766900E+1	1.410000E+0
2.103700E+1	9.903660E-1	3.186250E+0	3.301310E+2	6.766900E+1	1.410000E+0
2.105000E+1	9.903660E-1	3.186250E+0	3.301310E+2	6.766900E+1	1.410000E+0
2.113300E+1	9.926730E-1	3.195868E+0	3.301310E+2	6.766900E+1	1.410000E+0
2.114200E+1	9.926730E-1	3.195868E+0	3.301310E+2	6.766900E+1	1.410000E+0
2.125800E+1	9.977870E-1	3.217204E+0	3.301310E+2	6.766900E+1	1.410000E+0
2.126700E+1	9.977870E-1	3.217204E+0	3.301310E+2	6.766900E+1	1.410000E+0
2.134700E+1	9.981920E-1	3.219020E+0	3.301310E+2	6.766900E+1	1.410000E+0
2.135600E+1	9.981920E-1	3.219020E+0	3.301310E+2	6.766900E+1	1.410000E+0
2.143700E+1	9.981934E-1	3.219151E+0	3.301310E+2	6.766900E+1	1.410000E+0
2.144600E+1	9.981934E-1	3.219151E+0	3.301310E+2	6.766900E+1	1.410000E+0
2.152600E+1	1.009375E+0	3.265939E+0	3.301310E+2	6.766900E+1	1.410000E+0
2.153400E+1	1.009375E+0	3.265939E+0	3.301310E+2	6.766900E+1	1.410000E+0
2.161700E+1	1.009380E+0	3.266007E+0	3.301310E+2	6.766900E+1	1.410000E+0
2.162600E+1	1.009380E+0	3.266007E+0	3.301310E+2	6.766900E+1	1.410000E+0
2.174000E+1	1.020431E+0	3.312547E+0	3.301310E+2	6.766900E+1	1.410000E+0
2.174900E+1	1.020431E+0	3.312547E+0	3.301310E+2	6.766900E+1	1.410000E+0
2.183200E+1	1.020428E+0	3.312772E+0	3.301310E+2	6.766900E+1	1.410000E+0
2.184100E+1	1.020428E+0	3.312772E+0	3.301310E+2	6.766900E+1	1.410000E+0
2.192300E+1	1.027285E+0	3.353399E+0	3.301310E+2	6.766900E+1	1.410000E+0
2.193200E+1	1.027285E+0	3.353399E+0	3.301310E+2	6.766900E+1	1.410000E+0
2.201700E+1	1.031463E+0	3.359568E+0	3.301310E+2	6.766900E+1	1.410000E+0
2.203000E+1	1.031463E+0	3.359568E+0	3.301310E+2	6.766900E+1	1.410000E+0
2.211300E+1	1.039505E+0	3.405453E+0	3.301310E+2	6.766900E+1	1.410000E+0
2.212100E+1	1.039505E+0	3.405453E+0	3.301310E+2	6.766900E+1	1.410000E+0
2.223400E+1	1.042499E+0	3.406888E+0	3.301310E+2	6.766900E+1	1.410000E+0
2.224300E+1	1.042499E+0	3.406888E+0	3.301310E+2	6.766900E+1	1.410000E+0
2.232600E+1	1.046790E+0	3.425240E+0	3.301310E+2	6.766900E+1	1.410000E+0
2.233500E+1	1.046790E+0	3.425240E+0	3.301310E+2	6.766900E+1	1.410000E+0
2.241600E+1	1.047972E+0	3.430364E+0	3.301310E+2	6.766900E+1	1.410000E+0
2.242500E+1	1.047972E+0	3.430364E+0	3.301310E+2	6.766900E+1	1.410000E+0
2.250700E+1	1.047967E+0	3.430407E+0	3.301310E+2	6.766900E+1	1.410000E+0
2.251600E+1	1.047967E+0	3.430407E+0	3.301310E+2	6.766900E+1	1.410000E+0
2.259700E+1	1.059009E+0	3.478001E+0	3.301310E+2	6.766900E+1	1.410000E+0
2.260500E+1	1.059009E+0	3.478001E+0	3.301310E+2	6.766900E+1	1.410000E+0
2.271800E+1	1.059022E+0	3.478314E+0	3.301310E+2	6.766900E+1	1.410000E+0
2.272600E+1	1.059022E+0	3.478314E+0	3.301310E+2	6.766900E+1	1.410000E+0
2.280600E+1	1.070024E+0	3.526021E+0	3.301310E+2	6.766900E+1	1.410000E+0
2.281500E+1	1.070024E+0	3.526021E+0	3.301310E+2	6.766900E+1	1.410000E+0
2.289700E+1	1.070039E+0	3.526232E+0	3.301310E+2	6.766900E+1	1.410000E+0
2.290600E+1	1.070039E+0	3.526232E+0	3.301310E+2	6.766900E+1	1.410000E+0
2.298600E+1	1.074849E+0	3.547141E+0	3.301310E+2	6.766900E+1	1.410000E+0
2.299500E+1	1.074849E+0	3.547141E+0	3.301310E+2	6.766900E+1	1.410000E+0
2.307600E+1	1.081076E+0	3.574973E+0	3.301310E+2	6.766900E+1	1.410000E+0
2.308900E+1	1.081076E+0	3.574973E+0	3.301310E+2	6.766900E+1	1.410000E+0
2.320400E+1	1.089143E+0	3.621737E+0	3.301310E+2	6.766900E+1	1.410000E+0
2.321300E+1	1.089143E+0	3.621737E+0	3.301310E+2	6.766900E+1	1.410000E+0
2.329600E+1	1.091996E+0	3.622732E+0	3.301310E+2	6.766900E+1	1.410000E+0
2.330500E+1	1.091996E+0	3.622732E+0	3.301310E+2	6.766900E+1	1.410000E+0
2.338700E+1	1.096435E+0	3.642448E+0	3.301310E+2	6.766900E+1	1.410000E+0
2.339500E+1	1.096435E+0	3.642448E+0	3.301310E+2	6.766900E+1	1.410000E+0
2.347600E+1	1.103048E+0	3.671661E+0	3.301310E+2	6.766900E+1	1.410000E+0
2.348500E+1	1.103048E+0	3.671661E+0	3.301310E+2	6.766900E+1	1.410000E+0
2.356600E+1	1.103057E+0	3.671809E+0	3.301310E+2	6.766900E+1	1.410000E+0
2.357500E+1	1.103057E+0	3.671809E+0	3.301310E+2	6.766900E+1	1.410000E+0
2.368800E+1	1.108564E+0	3.696575E+0	3.301310E+2	6.766900E+1	1.410000E+0
2.369700E+1	1.108564E+0	3.696575E+0	3.301310E+2	6.766900E+1	1.410000E+0
2.377600E+1	1.108586E+0	3.696517E+0	3.301310E+2	6.766900E+1	1.410000E+0
2.378600E+1	1.108586E+0	3.696517E+0	3.301310E+2	6.766900E+1	1.410000E+0
2.386700E+1	1.119601E+0	3.745586E+0	3.301310E+2	6.766900E+1	1.410000E+0
2.387600E+1	1.119601E+0	3.745586E+0	3.301310E+2	6.766900E+1	1.410000E+0
2.395700E+1	1.119619E+0	3.745772E+0	3.301310E+2	6.766900E+1	1.410000E+0
2.396600E+1	1.119619E+0	3.745772E+0	3.301310E+2	6.766900E+1	1.410000E+0
2.404700E+1	1.128239E+0	3.785126E+0	3.301310E+2	6.766900E+1	1.410000E+0
2.405900E+1	1.128239E+0	3.785126E+0	3.301310E+2	6.766900E+1	1.410000E+0
2.417300E+1	1.130636E+0	3.795559E+0	3.301310E+2	6.766900E+1	1.410000E+0
2.418300E+1	1.130636E+0	3.795559E+0	3.301310E+2	6.766900E+1	1.410000E+0
2.426700E+1	1.140131E+0	3.839821E+0	3.301310E+2	6.766900E+1	1.410000E+0
2.427500E+1	1.140131E+0	3.839821E+0	3.301310E+2	6.766900E+1	1.410000E+0
2.435600E+1	1.141632E+0	3.845989E+0	3.301310E+2	6.766900E+1	1.410000E+0
2.436600E+1	1.141632E+0	3.845989E+0	3.301310E+2	6.766900E+1	1.410000E+0
2.444600E+1	1.150113E+0	3.886233E+0	3.301310E+2	6.766900E+1	1.410000E+0
2.445500E+1	1.150113E+0	3.886233E+0	3.301310E+2	6.766900E+1	1.410000E+0
2.453700E+1	1.152667E+0	3.897099E+0	3.301310E+2	6.766900E+1	1.410000E+0
2.454600E+1	1.152667E+0	3.897099E+0	3.301310E+2	6.766900E+1	1.410000E+0
2.465700E+1	1.152660E+0	3.895986E+0	3.301310E+2	6.766900E+1	1.410000E+0
2.466700E+1	1.152660E+0	3.895986E+0	3.301310E+2	6.766900E+1	1.410000E+0
2.474700E+1	1.158143E+0	3.921917E+0	3.301310E+2	6.766900E+1	1.410000E+0
2.475600E+1	1.158143E+0	3.921917E+0	3.301310E+2	6.766900E+1	1.410000E+0
2.483600E+1	1.158157E+0	3.922122E+0	3.301310E+2	6.766900E+1	1.410000E+0
2.484500E+1	1.158157E+0	3.922122E+0	3.301310E+2	6.766900E+1	1.410000E+0
2.492800E+1	1.169167E+0	3.972667E+0	3.301310E+2	6.766900E+1	1.410000E+0
2.493700E+1	1.169167E+0	3.972667E+0	3.301310E+2	6.766900E+1	1.410000E+0
2.501700E+1	1.169169E+0	3.973106E+0	3.301310E+2	6.766900E+1	1.410000E+0
2.503000E+1	1.169169E+0	3.973106E+0	3.301310E+2	6.766900E+1	1.410000E+0
2.514400E+1	1.180126E+0	4.024511E+0	3.301310E+2	6.766900E+1	1.410000E+0
2.515300E+1	1.180126E+0	4.024511E+0	3.301310E+2	6.766900E+1	1.410000E+0
2.523700E+1	1.180132E+0	4.024076E+0	3.301310E+2	6.766900E+1	1.410000E+0
2.524600E+1	1.180132E+0	4.024076E+0	3.301310E+2	6.766900E+1	1.410000E+0
2.532600E+1	1.189212E+0	4.067818E+0	3.301310E+2	6.766900E+1	1.410000E+0
2.533500E+1	1.189212E+0	4.067818E+0	3.301310E+2	6.766900E+1	1.410000E+0
2.541600E+1	1.191171E+0	4.076637E+0	3.301310E+2	6.766900E+1	1.410000E+0
2.542400E+1	1.191171E+0	4.076637E+0	3.301310E+2	6.766900E+1	1.410000E+0
2.550700E+1	1.199956E+0	4.119774E+0	3.301310E+2	6.766900E+1	1.410000E+0
2.551500E+1	1.199956E+0	4.119774E+0	3.301310E+2	6.766900E+1	1.410000E+0
2.562800E+1	1.202193E+0	4.129531E+0	3.301310E+2	6.766900E+1	1.410000E+0
2.563600E+1	1.202193E+0	4.129531E+0	3.301310E+2	6.766900E+1	1.410000E+0
2.571700E+1	1.202182E+0	4.130426E+0	3.301310E+2	6.766900E+1	1.410000E+0
2.572600E+1	1.202182E+0	4.130426E+0	3.301310E+2	6.766900E+1	1.410000E+0
2.580600E+1	1.207705E+0	4.156133E+0	3.301310E+2	6.766900E+1	1.410000E+0
2.581500E+1	1.207705E+0	4.156133E+0	3.301310E+2	6.766900E+1	1.410000E+0
2.589700E+1	1.207710E+0	4.156189E+0	3.301310E+2	6.766900E+1	1.410000E+0
2.590600E+1	1.207710E+0	4.156189E+0	3.301310E+2	6.766900E+1	1.410000E+0
2.598600E+1	1.218752E+0	4.208376E+0	3.301310E+2	6.766900E+1	1.410000E+0
2.599500E+1	1.218752E+0	4.208376E+0	3.301310E+2	6.766900E+1	1.410000E+0
2.611000E+1	1.218745E+0	4.208113E+0	3.301310E+2	6.766900E+1	1.410000E+0
2.612300E+1	1.218745E+0	4.208113E+0	3.301310E+2	6.766900E+1	1.410000E+0
2.620700E+1	1.229332E+0	4.262758E+0	3.301310E+2	6.766900E+1	1.410000E+0
2.621600E+1	1.229332E+0	4.262758E+0	3.301310E+2	6.766900E+1	1.410000E+0
2.629600E+1	1.229735E+0	4.261277E+0	3.301310E+2	6.766900E+1	1.410000E+0
2.630500E+1	1.229735E+0	4.261277E+0	3.301310E+2	6.766900E+1	1.410000E+0
2.638700E+1	1.238328E+0	4.304723E+0	3.301310E+2	6.766900E+1	1.410000E+0
2.639500E+1	1.238328E+0	4.304723E+0	3.301310E+2	6.766900E+1	1.410000E+0
2.647600E+1	1.240778E+0	4.317065E+0	3.301310E+2	6.766900E+1	1.410000E+0
2.648500E+1	1.240778E+0	4.317065E+0	3.301310E+2	6.766900E+1	1.410000E+0
2.659800E+1	1.249654E+0	4.359576E+0	3.301310E+2	6.766900E+1	1.410000E+0
2.660700E+1	1.249654E+0	4.359576E+0	3.301310E+2	6.766900E+1	1.410000E+0
2.668600E+1	1.251791E+0	4.372553E+0	3.301310E+2	6.766900E+1	1.410000E+0
2.669600E+1	1.251791E+0	4.372553E+0	3.301310E+2	6.766900E+1	1.410000E+0
2.677600E+1	1.251789E+0	4.371483E+0	3.301310E+2	6.766900E+1	1.410000E+0
2.678500E+1	1.251789E+0	4.371483E+0	3.301310E+2	6.766900E+1	1.410000E+0
2.686600E+1	1.262819E+0	4.426525E+0	3.301310E+2	6.766900E+1	1.410000E+0
2.687500E+1	1.262819E+0	4.426525E+0	3.301310E+2	6.766900E+1	1.410000E+0
2.695700E+1	1.262818E+0	4.426881E+0	3.301310E+2	6.766900E+1	1.410000E+0
2.696700E+1	1.262818E+0	4.426881E+0	3.301310E+2	6.766900E+1	1.410000E+0
2.707800E+1	1.268227E+0	4.453712E+0	3.301310E+2	6.766900E+1	1.410000E+0
2.709200E+1	1.268227E+0	4.453712E+0	3.301310E+2	6.766900E+1	1.410000E+0
2.717700E+1	1.268226E+0	4.455554E+0	3.301310E+2	6.766900E+1	1.410000E+0
2.718600E+1	1.268226E+0	4.455554E+0	3.301310E+2	6.766900E+1	1.410000E+0
2.726800E+1	1.276529E+0	4.494702E+0	3.301310E+2	6.766900E+1	1.410000E+0
2.727700E+1	1.276529E+0	4.494702E+0	3.301310E+2	6.766900E+1	1.410000E+0
2.735800E+1	1.279253E+0	4.513457E+0	3.301310E+2	6.766900E+1	1.410000E+0
2.736700E+1	1.279253E+0	4.513457E+0	3.301310E+2	6.766900E+1	1.410000E+0
2.744700E+1	1.288442E+0	4.559645E+0	3.301310E+2	6.766900E+1	1.410000E+0
2.745600E+1	1.288442E+0	4.559645E+0	3.301310E+2	6.766900E+1	1.410000E+0
2.756800E+1	1.290270E+0	4.564981E+0	3.301310E+2	6.766900E+1	1.410000E+0
2.757700E+1	1.290270E+0	4.564981E+0	3.301310E+2	6.766900E+1	1.410000E+0
2.765700E+1	1.298795E+0	4.611411E+0	3.301310E+2	6.766900E+1	1.410000E+0
2.766600E+1	1.298795E+0	4.611411E+0	3.301310E+2	6.766900E+1	1.410000E+0
2.774700E+1	1.301316E+0	4.624298E+0	3.301310E+2	6.766900E+1	1.410000E+0
2.775600E+1	1.301316E+0	4.624298E+0	3.301310E+2	6.766900E+1	1.410000E+0
2.783800E+1	1.301312E+0	4.624988E+0	3.301310E+2	6.766900E+1	1.410000E+0
2.784700E+1	1.301312E+0	4.624988E+0	3.301310E+2	6.766900E+1	1.410000E+0
2.792800E+1	1.312273E+0	4.683796E+0	3.301310E+2	6.766900E+1	1.410000E+0
2.793600E+1	1.312273E+0	4.683796E+0	3.301310E+2	6.766900E+1	1.410000E+0
2.804700E+1	1.312300E+0	4.683338E+0	3.301310E+2	6.766900E+1	1.410000E+0
2.806100E+1	1.312300E+0	4.683338E+0	3.301310E+2	6.766900E+1	1.410000E+0
2.814300E+1	1.316198E+0	4.710244E+0	3.301310E+2	6.766900E+1	1.410000E+0
2.815200E+1	1.316198E+0	4.710244E+0	3.301310E+2	6.766900E+1	1.410000E+0
2.823800E+1	1.317826E+0	4.710743E+0	3.301310E+2	6.766900E+1	1.410000E+0
2.824700E+1	1.317826E+0	4.710743E+0	3.301310E+2	6.766900E+1	1.410000E+0
2.832700E+1	1.323181E+0	4.735548E+0	3.301310E+2	6.766900E+1	1.410000E+0
2.833700E+1	1.323181E+0	4.735548E+0	3.301310E+2	6.766900E+1	1.410000E+0
2.841800E+1	1.328866E+0	4.769921E+0	3.301310E+2	6.766900E+1	1.410000E+0
2.842700E+1	1.328866E+0	4.769921E+0	3.301310E+2	6.766900E+1	1.410000E+0
2.854000E+1	1.337551E+0	4.815446E+0	3.301310E+2	6.766900E+1	1.410000E+0
2.854800E+1	1.337551E+0	4.815446E+0	3.301310E+2	6.766900E+1	1.410000E+0
2.862700E+1	1.339884E+0	4.831191E+0	3.301310E+2	6.766900E+1	1.410000E+0
2.863700E+1	1.339884E+0	4.831191E+0	3.301310E+2	6.766900E+1	1.410000E+0
2.871800E+1	1.348099E+0	4.895871E+0	3.301310E+2	6.766900E+1	1.410000E+0
2.872700E+1	1.348099E+0	4.895871E+0	3.301310E+2	6.766900E+1	1.410000E+0
2.880800E+1	1.350934E+0	4.890692E+0	3.301310E+2	6.766900E+1	1.410000E+0
2.881700E+1	1.350934E+0	4.890692E+0	3.301310E+2	6.766900E+1	1.410000E+0
2.889800E+1	1.350929E+0	4.884804E+0	3.301310E+2	6.766900E+1	1.410000E+0
2.890700E+1	1.350929E+0	4.884804E+0	3.301310E+2	6.766900E+1	1.410000E+0
2.901900E+1	1.362371E+0	4.951508E+0	3.301310E+2	6.766900E+1	1.410000E+0
2.903200E+1	1.362371E+0	4.951508E+0	3.301310E+2	6.766900E+1	1.410000E+0
2.911400E+1	1.362377E+0	5.100968E+0	3.301310E+2	6.766900E+1	1.410000E+0
2.912300E+1	1.362377E+0	5.100968E+0	3.301310E+2	6.766900E+1	1.410000E+0
2.920400E+1	1.373151E+0	5.211185E+0	3.301310E+2	6.766900E+1	1.410000E+0
2.921200E+1	1.373151E+0	5.211185E+0	3.301310E+2	6.766900E+1	1.410000E+0
2.929800E+1	1.373426E+0	5.215930E+0	3.301310E+2	6.766900E+1	1.410000E+0
2.930700E+1	1.373426E+0	5.215930E+0	3.301310E+2	6.766900E+1	1.410000E+0
2.938800E+1	1.376808E+0	5.250470E+0	3.301310E+2	6.766900E+1	1.410000E+0
2.939700E+1	1.376808E+0	5.250470E+0	3.301310E+2	6.766900E+1	1.410000E+0
2.950800E+1	1.378925E+0	5.283253E+0	3.301310E+2	6.766900E+1	1.410000E+0
2.951700E+1	1.378925E+0	5.283253E+0	3.301310E+2	6.766900E+1	1.410000E+0
2.959800E+1	1.387568E+0	5.358342E+0	3.301310E+2	6.766900E+1	1.410000E+0
2.960600E+1	1.387568E+0	5.358342E+0	3.301310E+2	6.766900E+1	1.410000E+0
2.968800E+1	1.389965E+0	5.393805E+0	3.301310E+2	6.766900E+1	1.410000E+0
2.969700E+1	1.389965E+0	5.393805E+0	3.301310E+2	6.766900E+1	1.410000E+0
2.977900E+1	1.395016E+0	5.435218E+0	3.301310E+2	6.766900E+1	1.410000E+0
2.978800E+1	1.395016E+0	5.435218E+0	3.301310E+2	6.766900E+1	1.410000E+0
2.986800E+1	1.400955E+0	5.500384E+0	3.301310E+2	6.766900E+1	1.410000E+0
2.987700E+1	1.400955E+0	5.500384E+0	3.301310E+2	6.766900E+1	1.410000E+0
2.998900E+1	1.400955E+0	5.494066E+0	3.301310E+2	6.766900E+1	1.410000E+0
2.999800E+1	1.400955E+0	5.494066E+0	3.301310E+2	6.766900E+1	1.410000E+0
3.007800E+1	1.412005E+0	5.597548E+0	3.301310E+2	6.766900E+1	1.410000E+0
3.009100E+1	1.412005E+0	5.597548E+0	3.301310E+2	6.766900E+1	1.410000E+0
3.017400E+1	1.411997E+0	5.602215E+0	3.301310E+2	6.766900E+1	1.410000E+0
3.018200E+1	1.411997E+0	5.602215E+0	3.301310E+2	6.766900E+1	1.410000E+0
3.026900E+1	1.423003E+0	5.702378E+0	3.301310E+2	6.766900E+1	1.410000E+0
3.027800E+1	1.423003E+0	5.702378E+0	3.301310E+2	6.766900E+1	1.410000E+0
3.035700E+1	1.423017E+0	5.706573E+0	3.301310E+2	6.766900E+1	1.410000E+0
3.036600E+1	1.423017E+0	5.706573E+0	3.301310E+2	6.766900E+1	1.410000E+0
3.047900E+1	1.427763E+0	5.747567E+0	3.301310E+2	6.766900E+1	1.410000E+0
3.048800E+1	1.427763E+0	5.747567E+0	3.301310E+2	6.766900E+1	1.410000E+0
3.056800E+1	1.428553E+0	5.750214E+0	3.301310E+2	6.766900E+1	1.410000E+0
3.057800E+1	1.428553E+0	5.750214E+0	3.301310E+2	6.766900E+1	1.410000E+0
3.065900E+1	1.437202E+0	5.827879E+0	3.301310E+2	6.766900E+1	1.410000E+0
3.066800E+1	1.437202E+0	5.827879E+0	3.301310E+2	6.766900E+1	1.410000E+0
3.074800E+1	1.439586E+0	5.852566E+0	3.301310E+2	6.766900E+1	1.410000E+0
3.075700E+1	1.439586E+0	5.852566E+0	3.301310E+2	6.766900E+1	1.410000E+0
3.083900E+1	1.448115E+0	5.920220E+0	3.301310E+2	6.766900E+1	1.410000E+0
3.084800E+1	1.448115E+0	5.920220E+0	3.301310E+2	6.766900E+1	1.410000E+0
3.096000E+1	1.450511E+0	5.944094E+0	3.301310E+2	6.766900E+1	1.410000E+0
3.096900E+1	1.450511E+0	5.944094E+0	3.301310E+2	6.766900E+1	1.410000E+0
3.104900E+1	1.450523E+0	5.953841E+0	3.301310E+2	6.766900E+1	1.410000E+0
3.106100E+1	1.450523E+0	5.953841E+0	3.301310E+2	6.766900E+1	1.410000E+0
3.114500E+1	1.461560E+0	6.051497E+0	3.301310E+2	6.766900E+1	1.410000E+0
3.115300E+1	1.461560E+0	6.051497E+0	3.301310E+2	6.766900E+1	1.410000E+0
3.123900E+1	1.461551E+0	6.051960E+0	3.301310E+2	6.766900E+1	1.410000E+0
3.124800E+1	1.461551E+0	6.051960E+0	3.301310E+2	6.766900E+1	1.410000E+0
3.132900E+1	1.472577E+0	6.151977E+0	3.301310E+2	6.766900E+1	1.410000E+0
3.133800E+1	1.472577E+0	6.151977E+0	3.301310E+2	6.766900E+1	1.410000E+0
3.145300E+1	1.472589E+0	6.155841E+0	3.301310E+2	6.766900E+1	1.410000E+0
3.146200E+1	1.472589E+0	6.155841E+0	3.301310E+2	6.766900E+1	1.410000E+0
3.154600E+1	1.476187E+0	6.213430E+0	3.301310E+2	6.766900E+1	1.410000E+0
3.155400E+1	1.476187E+0	6.213430E+0	3.301310E+2	6.766900E+1	1.410000E+0
3.164000E+1	1.478125E+0	6.219408E+0	3.301310E+2	6.766900E+1	1.410000E+0
3.164900E+1	1.478125E+0	6.219408E+0	3.301310E+2	6.766900E+1	1.410000E+0
3.173000E+1	1.487217E+0	6.298478E+0	3.301310E+2	6.766900E+1	1.410000E+0
3.173900E+1	1.487217E+0	6.298478E+0	3.301310E+2	6.766900E+1	1.410000E+0
3.181900E+1	1.489119E+0	6.331300E+0	3.301310E+2	6.766900E+1	1.410000E+0
3.182700E+1	1.489119E+0	6.331300E+0	3.301310E+2	6.766900E+1	1.410000E+0
3.194100E+1	1.498146E+0	6.432353E+0	3.301310E+2	6.766900E+1	1.410000E+0
3.195000E+1	1.498146E+0	6.432353E+0	3.301310E+2	6.766900E+1	1.410000E+0
3.203000E+1	1.500129E+0	6.441414E+0	3.301310E+2	6.766900E+1	1.410000E+0
3.204400E+1	1.500129E+0	6.441414E+0	3.301310E+2	6.766900E+1	1.410000E+0
3.212600E+1	1.500166E+0	6.434154E+0	3.301310E+2	6.766900E+1	1.410000E+0
3.213500E+1	1.500166E+0	6.434154E+0	3.301310E+2	6.766900E+1	1.410000E+0
3.222000E+1	1.511148E+0	6.542252E+0	3.301310E+2	6.766900E+1	1.410000E+0
3.222900E+1	1.511148E+0	6.542252E+0	3.301310E+2	6.766900E+1	1.410000E+0
3.231000E+1	1.511144E+0	6.544387E+0	3.301310E+2	6.766900E+1	1.410000E+0
3.231900E+1	1.511144E+0	6.544387E+0	3.301310E+2	6.766900E+1	1.410000E+0
3.243100E+1	1.522168E+0	6.653843E+0	3.301310E+2	6.766900E+1	1.410000E+0
3.244000E+1	1.522168E+0	6.653843E+0	3.301310E+2	6.766900E+1	1.410000E+0
3.252000E+1	1.522148E+0	6.676029E+0	3.301310E+2	6.766900E+1	1.410000E+0
3.252900E+1	1.522148E+0	6.676029E+0	3.301310E+2	6.766900E+1	1.410000E+0
3.261000E+1	1.530947E+0	6.786884E+0	3.301310E+2	6.766900E+1	1.410000E+0
3.261900E+1	1.530947E+0	6.786884E+0	3.301310E+2	6.766900E+1	1.410000E+0
3.270000E+1	1.533137E+0	6.805057E+0	3.301310E+2	6.766900E+1	1.410000E+0
3.270900E+1	1.533137E+0	6.805057E+0	3.301310E+2	6.766900E+1	1.410000E+0
3.279000E+1	1.537424E+0	6.837061E+0	3.301310E+2	6.766900E+1	1.410000E+0
3.279900E+1	1.537424E+0	6.837061E+0	3.301310E+2	6.766900E+1	1.410000E+0
3.291100E+1	1.538380E+0	6.847337E+0	3.301310E+2	6.766900E+1	1.410000E+0
3.292100E+1	1.538380E+0	6.847337E+0	3.301310E+2	6.766900E+1	1.410000E+0
3.300100E+1	1.546627E+0	6.944322E+0	3.301310E+2	6.766900E+1	1.410000E+0
3.300900E+1	1.546627E+0	6.944322E+0	3.301310E+2	6.766900E+1	1.410000E+0
3.309500E+1	1.549742E+0	6.979424E+0	3.301310E+2	6.766900E+1	1.410000E+0
3.311800E+1	1.549742E+0	6.979424E+0	3.301310E+2	6.766900E+1	1.410000E+0
3.318700E+1	1.549770E+0	6.974796E+0	3.301310E+2	6.766900E+1	1.410000E+0
3.319600E+1	1.549770E+0	6.974796E+0	3.301310E+2	6.766900E+1	1.410000E+0
3.328100E+1	1.560748E+0	7.094679E+0	3.301310E+2	6.766900E+1	1.410000E+0
3.328900E+1	1.560748E+0	7.094679E+0	3.301310E+2	6.766900E+1	1.410000E+0
3.340100E+1	1.560810E+0	7.102216E+0	3.301310E+2	6.766900E+1	1.410000E+0
3.341000E+1	1.560810E+0	7.102216E+0	3.301310E+2	6.766900E+1	1.410000E+0
3.349200E+1	1.571673E+0	7.243425E+0	3.301310E+2	6.766900E+1	1.410000E+0
3.350100E+1	1.571673E+0	7.243425E+0	3.301310E+2	6.766900E+1	1.410000E+0
3.358100E+1	1.571757E+0	7.231049E+0	3.301310E+2	6.766900E+1	1.410000E+0
3.358900E+1	1.571757E+0	7.231049E+0	3.301310E+2	6.766900E+1	1.410000E+0
3.367100E+1	1.580655E+0	7.318011E+0	3.301310E+2	6.766900E+1	1.410000E+0
3.368000E+1	1.580655E+0	7.318011E+0	3.301310E+2	6.766900E+1	1.410000E+0
3.376100E+1	1.582761E+0	7.392452E+0	3.301310E+2	6.766900E+1	1.410000E+0
3.377000E+1	1.582761E+0	7.392452E+0	3.301310E+2	6.766900E+1	1.410000E+0
3.388200E+1	1.586942E+0	7.415731E+0	3.301310E+2	6.766900E+1	1.410000E+0
3.389100E+1	1.586942E+0	7.415731E+0	3.301310E+2	6.766900E+1	1.410000E+0
3.397100E+1	1.588333E+0	7.459642E+0	3.301310E+2	6.766900E+1	1.410000E+0
3.398000E+1	1.588333E+0	7.459642E+0	3.301310E+2	6.766900E+1	1.410000E+0
3.406100E+1	1.596475E+0	7.546129E+0	3.301310E+2	6.766900E+1	1.410000E+0
3.407400E+1	1.596475E+0	7.546129E+0	3.301310E+2	6.766900E+1	1.410000E+0
3.415700E+1	1.599389E+0	7.568027E+0	3.301310E+2	6.766900E+1	1.410000E+0
3.416500E+1	1.599389E+0	7.568027E+0	3.301310E+2	6.766900E+1	1.410000E+0
3.425200E+1	1.599055E+0	7.631474E+0	3.301310E+2	6.766900E+1	1.410000E+0
3.426000E+1	1.599055E+0	7.631474E+0	3.301310E+2	6.766900E+1	1.410000E+0
3.437100E+1	1.610273E+0	7.775768E+0	3.301310E+2	6.766900E+1	1.410000E+0
3.438000E+1	1.610273E+0	7.775768E+0	3.301310E+2	6.766900E+1	1.410000E+0
3.446100E+1	1.610333E+0	7.871851E+0	3.301310E+2	6.766900E+1	1.410000E+0
3.447000E+1	1.610333E+0	7.871851E+0	3.301310E+2	6.766900E+1	1.410000E+0
3.455100E+1	1.621316E+0	8.045653E+0	3.301310E+2	6.766900E+1	1.410000E+0
3.455900E+1	1.621316E+0	8.045653E+0	3.301310E+2	6.766900E+1	1.410000E+0
3.464100E+1	1.621294E+0	8.103372E+0	3.301310E+2	6.766900E+1	1.410000E+0
3.464900E+1	1.621294E+0	8.103372E+0	3.301310E+2	6.766900E+1	1.410000E+0
3.473100E+1	1.629877E+0	8.152713E+0	3.301310E+2	6.766900E+1	1.410000E+0
3.474000E+1	1.629877E+0	8.152713E+0	3.301310E+2	6.766900E+1	1.410000E+0
3.485200E+1	1.632232E+0	8.232276E+0	3.301310E+2	6.766900E+1	1.410000E+0
3.486000E+1	1.632232E+0	8.232276E+0	3.301310E+2	6.766900E+1	1.410000E+0
3.494200E+1	1.640043E+0	8.382004E+0	3.301310E+2	6.766900E+1	1.410000E+0
3.495000E+1	1.640043E+0	8.382004E+0	3.301310E+2	6.766900E+1	1.410000E+0
3.503100E+1	1.643238E+0	8.434638E+0	3.301310E+2	6.766900E+1	1.410000E+0
3.504400E+1	1.643238E+0	8.434638E+0	3.301310E+2	6.766900E+1	1.410000E+0
3.512800E+1	1.647800E+0	8.564116E+0	3.301310E+2	6.766900E+1	1.410000E+0
3.513700E+1	1.647800E+0	8.564116E+0	3.301310E+2	6.766900E+1	1.410000E+0
3.522200E+1	1.648763E+0	8.597244E+0	3.301310E+2	6.766900E+1	1.410000E+0
3.523100E+1	1.648763E+0	8.597244E+0	3.301310E+2	6.766900E+1	1.410000E+0
3.534500E+1	1.648828E+0	8.620891E+0	3.301310E+2	6.766900E+1	1.410000E+0
3.535300E+1	1.648828E+0	8.620891E+0	3.301310E+2	6.766900E+1	1.410000E+0
3.543200E+1	1.659804E+0	8.818813E+0	3.301310E+2	6.766900E+1	1.410000E+0
3.544100E+1	1.659804E+0	8.818813E+0	3.301310E+2	6.766900E+1	1.410000E+0
3.552300E+1	1.659951E+0	8.785950E+0	3.301310E+2	6.766900E+1	1.410000E+0
3.553200E+1	1.659951E+0	8.785950E+0	3.301310E+2	6.766900E+1	1.410000E+0
3.561200E+1	1.668853E+0	8.915466E+0	3.301310E+2	6.766900E+1	1.410000E+0
3.562100E+1	1.668853E+0	8.915466E+0	3.301310E+2	6.766900E+1	1.410000E+0
3.570300E+1	1.670055E+0	8.965411E+0	3.301310E+2	6.766900E+1	1.410000E+0
3.571100E+1	1.670055E+0	8.965411E+0	3.301310E+2	6.766900E+1	1.410000E+0
3.582500E+1	1.679154E+0	9.221904E+0	3.301310E+2	6.766900E+1	1.410000E+0
3.583500E+1	1.679154E+0	9.221904E+0	3.301310E+2	6.766900E+1	1.410000E+0
3.591900E+1	1.681897E+0	9.348580E+0	3.301310E+2	6.766900E+1	1.410000E+0
3.592800E+1	1.681897E+0	9.348580E+0	3.301310E+2	6.766900E+1	1.410000E+0
3.601200E+1	1.690109E+0	9.518069E+0	3.301310E+2	6.766900E+1	1.410000E+0
3.602500E+1	1.690109E+0	9.518069E+0	3.301310E+2	6.766900E+1	1.410000E+0
3.610900E+1	1.692874E+0	9.771166E+0	3.301310E+2	6.766900E+1	1.410000E+0
3.611800E+1	1.692874E+0	9.771166E+0	3.301310E+2	6.766900E+1	1.410000E+0
3.620200E+1	1.697866E+0	9.822349E+0	3.301310E+2	6.766900E+1	1.410000E+0
3.621100E+1	1.697866E+0	9.822349E+0	3.301310E+2	6.766900E+1	1.410000E+0
3.632400E+1	1.698422E+0	9.875379E+0	3.301310E+2	6.766900E+1	1.410000E+0
3.633300E+1	1.698422E+0	9.875379E+0	3.301310E+2	6.766900E+1	1.410000E+0
3.641300E+1	1.698403E+0	1.001542E+1	3.301310E+2	6.766900E+1	1.410000E+0
3.642100E+1	1.698403E+0	1.001542E+1	3.301310E+2	6.766900E+1	1.410000E+0
3.650300E+1	1.709473E+0	1.043998E+1	3.301310E+2	6.766900E+1	1.410000E+0
3.651200E+1	1.709473E+0	1.043998E+1	3.301310E+2	6.766900E+1	1.410000E+0
3.659300E+1	1.709639E+0	1.076655E+1	3.301310E+2	6.766900E+1	1.410000E+0
3.660200E+1	1.709639E+0	1.076655E+1	3.301310E+2	6.766900E+1	1.410000E+0
3.668300E+1	1.718918E+0	1.104308E+1	3.301310E+2	6.766900E+1	1.410000E+0
3.669200E+1	1.718918E+0	1.104308E+1	3.301310E+2	6.766900E+1	1.410000E+0
3.689900E+1	1.718793E+0	8.934074E+1	3.301310E+2	6.766900E+1	1.410000E+0
