Sample;s6(j3)
V-V length(cm);1.000000
Field (T);7.032289
Temp (K);4.200000
Angle (deg.);0.000000
Field(T)_memo;7.000000
Time(sec.)	Current(A)	Voltage(uV)	Temp.1(K)	Temp.2(K)	Temp.3(K)
0.000000E+0	7.901642E-4	-2.510661E-5	3.301310E+2	6.766900E+1	1.410000E+0
7.000000E-2	7.749273E-4	-2.560874E-5	3.301310E+2	6.766900E+1	1.410000E+0
7.900000E-2	7.749273E-4	-2.560874E-5	3.301310E+2	6.766900E+1	1.410000E+0
1.910000E-1	7.907657E-4	-1.606823E-5	3.301310E+2	6.766900E+1	1.410000E+0
2.000000E-1	7.907657E-4	-1.606823E-5	3.301310E+2	6.766900E+1	1.410000E+0
2.800000E-1	7.997875E-4	-1.807676E-5	3.301310E+2	6.766900E+1	1.410000E+0
2.930000E-1	7.997875E-4	-1.807676E-5	3.301310E+2	6.766900E+1	1.410000E+0
3.770000E-1	7.941739E-4	-9.540511E-6	3.301310E+2	6.766900E+1	1.410000E+0
3.850000E-1	7.941739E-4	-9.540511E-6	3.301310E+2	6.766900E+1	1.410000E+0
4.700000E-1	1.181068E-2	5.566135E-3	3.301310E+2	6.766900E+1	1.410000E+0
4.790000E-1	1.181068E-2	5.566135E-3	3.301310E+2	6.766900E+1	1.410000E+0
5.600000E-1	1.181489E-2	5.569148E-3	3.301310E+2	6.766900E+1	1.410000E+0
5.680000E-1	1.181489E-2	5.569148E-3	3.301310E+2	6.766900E+1	1.410000E+0
6.810000E-1	1.180025E-2	5.564627E-3	3.301310E+2	6.766900E+1	1.410000E+0
6.900000E-1	1.180025E-2	5.564627E-3	3.301310E+2	6.766900E+1	1.410000E+0
7.710000E-1	1.179845E-2	5.571155E-3	3.301310E+2	6.766900E+1	1.410000E+0
7.800000E-1	1.179845E-2	5.571155E-3	3.301310E+2	6.766900E+1	1.410000E+0
8.610000E-1	1.180426E-2	5.561615E-3	3.301310E+2	6.766900E+1	1.410000E+0
8.700000E-1	1.180426E-2	5.561615E-3	3.301310E+2	6.766900E+1	1.410000E+0
9.510000E-1	1.180085E-2	5.559104E-3	3.301310E+2	6.766900E+1	1.410000E+0
9.600000E-1	1.180085E-2	5.559104E-3	3.301310E+2	6.766900E+1	1.410000E+0
1.041000E+0	2.062204E-2	1.635243E-2	3.301310E+2	6.766900E+1	1.410000E+0
1.050000E+0	2.062204E-2	1.635243E-2	3.301310E+2	6.766900E+1	1.410000E+0
1.161000E+0	2.283901E-2	1.938832E-2	3.301310E+2	6.766900E+1	1.410000E+0
1.170000E+0	2.283901E-2	1.938832E-2	3.301310E+2	6.766900E+1	1.410000E+0
1.252000E+0	2.285364E-2	1.941494E-2	3.301310E+2	6.766900E+1	1.410000E+0
1.266000E+0	2.285364E-2	1.941494E-2	3.301310E+2	6.766900E+1	1.410000E+0
1.346000E+0	2.284803E-2	1.936623E-2	3.301310E+2	6.766900E+1	1.410000E+0
1.355000E+0	2.284803E-2	1.936623E-2	3.301310E+2	6.766900E+1	1.410000E+0
1.440000E+0	2.284583E-2	1.934263E-2	3.301310E+2	6.766900E+1	1.410000E+0
1.449000E+0	2.284583E-2	1.934263E-2	3.301310E+2	6.766900E+1	1.410000E+0
1.532000E+0	2.283480E-2	1.935016E-2	3.301310E+2	6.766900E+1	1.410000E+0
1.541000E+0	2.283480E-2	1.935016E-2	3.301310E+2	6.766900E+1	1.410000E+0
1.655000E+0	2.282998E-2	1.933259E-2	3.301310E+2	6.766900E+1	1.410000E+0
1.664000E+0	2.282998E-2	1.933259E-2	3.301310E+2	6.766900E+1	1.410000E+0
1.747000E+0	2.825212E-2	2.807772E-2	3.301310E+2	6.766900E+1	1.410000E+0
1.756000E+0	2.825212E-2	2.807772E-2	3.301310E+2	6.766900E+1	1.410000E+0
1.841000E+0	2.834695E-2	2.806517E-2	3.301310E+2	6.766900E+1	1.410000E+0
1.850000E+0	2.834695E-2	2.806517E-2	3.301310E+2	6.766900E+1	1.410000E+0
1.931000E+0	2.835397E-2	2.810584E-2	3.301310E+2	6.766900E+1	1.410000E+0
1.940000E+0	2.835397E-2	2.810584E-2	3.301310E+2	6.766900E+1	1.410000E+0
2.021000E+0	2.834996E-2	2.810333E-2	3.301310E+2	6.766900E+1	1.410000E+0
2.030000E+0	2.834996E-2	2.810333E-2	3.301310E+2	6.766900E+1	1.410000E+0
2.142000E+0	2.834876E-2	2.809981E-2	3.301310E+2	6.766900E+1	1.410000E+0
2.151000E+0	2.834876E-2	2.809981E-2	3.301310E+2	6.766900E+1	1.410000E+0
2.232000E+0	2.835637E-2	2.815505E-2	3.301310E+2	6.766900E+1	1.410000E+0
2.245000E+0	2.835637E-2	2.815505E-2	3.301310E+2	6.766900E+1	1.410000E+0
2.328000E+0	2.834434E-2	2.809780E-2	3.301310E+2	6.766900E+1	1.410000E+0
2.336000E+0	2.834434E-2	2.809780E-2	3.301310E+2	6.766900E+1	1.410000E+0
2.422000E+0	3.928306E-2	4.862697E-2	3.301310E+2	6.766900E+1	1.410000E+0
2.431000E+0	3.928306E-2	4.862697E-2	3.301310E+2	6.766900E+1	1.410000E+0
2.512000E+0	3.929027E-2	4.868874E-2	3.301310E+2	6.766900E+1	1.410000E+0
2.521000E+0	3.929027E-2	4.868874E-2	3.301310E+2	6.766900E+1	1.410000E+0
2.632000E+0	3.929529E-2	4.869828E-2	3.301310E+2	6.766900E+1	1.410000E+0
2.641000E+0	3.929529E-2	4.869828E-2	3.301310E+2	6.766900E+1	1.410000E+0
2.721000E+0	3.929488E-2	4.866714E-2	3.301310E+2	6.766900E+1	1.410000E+0
2.730000E+0	3.929488E-2	4.866714E-2	3.301310E+2	6.766900E+1	1.410000E+0
2.812000E+0	3.929829E-2	4.870982E-2	3.301310E+2	6.766900E+1	1.410000E+0
2.820000E+0	3.929829E-2	4.870982E-2	3.301310E+2	6.766900E+1	1.410000E+0
2.902000E+0	3.930170E-2	4.870581E-2	3.301310E+2	6.766900E+1	1.410000E+0
2.911000E+0	3.930170E-2	4.870581E-2	3.301310E+2	6.766900E+1	1.410000E+0
2.991000E+0	4.581789E-2	6.307934E-2	3.301310E+2	6.766900E+1	1.410000E+0
2.999000E+0	4.581789E-2	6.307934E-2	3.301310E+2	6.766900E+1	1.410000E+0
3.112000E+0	5.034466E-2	7.296833E-2	3.301310E+2	6.766900E+1	1.410000E+0
3.121000E+0	5.034466E-2	7.296833E-2	3.301310E+2	6.766900E+1	1.410000E+0
3.201000E+0	5.034186E-2	7.304013E-2	3.301310E+2	6.766900E+1	1.410000E+0
3.210000E+0	5.034186E-2	7.304013E-2	3.301310E+2	6.766900E+1	1.410000E+0
3.291000E+0	5.035228E-2	7.306474E-2	3.301310E+2	6.766900E+1	1.410000E+0
3.305000E+0	5.035228E-2	7.306474E-2	3.301310E+2	6.766900E+1	1.410000E+0
3.388000E+0	5.036131E-2	7.307578E-2	3.301310E+2	6.766900E+1	1.410000E+0
3.397000E+0	5.036131E-2	7.307578E-2	3.301310E+2	6.766900E+1	1.410000E+0
3.482000E+0	5.034146E-2	7.305319E-2	3.301310E+2	6.766900E+1	1.410000E+0
3.491000E+0	5.034146E-2	7.305319E-2	3.301310E+2	6.766900E+1	1.410000E+0
3.602000E+0	5.034968E-2	7.306976E-2	3.301310E+2	6.766900E+1	1.410000E+0
3.611000E+0	5.034968E-2	7.306976E-2	3.301310E+2	6.766900E+1	1.410000E+0
3.692000E+0	6.135615E-2	1.004400E-1	3.301310E+2	6.766900E+1	1.410000E+0
3.701000E+0	6.135615E-2	1.004400E-1	3.301310E+2	6.766900E+1	1.410000E+0
3.782000E+0	6.136918E-2	1.004596E-1	3.301310E+2	6.766900E+1	1.410000E+0
3.791000E+0	6.136918E-2	1.004596E-1	3.301310E+2	6.766900E+1	1.410000E+0
3.872000E+0	6.134613E-2	1.004887E-1	3.301310E+2	6.766900E+1	1.410000E+0
3.881000E+0	6.134613E-2	1.004887E-1	3.301310E+2	6.766900E+1	1.410000E+0
3.962000E+0	6.135976E-2	1.005163E-1	3.301310E+2	6.766900E+1	1.410000E+0
3.971000E+0	6.135976E-2	1.005163E-1	3.301310E+2	6.766900E+1	1.410000E+0
4.082000E+0	6.135174E-2	1.005047E-1	3.301310E+2	6.766900E+1	1.410000E+0
4.091000E+0	6.135174E-2	1.005047E-1	3.301310E+2	6.766900E+1	1.410000E+0
4.171000E+0	6.134092E-2	1.005118E-1	3.301310E+2	6.766900E+1	1.410000E+0
4.180000E+0	6.134092E-2	1.005118E-1	3.301310E+2	6.766900E+1	1.410000E+0
4.262000E+0	6.955542E-2	1.226006E-1	3.301310E+2	6.766900E+1	1.410000E+0
4.275000E+0	6.955542E-2	1.226006E-1	3.301310E+2	6.766900E+1	1.410000E+0
4.358000E+0	7.237526E-2	1.305488E-1	3.301310E+2	6.766900E+1	1.410000E+0
4.367000E+0	7.237526E-2	1.305488E-1	3.301310E+2	6.766900E+1	1.410000E+0
4.452000E+0	7.237786E-2	1.305945E-1	3.301310E+2	6.766900E+1	1.410000E+0
4.461000E+0	7.237786E-2	1.305945E-1	3.301310E+2	6.766900E+1	1.410000E+0
4.573000E+0	7.237827E-2	1.307195E-1	3.301310E+2	6.766900E+1	1.410000E+0
4.582000E+0	7.237827E-2	1.307195E-1	3.301310E+2	6.766900E+1	1.410000E+0
4.662000E+0	7.237706E-2	1.306041E-1	3.301310E+2	6.766900E+1	1.410000E+0
4.671000E+0	7.237706E-2	1.306041E-1	3.301310E+2	6.766900E+1	1.410000E+0
4.751000E+0	7.238288E-2	1.306387E-1	3.301310E+2	6.766900E+1	1.410000E+0
4.760000E+0	7.238288E-2	1.306387E-1	3.301310E+2	6.766900E+1	1.410000E+0
4.843000E+0	7.237245E-2	1.306191E-1	3.301310E+2	6.766900E+1	1.410000E+0
4.852000E+0	7.237245E-2	1.306191E-1	3.301310E+2	6.766900E+1	1.410000E+0
4.932000E+0	7.671177E-2	1.430308E-1	3.301310E+2	6.766900E+1	1.410000E+0
4.941000E+0	7.671177E-2	1.430308E-1	3.301310E+2	6.766900E+1	1.410000E+0
5.054000E+0	7.784933E-2	1.463574E-1	3.301310E+2	6.766900E+1	1.410000E+0
5.062000E+0	7.784933E-2	1.463574E-1	3.301310E+2	6.766900E+1	1.410000E+0
5.142000E+0	7.785233E-2	1.463429E-1	3.301310E+2	6.766900E+1	1.410000E+0
5.151000E+0	7.785233E-2	1.463429E-1	3.301310E+2	6.766900E+1	1.410000E+0
5.232000E+0	7.784311E-2	1.462972E-1	3.301310E+2	6.766900E+1	1.410000E+0
5.245000E+0	7.784311E-2	1.462972E-1	3.301310E+2	6.766900E+1	1.410000E+0
5.328000E+0	7.784271E-2	1.463168E-1	3.301310E+2	6.766900E+1	1.410000E+0
5.337000E+0	7.784271E-2	1.463168E-1	3.301310E+2	6.766900E+1	1.410000E+0
5.422000E+0	7.783649E-2	1.464036E-1	3.301310E+2	6.766900E+1	1.410000E+0
5.430000E+0	7.783649E-2	1.464036E-1	3.301310E+2	6.766900E+1	1.410000E+0
5.544000E+0	7.783990E-2	1.463685E-1	3.301310E+2	6.766900E+1	1.410000E+0
5.553000E+0	7.783990E-2	1.463685E-1	3.301310E+2	6.766900E+1	1.410000E+0
5.632000E+0	8.884357E-2	1.790166E-1	3.301310E+2	6.766900E+1	1.410000E+0
5.641000E+0	8.884357E-2	1.790166E-1	3.301310E+2	6.766900E+1	1.410000E+0
5.722000E+0	8.888507E-2	1.791823E-1	3.301310E+2	6.766900E+1	1.410000E+0
5.730000E+0	8.888507E-2	1.791823E-1	3.301310E+2	6.766900E+1	1.410000E+0
5.812000E+0	8.887244E-2	1.792330E-1	3.301310E+2	6.766900E+1	1.410000E+0
5.821000E+0	8.887244E-2	1.792330E-1	3.301310E+2	6.766900E+1	1.410000E+0
5.903000E+0	8.887826E-2	1.792647E-1	3.301310E+2	6.766900E+1	1.410000E+0
5.912000E+0	8.887826E-2	1.792647E-1	3.301310E+2	6.766900E+1	1.410000E+0
6.025000E+0	8.888046E-2	1.793008E-1	3.301310E+2	6.766900E+1	1.410000E+0
6.034000E+0	8.888046E-2	1.793008E-1	3.301310E+2	6.766900E+1	1.410000E+0
6.119000E+0	8.888948E-2	1.793199E-1	3.301310E+2	6.766900E+1	1.410000E+0
6.128000E+0	8.888948E-2	1.793199E-1	3.301310E+2	6.766900E+1	1.410000E+0
6.213000E+0	9.876121E-2	2.097130E-1	3.301310E+2	6.766900E+1	1.410000E+0
6.222000E+0	9.876121E-2	2.097130E-1	3.301310E+2	6.766900E+1	1.410000E+0
6.302000E+0	9.988012E-2	2.133584E-1	3.301310E+2	6.766900E+1	1.410000E+0
6.315000E+0	9.988012E-2	2.133584E-1	3.301310E+2	6.766900E+1	1.410000E+0
6.399000E+0	9.988353E-2	2.134066E-1	3.301310E+2	6.766900E+1	1.410000E+0
6.408000E+0	9.988353E-2	2.134066E-1	3.301310E+2	6.766900E+1	1.410000E+0
6.524000E+0	9.988613E-2	2.134488E-1	3.301310E+2	6.766900E+1	1.410000E+0
6.533000E+0	9.988613E-2	2.134488E-1	3.301310E+2	6.766900E+1	1.410000E+0
6.613000E+0	9.988854E-2	2.134764E-1	3.301310E+2	6.766900E+1	1.410000E+0
6.622000E+0	9.988854E-2	2.134764E-1	3.301310E+2	6.766900E+1	1.410000E+0
6.703000E+0	9.988433E-2	2.134317E-1	3.301310E+2	6.766900E+1	1.410000E+0
6.712000E+0	9.988433E-2	2.134317E-1	3.301310E+2	6.766900E+1	1.410000E+0
6.793000E+0	9.989616E-2	2.134704E-1	3.301310E+2	6.766900E+1	1.410000E+0
6.802000E+0	9.989616E-2	2.134704E-1	3.301310E+2	6.766900E+1	1.410000E+0
6.883000E+0	1.109217E-1	2.486453E-1	3.301310E+2	6.766900E+1	1.410000E+0
6.893000E+0	1.109217E-1	2.486453E-1	3.301310E+2	6.766900E+1	1.410000E+0
7.004000E+0	1.109407E-1	2.487934E-1	3.301310E+2	6.766900E+1	1.410000E+0
7.013000E+0	1.109407E-1	2.487934E-1	3.301310E+2	6.766900E+1	1.410000E+0
7.094000E+0	1.109319E-1	2.487894E-1	3.301310E+2	6.766900E+1	1.410000E+0
7.103000E+0	1.109319E-1	2.487894E-1	3.301310E+2	6.766900E+1	1.410000E+0
7.183000E+0	1.109413E-1	2.488321E-1	3.301310E+2	6.766900E+1	1.410000E+0
7.192000E+0	1.109413E-1	2.488321E-1	3.301310E+2	6.766900E+1	1.410000E+0
7.274000E+0	1.109457E-1	2.487959E-1	3.301310E+2	6.766900E+1	1.410000E+0
7.286000E+0	1.109457E-1	2.487959E-1	3.301310E+2	6.766900E+1	1.410000E+0
7.370000E+0	1.109265E-1	2.487482E-1	3.301310E+2	6.766900E+1	1.410000E+0
7.379000E+0	1.109265E-1	2.487482E-1	3.301310E+2	6.766900E+1	1.410000E+0
7.494000E+0	1.198772E-1	2.780180E-1	3.301310E+2	6.766900E+1	1.410000E+0
7.503000E+0	1.198772E-1	2.780180E-1	3.301310E+2	6.766900E+1	1.410000E+0
7.583000E+0	1.219009E-1	2.848595E-1	3.301310E+2	6.766900E+1	1.410000E+0
7.593000E+0	1.219009E-1	2.848595E-1	3.301310E+2	6.766900E+1	1.410000E+0
7.673000E+0	1.219069E-1	2.848199E-1	3.301310E+2	6.766900E+1	1.410000E+0
7.682000E+0	1.219069E-1	2.848199E-1	3.301310E+2	6.766900E+1	1.410000E+0
7.763000E+0	1.218903E-1	2.848465E-1	3.301310E+2	6.766900E+1	1.410000E+0
7.772000E+0	1.218903E-1	2.848465E-1	3.301310E+2	6.766900E+1	1.410000E+0
7.854000E+0	1.219007E-1	2.847722E-1	3.301310E+2	6.766900E+1	1.410000E+0
7.863000E+0	1.219007E-1	2.847722E-1	3.301310E+2	6.766900E+1	1.410000E+0
7.975000E+0	1.219023E-1	2.848485E-1	3.301310E+2	6.766900E+1	1.410000E+0
7.983000E+0	1.219023E-1	2.848485E-1	3.301310E+2	6.766900E+1	1.410000E+0
8.063000E+0	1.219077E-1	2.848284E-1	3.301310E+2	6.766900E+1	1.410000E+0
8.072000E+0	1.219077E-1	2.848284E-1	3.301310E+2	6.766900E+1	1.410000E+0
8.154000E+0	1.311068E-1	3.155935E-1	3.301310E+2	6.766900E+1	1.410000E+0
8.163000E+0	1.311068E-1	3.155935E-1	3.301310E+2	6.766900E+1	1.410000E+0
8.244000E+0	1.329382E-1	3.218019E-1	3.301310E+2	6.766900E+1	1.410000E+0
8.257000E+0	1.329382E-1	3.218019E-1	3.301310E+2	6.766900E+1	1.410000E+0
8.340000E+0	1.329465E-1	3.218536E-1	3.301310E+2	6.766900E+1	1.410000E+0
8.349000E+0	1.329465E-1	3.218536E-1	3.301310E+2	6.766900E+1	1.410000E+0
8.466000E+0	1.329437E-1	3.217984E-1	3.301310E+2	6.766900E+1	1.410000E+0
8.475000E+0	1.329437E-1	3.217984E-1	3.301310E+2	6.766900E+1	1.410000E+0
8.554000E+0	1.329455E-1	3.217944E-1	3.301310E+2	6.766900E+1	1.410000E+0
8.563000E+0	1.329455E-1	3.217944E-1	3.301310E+2	6.766900E+1	1.410000E+0
8.644000E+0	1.329410E-1	3.217316E-1	3.301310E+2	6.766900E+1	1.410000E+0
8.653000E+0	1.329410E-1	3.217316E-1	3.301310E+2	6.766900E+1	1.410000E+0
8.734000E+0	1.329481E-1	3.217597E-1	3.301310E+2	6.766900E+1	1.410000E+0
8.743000E+0	1.329481E-1	3.217597E-1	3.301310E+2	6.766900E+1	1.410000E+0
8.825000E+0	1.384462E-1	3.405450E-1	3.301310E+2	6.766900E+1	1.410000E+0
8.833000E+0	1.384462E-1	3.405450E-1	3.301310E+2	6.766900E+1	1.410000E+0
8.945000E+0	1.384668E-1	3.406097E-1	3.301310E+2	6.766900E+1	1.410000E+0
8.954000E+0	1.384668E-1	3.406097E-1	3.301310E+2	6.766900E+1	1.410000E+0
9.034000E+0	1.384460E-1	3.405992E-1	3.301310E+2	6.766900E+1	1.410000E+0
9.043000E+0	1.384460E-1	3.405992E-1	3.301310E+2	6.766900E+1	1.410000E+0
9.124000E+0	1.384524E-1	3.406454E-1	3.301310E+2	6.766900E+1	1.410000E+0
9.133000E+0	1.384524E-1	3.406454E-1	3.301310E+2	6.766900E+1	1.410000E+0
9.214000E+0	1.384598E-1	3.406037E-1	3.301310E+2	6.766900E+1	1.410000E+0
9.223000E+0	1.384598E-1	3.406037E-1	3.301310E+2	6.766900E+1	1.410000E+0
9.305000E+0	1.384426E-1	3.406871E-1	3.301310E+2	6.766900E+1	1.410000E+0
9.318000E+0	1.384426E-1	3.406871E-1	3.301310E+2	6.766900E+1	1.410000E+0
9.431000E+0	1.473299E-1	3.786422E-1	3.301310E+2	6.766900E+1	1.410000E+0
9.440000E+0	1.473299E-1	3.786422E-1	3.301310E+2	6.766900E+1	1.410000E+0
9.524000E+0	1.494679E-1	3.787848E-1	3.301310E+2	6.766900E+1	1.410000E+0
9.533000E+0	1.494679E-1	3.787848E-1	3.301310E+2	6.766900E+1	1.410000E+0
9.615000E+0	1.494675E-1	3.788064E-1	3.301310E+2	6.766900E+1	1.410000E+0
9.624000E+0	1.494675E-1	3.788064E-1	3.301310E+2	6.766900E+1	1.410000E+0
9.704000E+0	1.494741E-1	3.788536E-1	3.301310E+2	6.766900E+1	1.410000E+0
9.713000E+0	1.494741E-1	3.788536E-1	3.301310E+2	6.766900E+1	1.410000E+0
9.793000E+0	1.494831E-1	3.788868E-1	3.301310E+2	6.766900E+1	1.410000E+0
9.802000E+0	1.494831E-1	3.788868E-1	3.301310E+2	6.766900E+1	1.410000E+0
9.915000E+0	1.494821E-1	3.788983E-1	3.301310E+2	6.766900E+1	1.410000E+0
9.923000E+0	1.494821E-1	3.788983E-1	3.301310E+2	6.766900E+1	1.410000E+0
1.000400E+1	1.494831E-1	3.789385E-1	3.301310E+2	6.766900E+1	1.410000E+0
1.001300E+1	1.494831E-1	3.789385E-1	3.301310E+2	6.766900E+1	1.410000E+0
1.009500E+1	1.604926E-1	4.177111E-1	3.301310E+2	6.766900E+1	1.410000E+0
1.010400E+1	1.604926E-1	4.177111E-1	3.301310E+2	6.766900E+1	1.410000E+0
1.018500E+1	1.605077E-1	4.178291E-1	3.301310E+2	6.766900E+1	1.410000E+0
1.019400E+1	1.605077E-1	4.178291E-1	3.301310E+2	6.766900E+1	1.410000E+0
1.027400E+1	1.604980E-1	4.178040E-1	3.301310E+2	6.766900E+1	1.410000E+0
1.028700E+1	1.604980E-1	4.178040E-1	3.301310E+2	6.766900E+1	1.410000E+0
1.040500E+1	1.605103E-1	4.178592E-1	3.301310E+2	6.766900E+1	1.410000E+0
1.041400E+1	1.605103E-1	4.178592E-1	3.301310E+2	6.766900E+1	1.410000E+0
1.049500E+1	1.605012E-1	4.178301E-1	3.301310E+2	6.766900E+1	1.410000E+0
1.050400E+1	1.605012E-1	4.178301E-1	3.301310E+2	6.766900E+1	1.410000E+0
1.058500E+1	1.605103E-1	4.178793E-1	3.301310E+2	6.766900E+1	1.410000E+0
1.059300E+1	1.605103E-1	4.178793E-1	3.301310E+2	6.766900E+1	1.410000E+0
1.067500E+1	1.690983E-1	4.484777E-1	3.301310E+2	6.766900E+1	1.410000E+0
1.068500E+1	1.690983E-1	4.484777E-1	3.301310E+2	6.766900E+1	1.410000E+0
1.076500E+1	1.715065E-1	4.571972E-1	3.301310E+2	6.766900E+1	1.410000E+0
1.077400E+1	1.715065E-1	4.571972E-1	3.301310E+2	6.766900E+1	1.410000E+0
1.088600E+1	1.715015E-1	4.572118E-1	3.301310E+2	6.766900E+1	1.410000E+0
1.089400E+1	1.715015E-1	4.572118E-1	3.301310E+2	6.766900E+1	1.410000E+0
1.097400E+1	1.715155E-1	4.572459E-1	3.301310E+2	6.766900E+1	1.410000E+0
1.098300E+1	1.715155E-1	4.572459E-1	3.301310E+2	6.766900E+1	1.410000E+0
1.106500E+1	1.715244E-1	4.572801E-1	3.301310E+2	6.766900E+1	1.410000E+0
1.107400E+1	1.715244E-1	4.572801E-1	3.301310E+2	6.766900E+1	1.410000E+0
1.115500E+1	1.715153E-1	4.572268E-1	3.301310E+2	6.766900E+1	1.410000E+0
1.116400E+1	1.715153E-1	4.572268E-1	3.301310E+2	6.766900E+1	1.410000E+0
1.124500E+1	1.715103E-1	4.572605E-1	3.301310E+2	6.766900E+1	1.410000E+0
1.125800E+1	1.715103E-1	4.572605E-1	3.301310E+2	6.766900E+1	1.410000E+0
1.137200E+1	1.805889E-1	4.971529E-1	3.301310E+2	6.766900E+1	1.410000E+0
1.138200E+1	1.805889E-1	4.971529E-1	3.301310E+2	6.766900E+1	1.410000E+0
1.146500E+1	1.825595E-1	4.972648E-1	3.301310E+2	6.766900E+1	1.410000E+0
1.147300E+1	1.825595E-1	4.972648E-1	3.301310E+2	6.766900E+1	1.410000E+0
1.155600E+1	1.825529E-1	4.973301E-1	3.301310E+2	6.766900E+1	1.410000E+0
1.156500E+1	1.825529E-1	4.973301E-1	3.301310E+2	6.766900E+1	1.410000E+0
1.164400E+1	1.825479E-1	4.973186E-1	3.301310E+2	6.766900E+1	1.410000E+0
1.165300E+1	1.825479E-1	4.973186E-1	3.301310E+2	6.766900E+1	1.410000E+0
1.173500E+1	1.825511E-1	4.973477E-1	3.301310E+2	6.766900E+1	1.410000E+0
1.174400E+1	1.825511E-1	4.973477E-1	3.301310E+2	6.766900E+1	1.410000E+0
1.185700E+1	1.825485E-1	4.973613E-1	3.301310E+2	6.766900E+1	1.410000E+0
1.186600E+1	1.825485E-1	4.973613E-1	3.301310E+2	6.766900E+1	1.410000E+0
1.194600E+1	1.825447E-1	4.974431E-1	3.301310E+2	6.766900E+1	1.410000E+0
1.195500E+1	1.825447E-1	4.974431E-1	3.301310E+2	6.766900E+1	1.410000E+0
1.203500E+1	1.879957E-1	5.173798E-1	3.301310E+2	6.766900E+1	1.410000E+0
1.204400E+1	1.879957E-1	5.173798E-1	3.301310E+2	6.766900E+1	1.410000E+0
1.212600E+1	1.880380E-1	5.174962E-1	3.301310E+2	6.766900E+1	1.410000E+0
1.213400E+1	1.880380E-1	5.174962E-1	3.301310E+2	6.766900E+1	1.410000E+0
1.221600E+1	1.880400E-1	5.174551E-1	3.301310E+2	6.766900E+1	1.410000E+0
1.222500E+1	1.880400E-1	5.174551E-1	3.301310E+2	6.766900E+1	1.410000E+0
1.234100E+1	1.880332E-1	5.175399E-1	3.301310E+2	6.766900E+1	1.410000E+0
1.235700E+1	1.880332E-1	5.175399E-1	3.301310E+2	6.766900E+1	1.410000E+0
1.243600E+1	1.880276E-1	5.176695E-1	3.301310E+2	6.766900E+1	1.410000E+0
1.244400E+1	1.880276E-1	5.176695E-1	3.301310E+2	6.766900E+1	1.410000E+0
1.252600E+1	1.880215E-1	5.177343E-1	3.301310E+2	6.766900E+1	1.410000E+0
1.253500E+1	1.880215E-1	5.177343E-1	3.301310E+2	6.766900E+1	1.410000E+0
1.261500E+1	1.959832E-1	5.471572E-1	3.301310E+2	6.766900E+1	1.410000E+0
1.262400E+1	1.959832E-1	5.471572E-1	3.301310E+2	6.766900E+1	1.410000E+0
1.270600E+1	1.990575E-1	5.587198E-1	3.301310E+2	6.766900E+1	1.410000E+0
1.271500E+1	1.990575E-1	5.587198E-1	3.301310E+2	6.766900E+1	1.410000E+0
1.282600E+1	1.990659E-1	5.587931E-1	3.301310E+2	6.766900E+1	1.410000E+0
1.283500E+1	1.990659E-1	5.587931E-1	3.301310E+2	6.766900E+1	1.410000E+0
1.291500E+1	1.990783E-1	5.587800E-1	3.301310E+2	6.766900E+1	1.410000E+0
1.292500E+1	1.990783E-1	5.587800E-1	3.301310E+2	6.766900E+1	1.410000E+0
1.300600E+1	1.990743E-1	5.587946E-1	3.301310E+2	6.766900E+1	1.410000E+0
1.301500E+1	1.990743E-1	5.587946E-1	3.301310E+2	6.766900E+1	1.410000E+0
1.309400E+1	1.990703E-1	5.588006E-1	3.301310E+2	6.766900E+1	1.410000E+0
1.310300E+1	1.990703E-1	5.588006E-1	3.301310E+2	6.766900E+1	1.410000E+0
1.318600E+1	1.990603E-1	5.588584E-1	3.301310E+2	6.766900E+1	1.410000E+0
1.319400E+1	1.990603E-1	5.588584E-1	3.301310E+2	6.766900E+1	1.410000E+0
1.330700E+1	2.055560E-1	5.829783E-1	3.301310E+2	6.766900E+1	1.410000E+0
1.332000E+1	2.055560E-1	5.829783E-1	3.301310E+2	6.766900E+1	1.410000E+0
1.340500E+1	2.099862E-1	5.994427E-1	3.301310E+2	6.766900E+1	1.410000E+0
1.341400E+1	2.099862E-1	5.994427E-1	3.301310E+2	6.766900E+1	1.410000E+0
1.349500E+1	2.099896E-1	5.992539E-1	3.301310E+2	6.766900E+1	1.410000E+0
1.350400E+1	2.099896E-1	5.992539E-1	3.301310E+2	6.766900E+1	1.410000E+0
1.358500E+1	2.100078E-1	5.993121E-1	3.301310E+2	6.766900E+1	1.410000E+0
1.359400E+1	2.100078E-1	5.993121E-1	3.301310E+2	6.766900E+1	1.410000E+0
1.367600E+1	2.100022E-1	5.993121E-1	3.301310E+2	6.766900E+1	1.410000E+0
1.368500E+1	2.100022E-1	5.993121E-1	3.301310E+2	6.766900E+1	1.410000E+0
1.379700E+1	2.099996E-1	5.992870E-1	3.301310E+2	6.766900E+1	1.410000E+0
1.380600E+1	2.099996E-1	5.992870E-1	3.301310E+2	6.766900E+1	1.410000E+0
1.388500E+1	2.188118E-1	6.323384E-1	3.301310E+2	6.766900E+1	1.410000E+0
1.389400E+1	2.188118E-1	6.323384E-1	3.301310E+2	6.766900E+1	1.410000E+0
1.397500E+1	2.210209E-1	6.407546E-1	3.301310E+2	6.766900E+1	1.410000E+0
1.398400E+1	2.210209E-1	6.407546E-1	3.301310E+2	6.766900E+1	1.410000E+0
1.406600E+1	2.210105E-1	6.407717E-1	3.301310E+2	6.766900E+1	1.410000E+0
1.407400E+1	2.210105E-1	6.407717E-1	3.301310E+2	6.766900E+1	1.410000E+0
1.415600E+1	2.210251E-1	6.407812E-1	3.301310E+2	6.766900E+1	1.410000E+0
1.416500E+1	2.210251E-1	6.407812E-1	3.301310E+2	6.766900E+1	1.410000E+0
1.427600E+1	2.210388E-1	6.408199E-1	3.301310E+2	6.766900E+1	1.410000E+0
1.428900E+1	2.210388E-1	6.408199E-1	3.301310E+2	6.766900E+1	1.410000E+0
1.437200E+1	2.210325E-1	6.408364E-1	3.301310E+2	6.766900E+1	1.410000E+0
1.438100E+1	2.210325E-1	6.408364E-1	3.301310E+2	6.766900E+1	1.410000E+0
1.446600E+1	2.210281E-1	6.408219E-1	3.301310E+2	6.766900E+1	1.410000E+0
1.447400E+1	2.210281E-1	6.408219E-1	3.301310E+2	6.766900E+1	1.410000E+0
1.455600E+1	2.320386E-1	6.823301E-1	3.301310E+2	6.766900E+1	1.410000E+0
1.456400E+1	2.320386E-1	6.823301E-1	3.301310E+2	6.766900E+1	1.410000E+0
1.464600E+1	2.320514E-1	6.823166E-1	3.301310E+2	6.766900E+1	1.410000E+0
1.465400E+1	2.320514E-1	6.823166E-1	3.301310E+2	6.766900E+1	1.410000E+0
1.476700E+1	2.320474E-1	6.821011E-1	3.301310E+2	6.766900E+1	1.410000E+0
1.477500E+1	2.320474E-1	6.821011E-1	3.301310E+2	6.766900E+1	1.410000E+0
1.485500E+1	2.320472E-1	6.819380E-1	3.301310E+2	6.766900E+1	1.410000E+0
1.486400E+1	2.320472E-1	6.819380E-1	3.301310E+2	6.766900E+1	1.410000E+0
1.494700E+1	2.320484E-1	6.818471E-1	3.301310E+2	6.766900E+1	1.410000E+0
1.495600E+1	2.320484E-1	6.818471E-1	3.301310E+2	6.766900E+1	1.410000E+0
1.503600E+1	2.320522E-1	6.818009E-1	3.301310E+2	6.766900E+1	1.410000E+0
1.504500E+1	2.320522E-1	6.818009E-1	3.301310E+2	6.766900E+1	1.410000E+0
1.512600E+1	2.320470E-1	6.817276E-1	3.301310E+2	6.766900E+1	1.410000E+0
1.513500E+1	2.320470E-1	6.817276E-1	3.301310E+2	6.766900E+1	1.410000E+0
1.524800E+1	2.375674E-1	7.027508E-1	3.301310E+2	6.766900E+1	1.410000E+0
1.526100E+1	2.375674E-1	7.027508E-1	3.301310E+2	6.766900E+1	1.410000E+0
1.534600E+1	2.375794E-1	7.027855E-1	3.301310E+2	6.766900E+1	1.410000E+0
1.535500E+1	2.375794E-1	7.027855E-1	3.301310E+2	6.766900E+1	1.410000E+0
1.543500E+1	2.375746E-1	7.029738E-1	3.301310E+2	6.766900E+1	1.410000E+0
1.544400E+1	2.375746E-1	7.029738E-1	3.301310E+2	6.766900E+1	1.410000E+0
1.552600E+1	2.375849E-1	7.028302E-1	3.301310E+2	6.766900E+1	1.410000E+0
1.553600E+1	2.375849E-1	7.028302E-1	3.301310E+2	6.766900E+1	1.410000E+0
1.561600E+1	2.375839E-1	7.027925E-1	3.301310E+2	6.766900E+1	1.410000E+0
1.562500E+1	2.375839E-1	7.027925E-1	3.301310E+2	6.766900E+1	1.410000E+0
1.573800E+1	2.375798E-1	7.028045E-1	3.301310E+2	6.766900E+1	1.410000E+0
1.574700E+1	2.375798E-1	7.028045E-1	3.301310E+2	6.766900E+1	1.410000E+0
1.582500E+1	2.454309E-1	7.327397E-1	3.301310E+2	6.766900E+1	1.410000E+0
1.583400E+1	2.454309E-1	7.327397E-1	3.301310E+2	6.766900E+1	1.410000E+0
1.591500E+1	2.486182E-1	7.449846E-1	3.301310E+2	6.766900E+1	1.410000E+0
1.592400E+1	2.486182E-1	7.449846E-1	3.301310E+2	6.766900E+1	1.410000E+0
1.600600E+1	2.486212E-1	7.448862E-1	3.301310E+2	6.766900E+1	1.410000E+0
1.601400E+1	2.486212E-1	7.448862E-1	3.301310E+2	6.766900E+1	1.410000E+0
1.609500E+1	2.486128E-1	7.447587E-1	3.301310E+2	6.766900E+1	1.410000E+0
1.610400E+1	2.486128E-1	7.447587E-1	3.301310E+2	6.766900E+1	1.410000E+0
1.621700E+1	2.486246E-1	7.449615E-1	3.301310E+2	6.766900E+1	1.410000E+0
1.622600E+1	2.486246E-1	7.449615E-1	3.301310E+2	6.766900E+1	1.410000E+0
1.630900E+1	2.486338E-1	7.449023E-1	3.301310E+2	6.766900E+1	1.410000E+0
1.632600E+1	2.486338E-1	7.449023E-1	3.301310E+2	6.766900E+1	1.410000E+0
1.640200E+1	2.486194E-1	7.448209E-1	3.301310E+2	6.766900E+1	1.410000E+0
1.641100E+1	2.486194E-1	7.448209E-1	3.301310E+2	6.766900E+1	1.410000E+0
1.649600E+1	2.596106E-1	7.870211E-1	3.301310E+2	6.766900E+1	1.410000E+0
1.650500E+1	2.596106E-1	7.870211E-1	3.301310E+2	6.766900E+1	1.410000E+0
1.658600E+1	2.596237E-1	7.871517E-1	3.301310E+2	6.766900E+1	1.410000E+0
1.659500E+1	2.596237E-1	7.871517E-1	3.301310E+2	6.766900E+1	1.410000E+0
1.670600E+1	2.595988E-1	7.870985E-1	3.301310E+2	6.766900E+1	1.410000E+0
1.671500E+1	2.595988E-1	7.870985E-1	3.301310E+2	6.766900E+1	1.410000E+0
1.679600E+1	2.596050E-1	7.870578E-1	3.301310E+2	6.766900E+1	1.410000E+0
1.680400E+1	2.596050E-1	7.870578E-1	3.301310E+2	6.766900E+1	1.410000E+0
1.688500E+1	2.596018E-1	7.870191E-1	3.301310E+2	6.766900E+1	1.410000E+0
1.689400E+1	2.596018E-1	7.870191E-1	3.301310E+2	6.766900E+1	1.410000E+0
1.697600E+1	2.596070E-1	7.871075E-1	3.301310E+2	6.766900E+1	1.410000E+0
1.698400E+1	2.596070E-1	7.871075E-1	3.301310E+2	6.766900E+1	1.410000E+0
1.706600E+1	2.685932E-1	8.216642E-1	3.301310E+2	6.766900E+1	1.410000E+0
1.707500E+1	2.685932E-1	8.216642E-1	3.301310E+2	6.766900E+1	1.410000E+0
1.718700E+1	2.706362E-1	8.296828E-1	3.301310E+2	6.766900E+1	1.410000E+0
1.719500E+1	2.706362E-1	8.296828E-1	3.301310E+2	6.766900E+1	1.410000E+0
1.727600E+1	2.706293E-1	8.296998E-1	3.301310E+2	6.766900E+1	1.410000E+0
1.729000E+1	2.706293E-1	8.296998E-1	3.301310E+2	6.766900E+1	1.410000E+0
1.737200E+1	2.706336E-1	8.296828E-1	3.301310E+2	6.766900E+1	1.410000E+0
1.738200E+1	2.706336E-1	8.296828E-1	3.301310E+2	6.766900E+1	1.410000E+0
1.746600E+1	2.706247E-1	8.296632E-1	3.301310E+2	6.766900E+1	1.410000E+0
1.747500E+1	2.706247E-1	8.296632E-1	3.301310E+2	6.766900E+1	1.410000E+0
1.755500E+1	2.706127E-1	8.296386E-1	3.301310E+2	6.766900E+1	1.410000E+0
1.756400E+1	2.706127E-1	8.296386E-1	3.301310E+2	6.766900E+1	1.410000E+0
1.767600E+1	2.706073E-1	8.295859E-1	3.301310E+2	6.766900E+1	1.410000E+0
1.768500E+1	2.706073E-1	8.295859E-1	3.301310E+2	6.766900E+1	1.410000E+0
1.776500E+1	2.816458E-1	8.724202E-1	3.301310E+2	6.766900E+1	1.410000E+0
1.777400E+1	2.816458E-1	8.724202E-1	3.301310E+2	6.766900E+1	1.410000E+0
1.785500E+1	2.816420E-1	8.724057E-1	3.301310E+2	6.766900E+1	1.410000E+0
1.786500E+1	2.816420E-1	8.724057E-1	3.301310E+2	6.766900E+1	1.410000E+0
1.794600E+1	2.816378E-1	8.722656E-1	3.301310E+2	6.766900E+1	1.410000E+0
1.795500E+1	2.816378E-1	8.722656E-1	3.301310E+2	6.766900E+1	1.410000E+0
1.803500E+1	2.816442E-1	8.724338E-1	3.301310E+2	6.766900E+1	1.410000E+0
1.804400E+1	2.816442E-1	8.724338E-1	3.301310E+2	6.766900E+1	1.410000E+0
1.815700E+1	2.816507E-1	8.724463E-1	3.301310E+2	6.766900E+1	1.410000E+0
1.816600E+1	2.816507E-1	8.724463E-1	3.301310E+2	6.766900E+1	1.410000E+0
1.824400E+1	2.816470E-1	8.723996E-1	3.301310E+2	6.766900E+1	1.410000E+0
1.825700E+1	2.816470E-1	8.723996E-1	3.301310E+2	6.766900E+1	1.410000E+0
1.834200E+1	2.816388E-1	8.724544E-1	3.301310E+2	6.766900E+1	1.410000E+0
1.835100E+1	2.816388E-1	8.724544E-1	3.301310E+2	6.766900E+1	1.410000E+0
1.843500E+1	2.926852E-1	9.155584E-1	3.301310E+2	6.766900E+1	1.410000E+0
1.844400E+1	2.926852E-1	9.155584E-1	3.301310E+2	6.766900E+1	1.410000E+0
1.852500E+1	2.926898E-1	9.156588E-1	3.301310E+2	6.766900E+1	1.410000E+0
1.853400E+1	2.926898E-1	9.156588E-1	3.301310E+2	6.766900E+1	1.410000E+0
1.864700E+1	2.926808E-1	9.155950E-1	3.301310E+2	6.766900E+1	1.410000E+0
1.865600E+1	2.926808E-1	9.155950E-1	3.301310E+2	6.766900E+1	1.410000E+0
1.873500E+1	2.926826E-1	9.155940E-1	3.301310E+2	6.766900E+1	1.410000E+0
1.874400E+1	2.926826E-1	9.155940E-1	3.301310E+2	6.766900E+1	1.410000E+0
1.882600E+1	2.926848E-1	9.155734E-1	3.301310E+2	6.766900E+1	1.410000E+0
1.883400E+1	2.926848E-1	9.155734E-1	3.301310E+2	6.766900E+1	1.410000E+0
1.891600E+1	2.926812E-1	9.155885E-1	3.301310E+2	6.766900E+1	1.410000E+0
1.892400E+1	2.926812E-1	9.155885E-1	3.301310E+2	6.766900E+1	1.410000E+0
1.900500E+1	2.968242E-1	9.318305E-1	3.301310E+2	6.766900E+1	1.410000E+0
1.901500E+1	2.968242E-1	9.318305E-1	3.301310E+2	6.766900E+1	1.410000E+0
1.912600E+1	2.983271E-1	9.378003E-1	3.301310E+2	6.766900E+1	1.410000E+0
1.913500E+1	2.983271E-1	9.378003E-1	3.301310E+2	6.766900E+1	1.410000E+0
1.921500E+1	2.983249E-1	9.377411E-1	3.301310E+2	6.766900E+1	1.410000E+0
1.922400E+1	2.983249E-1	9.377411E-1	3.301310E+2	6.766900E+1	1.410000E+0
1.930500E+1	2.983122E-1	9.377647E-1	3.301310E+2	6.766900E+1	1.410000E+0
1.931900E+1	2.983122E-1	9.377647E-1	3.301310E+2	6.766900E+1	1.410000E+0
1.940200E+1	2.983229E-1	9.377812E-1	3.301310E+2	6.766900E+1	1.410000E+0
1.941000E+1	2.983229E-1	9.377812E-1	3.301310E+2	6.766900E+1	1.410000E+0
1.949500E+1	2.983271E-1	9.378661E-1	3.301310E+2	6.766900E+1	1.410000E+0
1.950500E+1	2.983271E-1	9.378661E-1	3.301310E+2	6.766900E+1	1.410000E+0
1.961600E+1	2.983050E-1	9.378145E-1	3.301310E+2	6.766900E+1	1.410000E+0
1.962500E+1	2.983050E-1	9.378145E-1	3.301310E+2	6.766900E+1	1.410000E+0
1.970500E+1	3.093887E-1	9.815366E-1	3.301310E+2	6.766900E+1	1.410000E+0
1.971400E+1	3.093887E-1	9.815366E-1	3.301310E+2	6.766900E+1	1.410000E+0
1.979500E+1	3.094023E-1	9.815010E-1	3.301310E+2	6.766900E+1	1.410000E+0
1.980400E+1	3.094023E-1	9.815010E-1	3.301310E+2	6.766900E+1	1.410000E+0
1.988500E+1	3.093813E-1	9.815035E-1	3.301310E+2	6.766900E+1	1.410000E+0
1.989400E+1	3.093813E-1	9.815035E-1	3.301310E+2	6.766900E+1	1.410000E+0
1.997500E+1	3.093975E-1	9.815487E-1	3.301310E+2	6.766900E+1	1.410000E+0
1.998400E+1	3.093975E-1	9.815487E-1	3.301310E+2	6.766900E+1	1.410000E+0
2.009600E+1	3.094003E-1	9.815878E-1	3.301310E+2	6.766900E+1	1.410000E+0
2.010500E+1	3.094003E-1	9.815878E-1	3.301310E+2	6.766900E+1	1.410000E+0
2.018600E+1	3.094109E-1	9.815813E-1	3.301310E+2	6.766900E+1	1.410000E+0
2.019500E+1	3.094109E-1	9.815813E-1	3.301310E+2	6.766900E+1	1.410000E+0
2.027500E+1	3.165559E-1	1.009894E+0	3.301310E+2	6.766900E+1	1.410000E+0
2.028800E+1	3.165559E-1	1.009894E+0	3.301310E+2	6.766900E+1	1.410000E+0
2.037000E+1	3.204391E-1	1.025427E+0	3.301310E+2	6.766900E+1	1.410000E+0
2.037900E+1	3.204391E-1	1.025427E+0	3.301310E+2	6.766900E+1	1.410000E+0
2.046400E+1	3.204405E-1	1.025466E+0	3.301310E+2	6.766900E+1	1.410000E+0
2.047300E+1	3.204405E-1	1.025466E+0	3.301310E+2	6.766900E+1	1.410000E+0
2.058500E+1	3.204543E-1	1.025454E+0	3.301310E+2	6.766900E+1	1.410000E+0
2.059400E+1	3.204543E-1	1.025454E+0	3.301310E+2	6.766900E+1	1.410000E+0
2.067500E+1	3.204517E-1	1.025546E+0	3.301310E+2	6.766900E+1	1.410000E+0
2.068300E+1	3.204517E-1	1.025546E+0	3.301310E+2	6.766900E+1	1.410000E+0
2.076500E+1	3.204497E-1	1.025475E+0	3.301310E+2	6.766900E+1	1.410000E+0
2.077400E+1	3.204497E-1	1.025475E+0	3.301310E+2	6.766900E+1	1.410000E+0
2.085500E+1	3.204447E-1	1.025463E+0	3.301310E+2	6.766900E+1	1.410000E+0
2.086400E+1	3.204447E-1	1.025463E+0	3.301310E+2	6.766900E+1	1.410000E+0
2.094500E+1	3.314840E-1	1.069831E+0	3.301310E+2	6.766900E+1	1.410000E+0
2.095400E+1	3.314840E-1	1.069831E+0	3.301310E+2	6.766900E+1	1.410000E+0
2.106800E+1	3.314914E-1	1.069768E+0	3.301310E+2	6.766900E+1	1.410000E+0
2.107700E+1	3.314914E-1	1.069768E+0	3.301310E+2	6.766900E+1	1.410000E+0
2.115500E+1	3.314908E-1	1.069758E+0	3.301310E+2	6.766900E+1	1.410000E+0
2.116400E+1	3.314908E-1	1.069758E+0	3.301310E+2	6.766900E+1	1.410000E+0
2.124500E+1	3.314815E-1	1.069786E+0	3.301310E+2	6.766900E+1	1.410000E+0
2.125900E+1	3.314815E-1	1.069786E+0	3.301310E+2	6.766900E+1	1.410000E+0
2.134100E+1	3.314954E-1	1.069891E+0	3.301310E+2	6.766900E+1	1.410000E+0
2.135000E+1	3.314954E-1	1.069891E+0	3.301310E+2	6.766900E+1	1.410000E+0
2.143500E+1	3.314892E-1	1.069836E+0	3.301310E+2	6.766900E+1	1.410000E+0
2.144300E+1	3.314892E-1	1.069836E+0	3.301310E+2	6.766900E+1	1.410000E+0
2.155600E+1	3.314974E-1	1.069796E+0	3.301310E+2	6.766900E+1	1.410000E+0
2.156500E+1	3.314974E-1	1.069796E+0	3.301310E+2	6.766900E+1	1.410000E+0
2.164400E+1	3.424668E-1	1.114359E+0	3.301310E+2	6.766900E+1	1.410000E+0
2.165300E+1	3.424668E-1	1.114359E+0	3.301310E+2	6.766900E+1	1.410000E+0
2.173400E+1	3.424664E-1	1.114425E+0	3.301310E+2	6.766900E+1	1.410000E+0
2.174300E+1	3.424664E-1	1.114425E+0	3.301310E+2	6.766900E+1	1.410000E+0
2.182400E+1	3.424772E-1	1.114391E+0	3.301310E+2	6.766900E+1	1.410000E+0
2.183300E+1	3.424772E-1	1.114391E+0	3.301310E+2	6.766900E+1	1.410000E+0
2.191500E+1	3.424678E-1	1.114450E+0	3.301310E+2	6.766900E+1	1.410000E+0
2.192400E+1	3.424678E-1	1.114450E+0	3.301310E+2	6.766900E+1	1.410000E+0
2.203500E+1	3.424778E-1	1.114414E+0	3.301310E+2	6.766900E+1	1.410000E+0
2.204300E+1	3.424778E-1	1.114414E+0	3.301310E+2	6.766900E+1	1.410000E+0
2.212400E+1	3.424782E-1	1.114493E+0	3.301310E+2	6.766900E+1	1.410000E+0
2.213300E+1	3.424782E-1	1.114493E+0	3.301310E+2	6.766900E+1	1.410000E+0
2.221500E+1	3.468129E-1	1.132152E+0	3.301310E+2	6.766900E+1	1.410000E+0
2.222400E+1	3.468129E-1	1.132152E+0	3.301310E+2	6.766900E+1	1.410000E+0
2.230400E+1	3.480158E-1	1.137075E+0	3.301310E+2	6.766900E+1	1.410000E+0
2.231700E+1	3.480158E-1	1.137075E+0	3.301310E+2	6.766900E+1	1.410000E+0
2.240000E+1	3.480068E-1	1.137050E+0	3.301310E+2	6.766900E+1	1.410000E+0
2.240900E+1	3.480068E-1	1.137050E+0	3.301310E+2	6.766900E+1	1.410000E+0
2.252500E+1	3.480176E-1	1.137169E+0	3.301310E+2	6.766900E+1	1.410000E+0
2.253400E+1	3.480176E-1	1.137169E+0	3.301310E+2	6.766900E+1	1.410000E+0
2.261400E+1	3.480174E-1	1.137067E+0	3.301310E+2	6.766900E+1	1.410000E+0
2.262300E+1	3.480174E-1	1.137067E+0	3.301310E+2	6.766900E+1	1.410000E+0
2.270400E+1	3.480238E-1	1.137158E+0	3.301310E+2	6.766900E+1	1.410000E+0
2.271300E+1	3.480238E-1	1.137158E+0	3.301310E+2	6.766900E+1	1.410000E+0
2.279400E+1	3.480092E-1	1.137158E+0	3.301310E+2	6.766900E+1	1.410000E+0
2.280300E+1	3.480092E-1	1.137158E+0	3.301310E+2	6.766900E+1	1.410000E+0
2.288500E+1	3.590439E-1	1.182716E+0	3.301310E+2	6.766900E+1	1.410000E+0
2.289400E+1	3.590439E-1	1.182716E+0	3.301310E+2	6.766900E+1	1.410000E+0
2.300500E+1	3.590620E-1	1.182740E+0	3.301310E+2	6.766900E+1	1.410000E+0
2.301400E+1	3.590620E-1	1.182740E+0	3.301310E+2	6.766900E+1	1.410000E+0
2.309400E+1	3.590433E-1	1.182740E+0	3.301310E+2	6.766900E+1	1.410000E+0
2.310300E+1	3.590433E-1	1.182740E+0	3.301310E+2	6.766900E+1	1.410000E+0
2.318400E+1	3.590576E-1	1.182788E+0	3.301310E+2	6.766900E+1	1.410000E+0
2.319300E+1	3.590576E-1	1.182788E+0	3.301310E+2	6.766900E+1	1.410000E+0
2.327500E+1	3.590602E-1	1.182744E+0	3.301310E+2	6.766900E+1	1.410000E+0
2.328800E+1	3.590602E-1	1.182744E+0	3.301310E+2	6.766900E+1	1.410000E+0
2.337000E+1	3.590596E-1	1.182782E+0	3.301310E+2	6.766900E+1	1.410000E+0
2.338000E+1	3.590596E-1	1.182782E+0	3.301310E+2	6.766900E+1	1.410000E+0
2.349500E+1	3.680552E-1	1.220274E+0	3.301310E+2	6.766900E+1	1.410000E+0
2.350400E+1	3.680552E-1	1.220274E+0	3.301310E+2	6.766900E+1	1.410000E+0
2.358400E+1	3.700761E-1	1.228935E+0	3.301310E+2	6.766900E+1	1.410000E+0
2.359300E+1	3.700761E-1	1.228935E+0	3.301310E+2	6.766900E+1	1.410000E+0
2.367300E+1	3.700614E-1	1.228949E+0	3.301310E+2	6.766900E+1	1.410000E+0
2.368200E+1	3.700614E-1	1.228949E+0	3.301310E+2	6.766900E+1	1.410000E+0
2.376400E+1	3.700624E-1	1.228894E+0	3.301310E+2	6.766900E+1	1.410000E+0
2.377300E+1	3.700624E-1	1.228894E+0	3.301310E+2	6.766900E+1	1.410000E+0
2.385300E+1	3.700697E-1	1.228966E+0	3.301310E+2	6.766900E+1	1.410000E+0
2.386200E+1	3.700697E-1	1.228966E+0	3.301310E+2	6.766900E+1	1.410000E+0
2.397500E+1	3.700709E-1	1.228971E+0	3.301310E+2	6.766900E+1	1.410000E+0
2.398400E+1	3.700709E-1	1.228971E+0	3.301310E+2	6.766900E+1	1.410000E+0
2.406400E+1	3.700685E-1	1.228929E+0	3.301310E+2	6.766900E+1	1.410000E+0
2.407300E+1	3.700685E-1	1.228929E+0	3.301310E+2	6.766900E+1	1.410000E+0
2.415400E+1	3.783580E-1	1.264136E+0	3.301310E+2	6.766900E+1	1.410000E+0
2.416300E+1	3.783580E-1	1.264136E+0	3.301310E+2	6.766900E+1	1.410000E+0
2.424300E+1	3.810794E-1	1.275781E+0	3.301310E+2	6.766900E+1	1.410000E+0
2.425600E+1	3.810794E-1	1.275781E+0	3.301310E+2	6.766900E+1	1.410000E+0
2.434000E+1	3.810765E-1	1.275726E+0	3.301310E+2	6.766900E+1	1.410000E+0
2.434800E+1	3.810765E-1	1.275726E+0	3.301310E+2	6.766900E+1	1.410000E+0
2.446500E+1	3.810886E-1	1.275758E+0	3.301310E+2	6.766900E+1	1.410000E+0
2.447400E+1	3.810886E-1	1.275758E+0	3.301310E+2	6.766900E+1	1.410000E+0
2.455300E+1	3.810840E-1	1.275752E+0	3.301310E+2	6.766900E+1	1.410000E+0
2.456300E+1	3.810840E-1	1.275752E+0	3.301310E+2	6.766900E+1	1.410000E+0
2.464300E+1	3.810804E-1	1.275751E+0	3.301310E+2	6.766900E+1	1.410000E+0
2.465200E+1	3.810804E-1	1.275751E+0	3.301310E+2	6.766900E+1	1.410000E+0
2.473400E+1	3.810747E-1	1.275831E+0	3.301310E+2	6.766900E+1	1.410000E+0
2.474200E+1	3.810747E-1	1.275831E+0	3.301310E+2	6.766900E+1	1.410000E+0
2.482300E+1	3.874045E-1	1.302849E+0	3.301310E+2	6.766900E+1	1.410000E+0
2.483200E+1	3.874045E-1	1.302849E+0	3.301310E+2	6.766900E+1	1.410000E+0
2.494600E+1	3.920072E-1	1.322848E+0	3.301310E+2	6.766900E+1	1.410000E+0
2.495500E+1	3.920072E-1	1.322848E+0	3.301310E+2	6.766900E+1	1.410000E+0
2.503300E+1	3.920183E-1	1.322906E+0	3.301310E+2	6.766900E+1	1.410000E+0
2.504200E+1	3.920183E-1	1.322906E+0	3.301310E+2	6.766900E+1	1.410000E+0
2.512300E+1	3.920259E-1	1.322845E+0	3.301310E+2	6.766900E+1	1.410000E+0
2.513200E+1	3.920259E-1	1.322845E+0	3.301310E+2	6.766900E+1	1.410000E+0
2.521400E+1	3.920247E-1	1.322935E+0	3.301310E+2	6.766900E+1	1.410000E+0
2.522300E+1	3.920247E-1	1.322935E+0	3.301310E+2	6.766900E+1	1.410000E+0
2.530300E+1	3.920261E-1	1.322966E+0	3.301310E+2	6.766900E+1	1.410000E+0
2.531700E+1	3.920261E-1	1.322966E+0	3.301310E+2	6.766900E+1	1.410000E+0
2.543000E+1	4.003934E-1	1.370863E+0	3.301310E+2	6.766900E+1	1.410000E+0
2.543900E+1	4.003934E-1	1.370863E+0	3.301310E+2	6.766900E+1	1.410000E+0
2.552300E+1	4.030610E-1	1.371223E+0	3.301310E+2	6.766900E+1	1.410000E+0
2.553200E+1	4.030610E-1	1.371223E+0	3.301310E+2	6.766900E+1	1.410000E+0
2.561300E+1	4.030699E-1	1.371271E+0	3.301310E+2	6.766900E+1	1.410000E+0
2.562200E+1	4.030699E-1	1.371271E+0	3.301310E+2	6.766900E+1	1.410000E+0
2.570300E+1	4.030634E-1	1.371278E+0	3.301310E+2	6.766900E+1	1.410000E+0
2.571200E+1	4.030634E-1	1.371278E+0	3.301310E+2	6.766900E+1	1.410000E+0
2.579300E+1	4.030636E-1	1.371226E+0	3.301310E+2	6.766900E+1	1.410000E+0
2.580100E+1	4.030636E-1	1.371226E+0	3.301310E+2	6.766900E+1	1.410000E+0
2.591400E+1	4.030634E-1	1.371259E+0	3.301310E+2	6.766900E+1	1.410000E+0
2.592300E+1	4.030634E-1	1.371259E+0	3.301310E+2	6.766900E+1	1.410000E+0
2.600200E+1	4.030703E-1	1.371298E+0	3.301310E+2	6.766900E+1	1.410000E+0
2.601000E+1	4.030703E-1	1.371298E+0	3.301310E+2	6.766900E+1	1.410000E+0
2.609200E+1	4.085580E-1	1.395574E+0	3.301310E+2	6.766900E+1	1.410000E+0
2.610100E+1	4.085580E-1	1.395574E+0	3.301310E+2	6.766900E+1	1.410000E+0
2.618200E+1	4.085644E-1	1.395597E+0	3.301310E+2	6.766900E+1	1.410000E+0
2.619100E+1	4.085644E-1	1.395597E+0	3.301310E+2	6.766900E+1	1.410000E+0
2.627200E+1	4.085702E-1	1.395590E+0	3.301310E+2	6.766900E+1	1.410000E+0
2.628600E+1	4.085702E-1	1.395590E+0	3.301310E+2	6.766900E+1	1.410000E+0
2.640100E+1	4.085556E-1	1.395610E+0	3.301310E+2	6.766900E+1	1.410000E+0
2.640900E+1	4.085556E-1	1.395610E+0	3.301310E+2	6.766900E+1	1.410000E+0
2.649200E+1	4.085694E-1	1.395606E+0	3.301310E+2	6.766900E+1	1.410000E+0
2.650200E+1	4.085694E-1	1.395606E+0	3.301310E+2	6.766900E+1	1.410000E+0
2.658200E+1	4.085519E-1	1.395643E+0	3.301310E+2	6.766900E+1	1.410000E+0
2.659100E+1	4.085519E-1	1.395643E+0	3.301310E+2	6.766900E+1	1.410000E+0
2.667200E+1	4.171059E-1	1.433616E+0	3.301310E+2	6.766900E+1	1.410000E+0
2.668100E+1	4.171059E-1	1.433616E+0	3.301310E+2	6.766900E+1	1.410000E+0
2.676300E+1	4.195871E-1	1.444947E+0	3.301310E+2	6.766900E+1	1.410000E+0
2.677100E+1	4.195871E-1	1.444947E+0	3.301310E+2	6.766900E+1	1.410000E+0
2.688300E+1	4.195881E-1	1.444965E+0	3.301310E+2	6.766900E+1	1.410000E+0
2.689200E+1	4.195881E-1	1.444965E+0	3.301310E+2	6.766900E+1	1.410000E+0
2.697200E+1	4.195943E-1	1.444945E+0	3.301310E+2	6.766900E+1	1.410000E+0
2.698000E+1	4.195943E-1	1.444945E+0	3.301310E+2	6.766900E+1	1.410000E+0
2.706300E+1	4.196051E-1	1.445046E+0	3.301310E+2	6.766900E+1	1.410000E+0
2.707100E+1	4.196051E-1	1.445046E+0	3.301310E+2	6.766900E+1	1.410000E+0
2.715200E+1	4.196019E-1	1.444966E+0	3.301310E+2	6.766900E+1	1.410000E+0
2.716100E+1	4.196019E-1	1.444966E+0	3.301310E+2	6.766900E+1	1.410000E+0
2.724200E+1	4.195903E-1	1.444986E+0	3.301310E+2	6.766900E+1	1.410000E+0
2.725400E+1	4.195903E-1	1.444986E+0	3.301310E+2	6.766900E+1	1.410000E+0
2.736900E+1	4.282116E-1	1.494633E+0	3.301310E+2	6.766900E+1	1.410000E+0
2.737800E+1	4.282116E-1	1.494633E+0	3.301310E+2	6.766900E+1	1.410000E+0
2.746200E+1	4.305803E-1	1.494895E+0	3.301310E+2	6.766900E+1	1.410000E+0
2.747100E+1	4.305803E-1	1.494895E+0	3.301310E+2	6.766900E+1	1.410000E+0
2.755200E+1	4.305797E-1	1.494835E+0	3.301310E+2	6.766900E+1	1.410000E+0
2.756100E+1	4.305797E-1	1.494835E+0	3.301310E+2	6.766900E+1	1.410000E+0
2.764300E+1	4.305735E-1	1.494905E+0	3.301310E+2	6.766900E+1	1.410000E+0
2.765100E+1	4.305735E-1	1.494905E+0	3.301310E+2	6.766900E+1	1.410000E+0
2.773200E+1	4.305819E-1	1.494960E+0	3.301310E+2	6.766900E+1	1.410000E+0
2.774100E+1	4.305819E-1	1.494960E+0	3.301310E+2	6.766900E+1	1.410000E+0
2.785500E+1	4.305803E-1	1.494883E+0	3.301310E+2	6.766900E+1	1.410000E+0
2.786400E+1	4.305803E-1	1.494883E+0	3.301310E+2	6.766900E+1	1.410000E+0
2.794900E+1	4.305791E-1	1.494965E+0	3.301310E+2	6.766900E+1	1.410000E+0
2.795700E+1	4.305791E-1	1.494965E+0	3.301310E+2	6.766900E+1	1.410000E+0
2.804200E+1	4.416071E-1	1.545740E+0	3.301310E+2	6.766900E+1	1.410000E+0
2.805200E+1	4.416071E-1	1.545740E+0	3.301310E+2	6.766900E+1	1.410000E+0
2.813200E+1	4.416219E-1	1.545675E+0	3.301310E+2	6.766900E+1	1.410000E+0
2.814100E+1	4.416219E-1	1.545675E+0	3.301310E+2	6.766900E+1	1.410000E+0
2.822200E+1	4.416079E-1	1.545703E+0	3.301310E+2	6.766900E+1	1.410000E+0
2.823100E+1	4.416079E-1	1.545703E+0	3.301310E+2	6.766900E+1	1.410000E+0
2.834600E+1	4.416067E-1	1.545703E+0	3.301310E+2	6.766900E+1	1.410000E+0
2.836200E+1	4.416067E-1	1.545703E+0	3.301310E+2	6.766900E+1	1.410000E+0
2.844800E+1	4.416091E-1	1.545732E+0	3.301310E+2	6.766900E+1	1.410000E+0
2.845700E+1	4.416091E-1	1.545732E+0	3.301310E+2	6.766900E+1	1.410000E+0
2.854100E+1	4.416099E-1	1.545746E+0	3.301310E+2	6.766900E+1	1.410000E+0
2.855000E+1	4.416099E-1	1.545746E+0	3.301310E+2	6.766900E+1	1.410000E+0
2.863200E+1	4.505343E-1	1.587485E+0	3.301310E+2	6.766900E+1	1.410000E+0
2.864000E+1	4.505343E-1	1.587485E+0	3.301310E+2	6.766900E+1	1.410000E+0
2.872100E+1	4.526228E-1	1.597266E+0	3.301310E+2	6.766900E+1	1.410000E+0
2.873000E+1	4.526228E-1	1.597266E+0	3.301310E+2	6.766900E+1	1.410000E+0
2.884300E+1	4.526294E-1	1.597278E+0	3.301310E+2	6.766900E+1	1.410000E+0
2.885100E+1	4.526294E-1	1.597278E+0	3.301310E+2	6.766900E+1	1.410000E+0
2.893100E+1	4.526274E-1	1.597382E+0	3.301310E+2	6.766900E+1	1.410000E+0
2.894000E+1	4.526274E-1	1.597382E+0	3.301310E+2	6.766900E+1	1.410000E+0
2.902100E+1	4.526023E-1	1.597236E+0	3.301310E+2	6.766900E+1	1.410000E+0
2.903000E+1	4.526023E-1	1.597236E+0	3.301310E+2	6.766900E+1	1.410000E+0
2.911100E+1	4.526194E-1	1.597321E+0	3.301310E+2	6.766900E+1	1.410000E+0
2.912000E+1	4.526194E-1	1.597321E+0	3.301310E+2	6.766900E+1	1.410000E+0
2.920100E+1	4.526158E-1	1.597289E+0	3.301310E+2	6.766900E+1	1.410000E+0
2.921000E+1	4.526158E-1	1.597289E+0	3.301310E+2	6.766900E+1	1.410000E+0
2.932100E+1	4.581419E-1	1.623547E+0	3.301310E+2	6.766900E+1	1.410000E+0
2.933400E+1	4.581419E-1	1.623547E+0	3.301310E+2	6.766900E+1	1.410000E+0
2.941700E+1	4.581474E-1	1.623546E+0	3.301310E+2	6.766900E+1	1.410000E+0
2.942600E+1	4.581474E-1	1.623546E+0	3.301310E+2	6.766900E+1	1.410000E+0
2.951100E+1	4.581470E-1	1.623549E+0	3.301310E+2	6.766900E+1	1.410000E+0
2.952000E+1	4.581470E-1	1.623549E+0	3.301310E+2	6.766900E+1	1.410000E+0
2.960000E+1	4.581504E-1	1.623643E+0	3.301310E+2	6.766900E+1	1.410000E+0
2.961000E+1	4.581504E-1	1.623643E+0	3.301310E+2	6.766900E+1	1.410000E+0
2.969000E+1	4.581520E-1	1.623693E+0	3.301310E+2	6.766900E+1	1.410000E+0
2.969900E+1	4.581520E-1	1.623693E+0	3.301310E+2	6.766900E+1	1.410000E+0
2.981100E+1	4.581594E-1	1.623732E+0	3.301310E+2	6.766900E+1	1.410000E+0
2.982000E+1	4.581594E-1	1.623732E+0	3.301310E+2	6.766900E+1	1.410000E+0
2.990100E+1	4.670991E-1	1.666323E+0	3.301310E+2	6.766900E+1	1.410000E+0
2.990900E+1	4.670991E-1	1.666323E+0	3.301310E+2	6.766900E+1	1.410000E+0
2.999000E+1	4.691755E-1	1.676528E+0	3.301310E+2	6.766900E+1	1.410000E+0
2.999900E+1	4.691755E-1	1.676528E+0	3.301310E+2	6.766900E+1	1.410000E+0
3.008000E+1	4.691991E-1	1.676647E+0	3.301310E+2	6.766900E+1	1.410000E+0
3.008900E+1	4.691991E-1	1.676647E+0	3.301310E+2	6.766900E+1	1.410000E+0
3.017100E+1	4.692012E-1	1.676636E+0	3.301310E+2	6.766900E+1	1.410000E+0
3.018000E+1	4.692012E-1	1.676636E+0	3.301310E+2	6.766900E+1	1.410000E+0
3.029200E+1	4.691985E-1	1.676746E+0	3.301310E+2	6.766900E+1	1.410000E+0
3.030500E+1	4.691985E-1	1.676746E+0	3.301310E+2	6.766900E+1	1.410000E+0
3.038700E+1	4.692054E-1	1.676759E+0	3.301310E+2	6.766900E+1	1.410000E+0
3.039600E+1	4.692054E-1	1.676759E+0	3.301310E+2	6.766900E+1	1.410000E+0
3.048100E+1	4.691929E-1	1.676681E+0	3.301310E+2	6.766900E+1	1.410000E+0
3.048900E+1	4.691929E-1	1.676681E+0	3.301310E+2	6.766900E+1	1.410000E+0
3.057000E+1	4.765490E-1	1.712409E+0	3.301310E+2	6.766900E+1	1.410000E+0
3.057900E+1	4.765490E-1	1.712409E+0	3.301310E+2	6.766900E+1	1.410000E+0
3.066000E+1	4.801699E-1	1.730143E+0	3.301310E+2	6.766900E+1	1.410000E+0
3.066900E+1	4.801699E-1	1.730143E+0	3.301310E+2	6.766900E+1	1.410000E+0
3.078300E+1	4.801501E-1	1.730196E+0	3.301310E+2	6.766900E+1	1.410000E+0
3.079100E+1	4.801501E-1	1.730196E+0	3.301310E+2	6.766900E+1	1.410000E+0
3.087000E+1	4.801595E-1	1.730306E+0	3.301310E+2	6.766900E+1	1.410000E+0
3.087800E+1	4.801595E-1	1.730306E+0	3.301310E+2	6.766900E+1	1.410000E+0
3.096000E+1	4.801697E-1	1.730336E+0	3.301310E+2	6.766900E+1	1.410000E+0
3.096900E+1	4.801697E-1	1.730336E+0	3.301310E+2	6.766900E+1	1.410000E+0
3.105000E+1	4.801591E-1	1.730267E+0	3.301310E+2	6.766900E+1	1.410000E+0
3.105900E+1	4.801591E-1	1.730267E+0	3.301310E+2	6.766900E+1	1.410000E+0
3.114000E+1	4.801547E-1	1.730296E+0	3.301310E+2	6.766900E+1	1.410000E+0
3.114800E+1	4.801547E-1	1.730296E+0	3.301310E+2	6.766900E+1	1.410000E+0
3.126100E+1	4.911776E-1	1.784861E+0	3.301310E+2	6.766900E+1	1.410000E+0
3.127400E+1	4.911776E-1	1.784861E+0	3.301310E+2	6.766900E+1	1.410000E+0
3.135600E+1	4.911738E-1	1.785030E+0	3.301310E+2	6.766900E+1	1.410000E+0
3.136500E+1	4.911738E-1	1.785030E+0	3.301310E+2	6.766900E+1	1.410000E+0
3.144900E+1	4.911927E-1	1.785105E+0	3.301310E+2	6.766900E+1	1.410000E+0
3.145800E+1	4.911927E-1	1.785105E+0	3.301310E+2	6.766900E+1	1.410000E+0
3.154000E+1	4.911945E-1	1.785192E+0	3.301310E+2	6.766900E+1	1.410000E+0
3.154900E+1	4.911945E-1	1.785192E+0	3.301310E+2	6.766900E+1	1.410000E+0
3.163000E+1	4.911828E-1	1.785203E+0	3.301310E+2	6.766900E+1	1.410000E+0
3.164000E+1	4.911828E-1	1.785203E+0	3.301310E+2	6.766900E+1	1.410000E+0
3.175000E+1	4.911983E-1	1.785249E+0	3.301310E+2	6.766900E+1	1.410000E+0
3.175800E+1	4.911983E-1	1.785249E+0	3.301310E+2	6.766900E+1	1.410000E+0
3.183800E+1	4.966695E-1	1.812916E+0	3.301310E+2	6.766900E+1	1.410000E+0
3.184600E+1	4.966695E-1	1.812916E+0	3.301310E+2	6.766900E+1	1.410000E+0
3.192800E+1	5.022088E-1	1.840961E+0	3.301310E+2	6.766900E+1	1.410000E+0
3.193800E+1	5.022088E-1	1.840961E+0	3.301310E+2	6.766900E+1	1.410000E+0
3.201800E+1	5.022240E-1	1.841009E+0	3.301310E+2	6.766900E+1	1.410000E+0
