Sample;s6(j3)
V-V length(cm);1.000000
Field (T);6.027402
Temp (K);4.200000
Angle (deg.);0.000000
Field(T)_memo;6.000000
Time(sec.)	Current(A)	Voltage(uV)	Temp.1(K)	Temp.2(K)	Temp.3(K)
0.000000E+0	8.631431E-4	-7.029824E-6	3.301310E+2	6.766900E+1	1.410000E+0
1.300000E-2	8.400872E-4	-1.004261E-6	3.301310E+2	6.766900E+1	1.410000E+0
2.200000E-2	8.400872E-4	-1.004261E-6	3.301310E+2	6.766900E+1	1.410000E+0
1.030000E-1	8.481066E-4	-1.456178E-5	3.301310E+2	6.766900E+1	1.410000E+0
1.110000E-1	8.481066E-4	-1.456178E-5	3.301310E+2	6.766900E+1	1.410000E+0
1.920000E-1	9.790998E-3	1.817209E-3	3.301310E+2	6.766900E+1	1.410000E+0
2.010000E-1	9.790998E-3	1.817209E-3	3.301310E+2	6.766900E+1	1.410000E+0
2.820000E-1	1.187325E-2	1.965338E-3	3.301310E+2	6.766900E+1	1.410000E+0
2.910000E-1	1.187325E-2	1.965338E-3	3.301310E+2	6.766900E+1	1.410000E+0
4.040000E-1	1.186764E-2	1.978895E-3	3.301310E+2	6.766900E+1	1.410000E+0
4.120000E-1	1.186764E-2	1.978895E-3	3.301310E+2	6.766900E+1	1.410000E+0
4.930000E-1	1.972529E-2	8.327830E-3	3.301310E+2	6.766900E+1	1.410000E+0
5.020000E-1	1.972529E-2	8.327830E-3	3.301310E+2	6.766900E+1	1.410000E+0
5.830000E-1	2.288716E-2	1.047996E-2	3.301310E+2	6.766900E+1	1.410000E+0
5.960000E-1	2.288716E-2	1.047996E-2	3.301310E+2	6.766900E+1	1.410000E+0
6.800000E-1	2.289679E-2	1.046942E-2	3.301310E+2	6.766900E+1	1.410000E+0
6.890000E-1	2.289679E-2	1.046942E-2	3.301310E+2	6.766900E+1	1.410000E+0
7.740000E-1	2.289398E-2	1.046138E-2	3.301310E+2	6.766900E+1	1.410000E+0
7.830000E-1	2.289398E-2	1.046138E-2	3.301310E+2	6.766900E+1	1.410000E+0
8.950000E-1	2.841217E-2	1.630065E-2	3.301310E+2	6.766900E+1	1.410000E+0
9.040000E-1	2.841217E-2	1.630065E-2	3.301310E+2	6.766900E+1	1.410000E+0
9.840000E-1	2.841377E-2	1.632074E-2	3.301310E+2	6.766900E+1	1.410000E+0
9.930000E-1	2.841377E-2	1.632074E-2	3.301310E+2	6.766900E+1	1.410000E+0
1.074000E+0	2.841918E-2	1.632024E-2	3.301310E+2	6.766900E+1	1.410000E+0
1.082000E+0	2.841918E-2	1.632024E-2	3.301310E+2	6.766900E+1	1.410000E+0
1.165000E+0	3.483414E-2	2.435332E-2	3.301310E+2	6.766900E+1	1.410000E+0
1.173000E+0	3.483414E-2	2.435332E-2	3.301310E+2	6.766900E+1	1.410000E+0
1.256000E+0	3.935350E-2	3.023377E-2	3.301310E+2	6.766900E+1	1.410000E+0
1.265000E+0	3.935350E-2	3.023377E-2	3.301310E+2	6.766900E+1	1.410000E+0
1.376000E+0	3.936112E-2	3.023778E-2	3.301310E+2	6.766900E+1	1.410000E+0
1.385000E+0	3.936112E-2	3.023778E-2	3.301310E+2	6.766900E+1	1.410000E+0
1.465000E+0	4.748403E-2	4.227284E-2	3.301310E+2	6.766900E+1	1.410000E+0
1.474000E+0	4.748403E-2	4.227284E-2	3.301310E+2	6.766900E+1	1.410000E+0
1.555000E+0	5.040832E-2	4.681662E-2	3.301310E+2	6.766900E+1	1.410000E+0
1.569000E+0	5.040832E-2	4.681662E-2	3.301310E+2	6.766900E+1	1.410000E+0
1.651000E+0	5.040371E-2	4.683319E-2	3.301310E+2	6.766900E+1	1.410000E+0
1.661000E+0	5.040371E-2	4.683319E-2	3.301310E+2	6.766900E+1	1.410000E+0
1.745000E+0	5.041273E-2	4.686532E-2	3.301310E+2	6.766900E+1	1.410000E+0
1.754000E+0	5.041273E-2	4.686532E-2	3.301310E+2	6.766900E+1	1.410000E+0
1.869000E+0	6.142503E-2	6.584989E-2	3.301310E+2	6.766900E+1	1.410000E+0
1.878000E+0	6.142503E-2	6.584989E-2	3.301310E+2	6.766900E+1	1.410000E+0
1.955000E+0	6.142864E-2	6.595985E-2	3.301310E+2	6.766900E+1	1.410000E+0
1.964000E+0	6.142864E-2	6.595985E-2	3.301310E+2	6.766900E+1	1.410000E+0
2.045000E+0	6.143125E-2	6.593675E-2	3.301310E+2	6.766900E+1	1.410000E+0
2.054000E+0	6.143125E-2	6.593675E-2	3.301310E+2	6.766900E+1	1.410000E+0
2.136000E+0	7.246240E-2	8.732249E-2	3.301310E+2	6.766900E+1	1.410000E+0
2.144000E+0	7.246240E-2	8.732249E-2	3.301310E+2	6.766900E+1	1.410000E+0
2.226000E+0	7.246340E-2	8.734107E-2	3.301310E+2	6.766900E+1	1.410000E+0
2.235000E+0	7.246340E-2	8.734107E-2	3.301310E+2	6.766900E+1	1.410000E+0
2.348000E+0	7.246200E-2	8.743396E-2	3.301310E+2	6.766900E+1	1.410000E+0
2.357000E+0	7.246200E-2	8.743396E-2	3.301310E+2	6.766900E+1	1.410000E+0
2.437000E+0	7.662991E-2	9.609069E-2	3.301310E+2	6.766900E+1	1.410000E+0
2.445000E+0	7.662991E-2	9.609069E-2	3.301310E+2	6.766900E+1	1.410000E+0
2.525000E+0	7.790660E-2	9.875399E-2	3.301310E+2	6.766900E+1	1.410000E+0
2.535000E+0	7.790660E-2	9.875399E-2	3.301310E+2	6.766900E+1	1.410000E+0
2.617000E+0	7.791402E-2	9.877357E-2	3.301310E+2	6.766900E+1	1.410000E+0
2.630000E+0	7.791402E-2	9.877357E-2	3.301310E+2	6.766900E+1	1.410000E+0
2.714000E+0	7.791302E-2	9.877407E-2	3.301310E+2	6.766900E+1	1.410000E+0
2.723000E+0	7.791302E-2	9.877407E-2	3.301310E+2	6.766900E+1	1.410000E+0
2.838000E+0	8.894879E-2	1.230491E-1	3.301310E+2	6.766900E+1	1.410000E+0
2.847000E+0	8.894879E-2	1.230491E-1	3.301310E+2	6.766900E+1	1.410000E+0
2.926000E+0	8.894578E-2	1.231641E-1	3.301310E+2	6.766900E+1	1.410000E+0
2.935000E+0	8.894578E-2	1.231641E-1	3.301310E+2	6.766900E+1	1.410000E+0
3.017000E+0	8.894979E-2	1.231470E-1	3.301310E+2	6.766900E+1	1.410000E+0
3.025000E+0	8.894979E-2	1.231470E-1	3.301310E+2	6.766900E+1	1.410000E+0
3.108000E+0	9.996069E-2	1.492959E-1	3.301310E+2	6.766900E+1	1.410000E+0
3.117000E+0	9.996069E-2	1.492959E-1	3.301310E+2	6.766900E+1	1.410000E+0
3.197000E+0	9.996711E-2	1.493758E-1	3.301310E+2	6.766900E+1	1.410000E+0
3.206000E+0	9.996711E-2	1.493758E-1	3.301310E+2	6.766900E+1	1.410000E+0
3.319000E+0	9.996531E-2	1.494169E-1	3.301310E+2	6.766900E+1	1.410000E+0
3.327000E+0	9.996531E-2	1.494169E-1	3.301310E+2	6.766900E+1	1.410000E+0
3.407000E+0	1.082731E-1	1.703613E-1	3.301310E+2	6.766900E+1	1.410000E+0
3.416000E+0	1.082731E-1	1.703613E-1	3.301310E+2	6.766900E+1	1.410000E+0
3.497000E+0	1.110013E-1	1.774840E-1	3.301310E+2	6.766900E+1	1.410000E+0
3.506000E+0	1.110013E-1	1.774840E-1	3.301310E+2	6.766900E+1	1.410000E+0
3.588000E+0	1.109955E-1	1.775227E-1	3.301310E+2	6.766900E+1	1.410000E+0
3.601000E+0	1.109955E-1	1.775227E-1	3.301310E+2	6.766900E+1	1.410000E+0
3.684000E+0	1.194470E-1	2.066945E-1	3.301310E+2	6.766900E+1	1.410000E+0
3.693000E+0	1.194470E-1	2.066945E-1	3.301310E+2	6.766900E+1	1.410000E+0
3.808000E+0	1.219655E-1	2.069254E-1	3.301310E+2	6.766900E+1	1.410000E+0
3.818000E+0	1.219655E-1	2.069254E-1	3.301310E+2	6.766900E+1	1.410000E+0
3.898000E+0	1.219651E-1	2.070058E-1	3.301310E+2	6.766900E+1	1.410000E+0
3.906000E+0	1.219651E-1	2.070058E-1	3.301310E+2	6.766900E+1	1.410000E+0
3.988000E+0	1.219789E-1	2.070068E-1	3.301310E+2	6.766900E+1	1.410000E+0
3.997000E+0	1.219789E-1	2.070068E-1	3.301310E+2	6.766900E+1	1.410000E+0
4.079000E+0	1.329994E-1	2.377367E-1	3.301310E+2	6.766900E+1	1.410000E+0
4.088000E+0	1.329994E-1	2.377367E-1	3.301310E+2	6.766900E+1	1.410000E+0
4.169000E+0	1.330052E-1	2.378567E-1	3.301310E+2	6.766900E+1	1.410000E+0
4.178000E+0	1.330052E-1	2.378567E-1	3.301310E+2	6.766900E+1	1.410000E+0
4.289000E+0	1.330173E-1	2.379375E-1	3.301310E+2	6.766900E+1	1.410000E+0
4.298000E+0	1.330173E-1	2.379375E-1	3.301310E+2	6.766900E+1	1.410000E+0
4.378000E+0	1.372652E-1	2.500891E-1	3.301310E+2	6.766900E+1	1.410000E+0
4.387000E+0	1.372652E-1	2.500891E-1	3.301310E+2	6.766900E+1	1.410000E+0
4.469000E+0	1.385347E-1	2.538104E-1	3.301310E+2	6.766900E+1	1.410000E+0
4.478000E+0	1.385347E-1	2.538104E-1	3.301310E+2	6.766900E+1	1.410000E+0
4.559000E+0	1.385310E-1	2.538425E-1	3.301310E+2	6.766900E+1	1.410000E+0
4.572000E+0	1.385310E-1	2.538425E-1	3.301310E+2	6.766900E+1	1.410000E+0
4.655000E+0	1.469940E-1	2.858905E-1	3.301310E+2	6.766900E+1	1.410000E+0
4.665000E+0	1.469940E-1	2.858905E-1	3.301310E+2	6.766900E+1	1.410000E+0
4.780000E+0	1.495558E-1	2.861601E-1	3.301310E+2	6.766900E+1	1.410000E+0
4.788000E+0	1.495558E-1	2.861601E-1	3.301310E+2	6.766900E+1	1.410000E+0
4.870000E+0	1.495434E-1	2.862058E-1	3.301310E+2	6.766900E+1	1.410000E+0
4.878000E+0	1.495434E-1	2.862058E-1	3.301310E+2	6.766900E+1	1.410000E+0
4.960000E+0	1.495417E-1	2.862033E-1	3.301310E+2	6.766900E+1	1.410000E+0
4.969000E+0	1.495417E-1	2.862033E-1	3.301310E+2	6.766900E+1	1.410000E+0
5.050000E+0	1.605583E-1	3.192666E-1	3.301310E+2	6.766900E+1	1.410000E+0
5.058000E+0	1.605583E-1	3.192666E-1	3.301310E+2	6.766900E+1	1.410000E+0
5.140000E+0	1.605897E-1	3.194107E-1	3.301310E+2	6.766900E+1	1.410000E+0
5.149000E+0	1.605897E-1	3.194107E-1	3.301310E+2	6.766900E+1	1.410000E+0
5.261000E+0	1.605731E-1	3.194011E-1	3.301310E+2	6.766900E+1	1.410000E+0
5.270000E+0	1.605731E-1	3.194011E-1	3.301310E+2	6.766900E+1	1.410000E+0
5.351000E+0	1.715636E-1	3.531945E-1	3.301310E+2	6.766900E+1	1.410000E+0
5.359000E+0	1.715636E-1	3.531945E-1	3.301310E+2	6.766900E+1	1.410000E+0
5.441000E+0	1.715760E-1	3.532829E-1	3.301310E+2	6.766900E+1	1.410000E+0
5.450000E+0	1.715760E-1	3.532829E-1	3.301310E+2	6.766900E+1	1.410000E+0
5.531000E+0	1.715644E-1	3.533115E-1	3.301310E+2	6.766900E+1	1.410000E+0
5.540000E+0	1.715644E-1	3.533115E-1	3.301310E+2	6.766900E+1	1.410000E+0
5.620000E+0	1.801823E-1	3.801192E-1	3.301310E+2	6.766900E+1	1.410000E+0
5.632000E+0	1.801823E-1	3.801192E-1	3.301310E+2	6.766900E+1	1.410000E+0
5.749000E+0	1.825987E-1	3.880223E-1	3.301310E+2	6.766900E+1	1.410000E+0
5.757000E+0	1.825987E-1	3.880223E-1	3.301310E+2	6.766900E+1	1.410000E+0
5.841000E+0	1.826039E-1	3.881006E-1	3.301310E+2	6.766900E+1	1.410000E+0
5.850000E+0	1.826039E-1	3.881006E-1	3.301310E+2	6.766900E+1	1.410000E+0
5.932000E+0	1.826208E-1	3.882025E-1	3.301310E+2	6.766900E+1	1.410000E+0
5.941000E+0	1.826208E-1	3.882025E-1	3.301310E+2	6.766900E+1	1.410000E+0
6.021000E+0	1.880969E-1	4.056928E-1	3.301310E+2	6.766900E+1	1.410000E+0
6.030000E+0	1.880969E-1	4.056928E-1	3.301310E+2	6.766900E+1	1.410000E+0
6.111000E+0	1.880882E-1	4.057234E-1	3.301310E+2	6.766900E+1	1.410000E+0
6.121000E+0	1.880882E-1	4.057234E-1	3.301310E+2	6.766900E+1	1.410000E+0
6.234000E+0	1.880922E-1	4.057882E-1	3.301310E+2	6.766900E+1	1.410000E+0
6.243000E+0	1.880922E-1	4.057882E-1	3.301310E+2	6.766900E+1	1.410000E+0
6.328000E+0	1.990997E-1	4.413420E-1	3.301310E+2	6.766900E+1	1.410000E+0
6.337000E+0	1.990997E-1	4.413420E-1	3.301310E+2	6.766900E+1	1.410000E+0
6.422000E+0	1.991230E-1	4.415183E-1	3.301310E+2	6.766900E+1	1.410000E+0
6.431000E+0	1.991230E-1	4.415183E-1	3.301310E+2	6.766900E+1	1.410000E+0
6.512000E+0	1.991204E-1	4.415660E-1	3.301310E+2	6.766900E+1	1.410000E+0
6.521000E+0	1.991204E-1	4.415660E-1	3.301310E+2	6.766900E+1	1.410000E+0
6.601000E+0	2.076312E-1	4.693147E-1	3.301310E+2	6.766900E+1	1.410000E+0
6.615000E+0	2.076312E-1	4.693147E-1	3.301310E+2	6.766900E+1	1.410000E+0
6.730000E+0	2.100559E-1	4.774276E-1	3.301310E+2	6.766900E+1	1.410000E+0
6.738000E+0	2.100559E-1	4.774276E-1	3.301310E+2	6.766900E+1	1.410000E+0
6.822000E+0	2.100531E-1	4.774718E-1	3.301310E+2	6.766900E+1	1.410000E+0
6.831000E+0	2.100531E-1	4.774718E-1	3.301310E+2	6.766900E+1	1.410000E+0
6.912000E+0	2.155516E-1	4.955831E-1	3.301310E+2	6.766900E+1	1.410000E+0
6.921000E+0	2.155516E-1	4.955831E-1	3.301310E+2	6.766900E+1	1.410000E+0
7.002000E+0	2.210767E-1	5.139596E-1	3.301310E+2	6.766900E+1	1.410000E+0
7.011000E+0	2.210767E-1	5.139596E-1	3.301310E+2	6.766900E+1	1.410000E+0
7.093000E+0	2.210883E-1	5.136789E-1	3.301310E+2	6.766900E+1	1.410000E+0
7.102000E+0	2.210883E-1	5.136789E-1	3.301310E+2	6.766900E+1	1.410000E+0
7.214000E+0	2.210556E-1	5.133997E-1	3.301310E+2	6.766900E+1	1.410000E+0
7.223000E+0	2.210556E-1	5.133997E-1	3.301310E+2	6.766900E+1	1.410000E+0
7.303000E+0	2.320745E-1	5.501622E-1	3.301310E+2	6.766900E+1	1.410000E+0
7.311000E+0	2.320745E-1	5.501622E-1	3.301310E+2	6.766900E+1	1.410000E+0
7.393000E+0	2.320821E-1	5.503113E-1	3.301310E+2	6.766900E+1	1.410000E+0
7.403000E+0	2.320821E-1	5.503113E-1	3.301310E+2	6.766900E+1	1.410000E+0
7.484000E+0	2.320829E-1	5.504379E-1	3.301310E+2	6.766900E+1	1.410000E+0
7.492000E+0	2.320829E-1	5.504379E-1	3.301310E+2	6.766900E+1	1.410000E+0
7.573000E+0	2.364016E-1	5.650258E-1	3.301310E+2	6.766900E+1	1.410000E+0
7.587000E+0	2.364016E-1	5.650258E-1	3.301310E+2	6.766900E+1	1.410000E+0
7.700000E+0	2.376063E-1	5.693165E-1	3.301310E+2	6.766900E+1	1.410000E+0
7.708000E+0	2.376063E-1	5.693165E-1	3.301310E+2	6.766900E+1	1.410000E+0
7.794000E+0	2.376073E-1	5.691513E-1	3.301310E+2	6.766900E+1	1.410000E+0
7.803000E+0	2.376073E-1	5.691513E-1	3.301310E+2	6.766900E+1	1.410000E+0
7.884000E+0	2.460679E-1	5.979484E-1	3.301310E+2	6.766900E+1	1.410000E+0
7.893000E+0	2.460679E-1	5.979484E-1	3.301310E+2	6.766900E+1	1.410000E+0
7.974000E+0	2.486401E-1	6.068954E-1	3.301310E+2	6.766900E+1	1.410000E+0
7.983000E+0	2.486401E-1	6.068954E-1	3.301310E+2	6.766900E+1	1.410000E+0
8.063000E+0	2.486353E-1	6.069531E-1	3.301310E+2	6.766900E+1	1.410000E+0
8.072000E+0	2.486353E-1	6.069531E-1	3.301310E+2	6.766900E+1	1.410000E+0
8.185000E+0	2.486493E-1	6.071118E-1	3.301310E+2	6.766900E+1	1.410000E+0
8.194000E+0	2.486493E-1	6.071118E-1	3.301310E+2	6.766900E+1	1.410000E+0
8.274000E+0	2.595311E-1	6.445913E-1	3.301310E+2	6.766900E+1	1.410000E+0
8.283000E+0	2.595311E-1	6.445913E-1	3.301310E+2	6.766900E+1	1.410000E+0
8.364000E+0	2.596340E-1	6.450864E-1	3.301310E+2	6.766900E+1	1.410000E+0
8.373000E+0	2.596340E-1	6.450864E-1	3.301310E+2	6.766900E+1	1.410000E+0
8.455000E+0	2.596318E-1	6.451316E-1	3.301310E+2	6.766900E+1	1.410000E+0
8.464000E+0	2.596318E-1	6.451316E-1	3.301310E+2	6.766900E+1	1.410000E+0
8.545000E+0	2.706733E-1	6.835582E-1	3.301310E+2	6.766900E+1	1.410000E+0
8.554000E+0	2.706733E-1	6.835582E-1	3.301310E+2	6.766900E+1	1.410000E+0
8.671000E+0	2.706713E-1	6.835993E-1	3.301310E+2	6.766900E+1	1.410000E+0
8.688000E+0	2.706713E-1	6.835993E-1	3.301310E+2	6.766900E+1	1.410000E+0
8.765000E+0	2.706757E-1	6.836998E-1	3.301310E+2	6.766900E+1	1.410000E+0
8.773000E+0	2.706757E-1	6.836998E-1	3.301310E+2	6.766900E+1	1.410000E+0
8.856000E+0	2.797467E-1	7.153646E-1	3.301310E+2	6.766900E+1	1.410000E+0
8.865000E+0	2.797467E-1	7.153646E-1	3.301310E+2	6.766900E+1	1.410000E+0
8.946000E+0	2.816883E-1	7.223156E-1	3.301310E+2	6.766900E+1	1.410000E+0
8.955000E+0	2.816883E-1	7.223156E-1	3.301310E+2	6.766900E+1	1.410000E+0
9.035000E+0	2.816875E-1	7.222679E-1	3.301310E+2	6.766900E+1	1.410000E+0
9.044000E+0	2.816875E-1	7.222679E-1	3.301310E+2	6.766900E+1	1.410000E+0
9.156000E+0	2.816806E-1	7.222051E-1	3.301310E+2	6.766900E+1	1.410000E+0
9.166000E+0	2.816806E-1	7.222051E-1	3.301310E+2	6.766900E+1	1.410000E+0
9.246000E+0	2.927298E-1	7.613728E-1	3.301310E+2	6.766900E+1	1.410000E+0
9.255000E+0	2.927298E-1	7.613728E-1	3.301310E+2	6.766900E+1	1.410000E+0
9.336000E+0	2.927387E-1	7.615405E-1	3.301310E+2	6.766900E+1	1.410000E+0
9.345000E+0	2.927387E-1	7.615405E-1	3.301310E+2	6.766900E+1	1.410000E+0
9.427000E+0	2.927359E-1	7.614717E-1	3.301310E+2	6.766900E+1	1.410000E+0
9.436000E+0	2.927359E-1	7.614717E-1	3.301310E+2	6.766900E+1	1.410000E+0
9.517000E+0	2.983701E-1	7.815559E-1	3.301310E+2	6.766900E+1	1.410000E+0
9.525000E+0	2.983701E-1	7.815559E-1	3.301310E+2	6.766900E+1	1.410000E+0
9.637000E+0	2.983767E-1	7.816152E-1	3.301310E+2	6.766900E+1	1.410000E+0
9.650000E+0	2.983767E-1	7.816152E-1	3.301310E+2	6.766900E+1	1.410000E+0
9.733000E+0	2.983803E-1	7.815745E-1	3.301310E+2	6.766900E+1	1.410000E+0
9.741000E+0	2.983803E-1	7.815745E-1	3.301310E+2	6.766900E+1	1.410000E+0
9.827000E+0	3.084911E-1	8.178489E-1	3.301310E+2	6.766900E+1	1.410000E+0
9.836000E+0	3.084911E-1	8.178489E-1	3.301310E+2	6.766900E+1	1.410000E+0
9.917000E+0	3.094562E-1	8.213704E-1	3.301310E+2	6.766900E+1	1.410000E+0
9.926000E+0	3.094562E-1	8.213704E-1	3.301310E+2	6.766900E+1	1.410000E+0
1.000700E+1	3.094558E-1	8.213935E-1	3.301310E+2	6.766900E+1	1.410000E+0
1.001600E+1	3.094558E-1	8.213935E-1	3.301310E+2	6.766900E+1	1.410000E+0
1.012800E+1	3.182784E-1	8.532120E-1	3.301310E+2	6.766900E+1	1.410000E+0
1.013700E+1	3.182784E-1	8.532120E-1	3.301310E+2	6.766900E+1	1.410000E+0
1.021700E+1	3.205014E-1	8.613545E-1	3.301310E+2	6.766900E+1	1.410000E+0
1.022600E+1	3.205014E-1	8.613545E-1	3.301310E+2	6.766900E+1	1.410000E+0
1.030700E+1	3.204980E-1	8.613440E-1	3.301310E+2	6.766900E+1	1.410000E+0
1.031600E+1	3.204980E-1	8.613440E-1	3.301310E+2	6.766900E+1	1.410000E+0
1.039800E+1	3.204978E-1	8.613249E-1	3.301310E+2	6.766900E+1	1.410000E+0
1.040700E+1	3.204978E-1	8.613249E-1	3.301310E+2	6.766900E+1	1.410000E+0
1.048800E+1	3.315317E-1	9.014115E-1	3.301310E+2	6.766900E+1	1.410000E+0
1.049700E+1	3.315317E-1	9.014115E-1	3.301310E+2	6.766900E+1	1.410000E+0
1.060800E+1	3.315422E-1	9.014993E-1	3.301310E+2	6.766900E+1	1.410000E+0
1.062200E+1	3.315422E-1	9.014993E-1	3.301310E+2	6.766900E+1	1.410000E+0
1.070400E+1	3.315414E-1	9.013949E-1	3.301310E+2	6.766900E+1	1.410000E+0
1.071300E+1	3.315414E-1	9.013949E-1	3.301310E+2	6.766900E+1	1.410000E+0
1.079800E+1	3.407667E-1	9.350452E-1	3.301310E+2	6.766900E+1	1.410000E+0
1.080600E+1	3.407667E-1	9.350452E-1	3.301310E+2	6.766900E+1	1.410000E+0
1.088900E+1	3.425346E-1	9.416703E-1	3.301310E+2	6.766900E+1	1.410000E+0
1.089800E+1	3.425346E-1	9.416703E-1	3.301310E+2	6.766900E+1	1.410000E+0
1.097800E+1	3.425419E-1	9.417230E-1	3.301310E+2	6.766900E+1	1.410000E+0
1.098700E+1	3.425419E-1	9.417230E-1	3.301310E+2	6.766900E+1	1.410000E+0
1.110000E+1	3.468860E-1	9.576430E-1	3.301310E+2	6.766900E+1	1.410000E+0
1.110900E+1	3.468860E-1	9.576430E-1	3.301310E+2	6.766900E+1	1.410000E+0
1.118800E+1	3.480753E-1	9.621195E-1	3.301310E+2	6.766900E+1	1.410000E+0
1.119600E+1	3.480753E-1	9.621195E-1	3.301310E+2	6.766900E+1	1.410000E+0
1.127900E+1	3.480857E-1	9.621004E-1	3.301310E+2	6.766900E+1	1.410000E+0
1.128800E+1	3.480857E-1	9.621004E-1	3.301310E+2	6.766900E+1	1.410000E+0
1.137000E+1	3.480835E-1	9.621386E-1	3.301310E+2	6.766900E+1	1.410000E+0
1.137900E+1	3.480835E-1	9.621386E-1	3.301310E+2	6.766900E+1	1.410000E+0
1.146000E+1	3.543896E-1	9.852863E-1	3.301310E+2	6.766900E+1	1.410000E+0
1.146900E+1	3.543896E-1	9.852863E-1	3.301310E+2	6.766900E+1	1.410000E+0
1.158300E+1	3.591190E-1	1.002876E+0	3.301310E+2	6.766900E+1	1.410000E+0
1.159600E+1	3.591190E-1	1.002876E+0	3.301310E+2	6.766900E+1	1.410000E+0
1.167900E+1	3.591174E-1	1.002891E+0	3.301310E+2	6.766900E+1	1.410000E+0
1.168800E+1	3.591174E-1	1.002891E+0	3.301310E+2	6.766900E+1	1.410000E+0
1.178000E+1	3.701199E-1	1.043768E+0	3.301310E+2	6.766900E+1	1.410000E+0
1.178900E+1	3.701199E-1	1.043768E+0	3.301310E+2	6.766900E+1	1.410000E+0
1.187500E+1	3.701225E-1	1.043782E+0	3.301310E+2	6.766900E+1	1.410000E+0
1.188300E+1	3.701225E-1	1.043782E+0	3.301310E+2	6.766900E+1	1.410000E+0
1.196600E+1	3.701281E-1	1.043779E+0	3.301310E+2	6.766900E+1	1.410000E+0
1.197400E+1	3.701281E-1	1.043779E+0	3.301310E+2	6.766900E+1	1.410000E+0
1.209100E+1	3.796117E-1	1.078949E+0	3.301310E+2	6.766900E+1	1.410000E+0
1.210000E+1	3.796117E-1	1.078949E+0	3.301310E+2	6.766900E+1	1.410000E+0
1.218000E+1	3.811430E-1	1.084936E+0	3.301310E+2	6.766900E+1	1.410000E+0
1.218900E+1	3.811430E-1	1.084936E+0	3.301310E+2	6.766900E+1	1.410000E+0
1.227100E+1	3.811452E-1	1.084965E+0	3.301310E+2	6.766900E+1	1.410000E+0
1.227900E+1	3.811452E-1	1.084965E+0	3.301310E+2	6.766900E+1	1.410000E+0
1.236100E+1	3.811426E-1	1.084935E+0	3.301310E+2	6.766900E+1	1.410000E+0
1.237000E+1	3.811426E-1	1.084935E+0	3.301310E+2	6.766900E+1	1.410000E+0
1.245000E+1	3.920921E-1	1.125923E+0	3.301310E+2	6.766900E+1	1.410000E+0
1.245800E+1	3.920921E-1	1.125923E+0	3.301310E+2	6.766900E+1	1.410000E+0
1.257200E+1	3.920895E-1	1.125921E+0	3.301310E+2	6.766900E+1	1.410000E+0
1.258500E+1	3.920895E-1	1.125921E+0	3.301310E+2	6.766900E+1	1.410000E+0
1.267100E+1	3.920765E-1	1.125927E+0	3.301310E+2	6.766900E+1	1.410000E+0
1.268000E+1	3.920765E-1	1.125927E+0	3.301310E+2	6.766900E+1	1.410000E+0
1.276100E+1	4.031024E-1	1.167367E+0	3.301310E+2	6.766900E+1	1.410000E+0
1.277000E+1	4.031024E-1	1.167367E+0	3.301310E+2	6.766900E+1	1.410000E+0
1.285100E+1	4.031185E-1	1.167414E+0	3.301310E+2	6.766900E+1	1.410000E+0
1.286000E+1	4.031185E-1	1.167414E+0	3.301310E+2	6.766900E+1	1.410000E+0
1.294100E+1	4.031143E-1	1.167474E+0	3.301310E+2	6.766900E+1	1.410000E+0
1.295000E+1	4.031143E-1	1.167474E+0	3.301310E+2	6.766900E+1	1.410000E+0
1.306200E+1	4.074803E-1	1.183878E+0	3.301310E+2	6.766900E+1	1.410000E+0
1.307100E+1	4.074803E-1	1.183878E+0	3.301310E+2	6.766900E+1	1.410000E+0
1.315200E+1	4.085970E-1	1.188153E+0	3.301310E+2	6.766900E+1	1.410000E+0
1.316000E+1	4.085970E-1	1.188153E+0	3.301310E+2	6.766900E+1	1.410000E+0
1.324100E+1	4.086004E-1	1.188198E+0	3.301310E+2	6.766900E+1	1.410000E+0
1.325100E+1	4.086004E-1	1.188198E+0	3.301310E+2	6.766900E+1	1.410000E+0
1.333200E+1	4.172698E-1	1.220920E+0	3.301310E+2	6.766900E+1	1.410000E+0
1.334100E+1	4.172698E-1	1.220920E+0	3.301310E+2	6.766900E+1	1.410000E+0
1.342200E+1	4.196343E-1	1.229984E+0	3.301310E+2	6.766900E+1	1.410000E+0
1.343100E+1	4.196343E-1	1.229984E+0	3.301310E+2	6.766900E+1	1.410000E+0
1.354300E+1	4.196355E-1	1.229972E+0	3.301310E+2	6.766900E+1	1.410000E+0
1.355200E+1	4.196355E-1	1.229972E+0	3.301310E+2	6.766900E+1	1.410000E+0
1.363600E+1	4.196319E-1	1.230002E+0	3.301310E+2	6.766900E+1	1.410000E+0
1.365400E+1	4.196319E-1	1.230002E+0	3.301310E+2	6.766900E+1	1.410000E+0
1.372800E+1	4.258139E-1	1.263860E+0	3.301310E+2	6.766900E+1	1.410000E+0
1.373700E+1	4.258139E-1	1.263860E+0	3.301310E+2	6.766900E+1	1.410000E+0
1.382300E+1	4.306128E-1	1.271754E+0	3.301310E+2	6.766900E+1	1.410000E+0
1.383100E+1	4.306128E-1	1.271754E+0	3.301310E+2	6.766900E+1	1.410000E+0
1.391300E+1	4.306180E-1	1.271751E+0	3.301310E+2	6.766900E+1	1.410000E+0
1.392100E+1	4.306180E-1	1.271751E+0	3.301310E+2	6.766900E+1	1.410000E+0
1.403400E+1	4.395388E-1	1.305654E+0	3.301310E+2	6.766900E+1	1.410000E+0
1.404300E+1	4.395388E-1	1.305654E+0	3.301310E+2	6.766900E+1	1.410000E+0
1.412300E+1	4.416485E-1	1.313816E+0	3.301310E+2	6.766900E+1	1.410000E+0
1.413100E+1	4.416485E-1	1.313816E+0	3.301310E+2	6.766900E+1	1.410000E+0
1.421300E+1	4.416421E-1	1.313823E+0	3.301310E+2	6.766900E+1	1.410000E+0
1.422100E+1	4.416421E-1	1.313823E+0	3.301310E+2	6.766900E+1	1.410000E+0
1.430400E+1	4.501946E-1	1.346461E+0	3.301310E+2	6.766900E+1	1.410000E+0
1.431300E+1	4.501946E-1	1.346461E+0	3.301310E+2	6.766900E+1	1.410000E+0
1.439300E+1	4.526472E-1	1.355965E+0	3.301310E+2	6.766900E+1	1.410000E+0
1.440200E+1	4.526472E-1	1.355965E+0	3.301310E+2	6.766900E+1	1.410000E+0
1.451400E+1	4.526428E-1	1.355948E+0	3.301310E+2	6.766900E+1	1.410000E+0
1.452300E+1	4.526428E-1	1.355948E+0	3.301310E+2	6.766900E+1	1.410000E+0
1.460400E+1	4.526478E-1	1.355985E+0	3.301310E+2	6.766900E+1	1.410000E+0
1.461800E+1	4.526478E-1	1.355985E+0	3.301310E+2	6.766900E+1	1.410000E+0
1.470100E+1	4.581640E-1	1.377189E+0	3.301310E+2	6.766900E+1	1.410000E+0
1.471000E+1	4.581640E-1	1.377189E+0	3.301310E+2	6.766900E+1	1.410000E+0
1.479400E+1	4.581766E-1	1.377206E+0	3.301310E+2	6.766900E+1	1.410000E+0
1.480300E+1	4.581766E-1	1.377206E+0	3.301310E+2	6.766900E+1	1.410000E+0
1.488400E+1	4.581718E-1	1.377235E+0	3.301310E+2	6.766900E+1	1.410000E+0
1.489300E+1	4.581718E-1	1.377235E+0	3.301310E+2	6.766900E+1	1.410000E+0
1.500600E+1	4.674421E-1	1.412914E+0	3.301310E+2	6.766900E+1	1.410000E+0
1.501500E+1	4.674421E-1	1.412914E+0	3.301310E+2	6.766900E+1	1.410000E+0
1.509300E+1	4.691977E-1	1.419703E+0	3.301310E+2	6.766900E+1	1.410000E+0
1.510200E+1	4.691977E-1	1.419703E+0	3.301310E+2	6.766900E+1	1.410000E+0
1.518500E+1	4.692116E-1	1.419762E+0	3.301310E+2	6.766900E+1	1.410000E+0
1.519400E+1	4.692116E-1	1.419762E+0	3.301310E+2	6.766900E+1	1.410000E+0
1.527500E+1	4.780087E-1	1.453720E+0	3.301310E+2	6.766900E+1	1.410000E+0
1.528300E+1	4.780087E-1	1.453720E+0	3.301310E+2	6.766900E+1	1.410000E+0
1.536500E+1	4.802020E-1	1.462257E+0	3.301310E+2	6.766900E+1	1.410000E+0
1.537500E+1	4.802020E-1	1.462257E+0	3.301310E+2	6.766900E+1	1.410000E+0
1.548700E+1	4.801888E-1	1.462228E+0	3.301310E+2	6.766900E+1	1.410000E+0
1.549600E+1	4.801888E-1	1.462228E+0	3.301310E+2	6.766900E+1	1.410000E+0
1.557500E+1	4.801972E-1	1.462278E+0	3.301310E+2	6.766900E+1	1.410000E+0
1.558900E+1	4.801972E-1	1.462278E+0	3.301310E+2	6.766900E+1	1.410000E+0
1.567100E+1	4.912203E-1	1.505038E+0	3.301310E+2	6.766900E+1	1.410000E+0
1.567900E+1	4.912203E-1	1.505038E+0	3.301310E+2	6.766900E+1	1.410000E+0
1.576500E+1	4.912256E-1	1.505062E+0	3.301310E+2	6.766900E+1	1.410000E+0
1.577400E+1	4.912256E-1	1.505062E+0	3.301310E+2	6.766900E+1	1.410000E+0
1.585600E+1	4.912400E-1	1.505106E+0	3.301310E+2	6.766900E+1	1.410000E+0
1.586400E+1	4.912400E-1	1.505106E+0	3.301310E+2	6.766900E+1	1.410000E+0
1.597800E+1	5.022421E-1	1.547969E+0	3.301310E+2	6.766900E+1	1.410000E+0
1.598700E+1	5.022421E-1	1.547969E+0	3.301310E+2	6.766900E+1	1.410000E+0
1.607200E+1	5.022571E-1	1.547968E+0	3.301310E+2	6.766900E+1	1.410000E+0
1.608100E+1	5.022571E-1	1.547968E+0	3.301310E+2	6.766900E+1	1.410000E+0
1.616600E+1	5.022655E-1	1.548067E+0	3.301310E+2	6.766900E+1	1.410000E+0
1.617400E+1	5.022655E-1	1.548067E+0	3.301310E+2	6.766900E+1	1.410000E+0
1.625600E+1	5.067436E-1	1.565523E+0	3.301310E+2	6.766900E+1	1.410000E+0
1.626500E+1	5.067436E-1	1.565523E+0	3.301310E+2	6.766900E+1	1.410000E+0
1.634700E+1	5.077811E-1	1.569600E+0	3.301310E+2	6.766900E+1	1.410000E+0
1.635500E+1	5.077811E-1	1.569600E+0	3.301310E+2	6.766900E+1	1.410000E+0
1.646700E+1	5.077863E-1	1.569689E+0	3.301310E+2	6.766900E+1	1.410000E+0
1.647500E+1	5.077863E-1	1.569689E+0	3.301310E+2	6.766900E+1	1.410000E+0
1.655700E+1	5.157178E-1	1.600590E+0	3.301310E+2	6.766900E+1	1.410000E+0
1.657000E+1	5.157178E-1	1.600590E+0	3.301310E+2	6.766900E+1	1.410000E+0
1.665300E+1	5.187675E-1	1.612630E+0	3.301310E+2	6.766900E+1	1.410000E+0
1.666200E+1	5.187675E-1	1.612630E+0	3.301310E+2	6.766900E+1	1.410000E+0
1.674700E+1	5.187758E-1	1.612627E+0	3.301310E+2	6.766900E+1	1.410000E+0
1.675600E+1	5.187758E-1	1.612627E+0	3.301310E+2	6.766900E+1	1.410000E+0
1.683700E+1	5.187768E-1	1.612649E+0	3.301310E+2	6.766900E+1	1.410000E+0
1.684600E+1	5.187768E-1	1.612649E+0	3.301310E+2	6.766900E+1	1.410000E+0
1.695800E+1	5.298101E-1	1.655998E+0	3.301310E+2	6.766900E+1	1.410000E+0
1.696600E+1	5.298101E-1	1.655998E+0	3.301310E+2	6.766900E+1	1.410000E+0
1.704700E+1	5.298043E-1	1.656003E+0	3.301310E+2	6.766900E+1	1.410000E+0
1.705600E+1	5.298043E-1	1.656003E+0	3.301310E+2	6.766900E+1	1.410000E+0
1.713600E+1	5.298131E-1	1.656031E+0	3.301310E+2	6.766900E+1	1.410000E+0
1.714500E+1	5.298131E-1	1.656031E+0	3.301310E+2	6.766900E+1	1.410000E+0
1.722800E+1	5.381243E-1	1.688655E+0	3.301310E+2	6.766900E+1	1.410000E+0
1.723700E+1	5.381243E-1	1.688655E+0	3.301310E+2	6.766900E+1	1.410000E+0
1.731800E+1	5.408276E-1	1.699510E+0	3.301310E+2	6.766900E+1	1.410000E+0
1.732700E+1	5.408276E-1	1.699510E+0	3.301310E+2	6.766900E+1	1.410000E+0
1.743800E+1	5.408365E-1	1.699545E+0	3.301310E+2	6.766900E+1	1.410000E+0
1.744700E+1	5.408365E-1	1.699545E+0	3.301310E+2	6.766900E+1	1.410000E+0
1.752700E+1	5.496023E-1	1.734226E+0	3.301310E+2	6.766900E+1	1.410000E+0
1.753600E+1	5.496023E-1	1.734226E+0	3.301310E+2	6.766900E+1	1.410000E+0
1.761700E+1	5.518760E-1	1.743404E+0	3.301310E+2	6.766900E+1	1.410000E+0
1.763000E+1	5.518760E-1	1.743404E+0	3.301310E+2	6.766900E+1	1.410000E+0
1.771500E+1	5.518690E-1	1.743432E+0	3.301310E+2	6.766900E+1	1.410000E+0
1.772400E+1	5.518690E-1	1.743432E+0	3.301310E+2	6.766900E+1	1.410000E+0
1.780800E+1	5.518776E-1	1.743434E+0	3.301310E+2	6.766900E+1	1.410000E+0
1.781700E+1	5.518776E-1	1.743434E+0	3.301310E+2	6.766900E+1	1.410000E+0
1.793000E+1	5.628013E-1	1.787105E+0	3.301310E+2	6.766900E+1	1.410000E+0
1.793900E+1	5.628013E-1	1.787105E+0	3.301310E+2	6.766900E+1	1.410000E+0
1.801900E+1	5.628102E-1	1.787148E+0	3.301310E+2	6.766900E+1	1.410000E+0
1.802700E+1	5.628102E-1	1.787148E+0	3.301310E+2	6.766900E+1	1.410000E+0
1.810900E+1	5.628001E-1	1.787170E+0	3.301310E+2	6.766900E+1	1.410000E+0
1.811700E+1	5.628001E-1	1.787170E+0	3.301310E+2	6.766900E+1	1.410000E+0
1.819800E+1	5.683322E-1	1.809385E+0	3.301310E+2	6.766900E+1	1.410000E+0
1.820700E+1	5.683322E-1	1.809385E+0	3.301310E+2	6.766900E+1	1.410000E+0
1.828900E+1	5.683283E-1	1.809371E+0	3.301310E+2	6.766900E+1	1.410000E+0
1.829700E+1	5.683283E-1	1.809371E+0	3.301310E+2	6.766900E+1	1.410000E+0
1.841100E+1	5.683251E-1	1.809399E+0	3.301310E+2	6.766900E+1	1.410000E+0
1.841900E+1	5.683251E-1	1.809399E+0	3.301310E+2	6.766900E+1	1.410000E+0
1.849900E+1	5.767474E-1	1.843295E+0	3.301310E+2	6.766900E+1	1.410000E+0
1.850800E+1	5.767474E-1	1.843295E+0	3.301310E+2	6.766900E+1	1.410000E+0
1.859000E+1	5.793475E-1	1.853980E+0	3.301310E+2	6.766900E+1	1.410000E+0
1.860300E+1	5.793475E-1	1.853980E+0	3.301310E+2	6.766900E+1	1.410000E+0
1.868600E+1	5.793593E-1	1.853932E+0	3.301310E+2	6.766900E+1	1.410000E+0
1.869500E+1	5.793593E-1	1.853932E+0	3.301310E+2	6.766900E+1	1.410000E+0
1.877900E+1	5.793705E-1	1.853998E+0	3.301310E+2	6.766900E+1	1.410000E+0
1.878800E+1	5.793705E-1	1.853998E+0	3.301310E+2	6.766900E+1	1.410000E+0
1.890100E+1	5.903668E-1	1.898753E+0	3.301310E+2	6.766900E+1	1.410000E+0
1.891000E+1	5.903668E-1	1.898753E+0	3.301310E+2	6.766900E+1	1.410000E+0
1.899000E+1	5.903722E-1	1.898823E+0	3.301310E+2	6.766900E+1	1.410000E+0
1.899900E+1	5.903722E-1	1.898823E+0	3.301310E+2	6.766900E+1	1.410000E+0
1.907900E+1	5.903780E-1	1.898872E+0	3.301310E+2	6.766900E+1	1.410000E+0
1.908800E+1	5.903780E-1	1.898872E+0	3.301310E+2	6.766900E+1	1.410000E+0
1.917100E+1	6.013977E-1	1.944091E+0	3.301310E+2	6.766900E+1	1.410000E+0
1.918000E+1	6.013977E-1	1.944091E+0	3.301310E+2	6.766900E+1	1.410000E+0
1.926000E+1	6.014128E-1	1.944199E+0	3.301310E+2	6.766900E+1	1.410000E+0
1.926900E+1	6.014128E-1	1.944199E+0	3.301310E+2	6.766900E+1	1.410000E+0
1.938200E+1	6.014096E-1	1.944232E+0	3.301310E+2	6.766900E+1	1.410000E+0
1.939000E+1	6.014096E-1	1.944232E+0	3.301310E+2	6.766900E+1	1.410000E+0
1.947100E+1	6.083159E-1	1.972715E+0	3.301310E+2	6.766900E+1	1.410000E+0
1.948000E+1	6.083159E-1	1.972715E+0	3.301310E+2	6.766900E+1	1.410000E+0
1.956100E+1	6.124070E-1	1.989764E+0	3.301310E+2	6.766900E+1	1.410000E+0
1.957400E+1	6.124070E-1	1.989764E+0	3.301310E+2	6.766900E+1	1.410000E+0
1.965700E+1	6.124058E-1	1.989747E+0	3.301310E+2	6.766900E+1	1.410000E+0
1.966500E+1	6.124058E-1	1.989747E+0	3.301310E+2	6.766900E+1	1.410000E+0
1.975100E+1	6.173903E-1	2.010445E+0	3.301310E+2	6.766900E+1	1.410000E+0
1.976000E+1	6.173903E-1	2.010445E+0	3.301310E+2	6.766900E+1	1.410000E+0
1.987200E+1	6.179308E-1	2.012793E+0	3.301310E+2	6.766900E+1	1.410000E+0
1.988100E+1	6.179308E-1	2.012793E+0	3.301310E+2	6.766900E+1	1.410000E+0
1.996100E+1	6.179234E-1	2.012830E+0	3.301310E+2	6.766900E+1	1.410000E+0
1.997000E+1	6.179234E-1	2.012830E+0	3.301310E+2	6.766900E+1	1.410000E+0
2.005100E+1	6.179194E-1	2.012847E+0	3.301310E+2	6.766900E+1	1.410000E+0
2.006000E+1	6.179194E-1	2.012847E+0	3.301310E+2	6.766900E+1	1.410000E+0
2.014100E+1	6.289289E-1	2.058965E+0	3.301310E+2	6.766900E+1	1.410000E+0
2.015000E+1	6.289289E-1	2.058965E+0	3.301310E+2	6.766900E+1	1.410000E+0
2.023200E+1	6.289550E-1	2.059062E+0	3.301310E+2	6.766900E+1	1.410000E+0
2.024100E+1	6.289550E-1	2.059062E+0	3.301310E+2	6.766900E+1	1.410000E+0
2.035300E+1	6.289425E-1	2.059026E+0	3.301310E+2	6.766900E+1	1.410000E+0
2.036200E+1	6.289425E-1	2.059026E+0	3.301310E+2	6.766900E+1	1.410000E+0
2.044200E+1	6.372467E-1	2.093935E+0	3.301310E+2	6.766900E+1	1.410000E+0
2.045100E+1	6.372467E-1	2.093935E+0	3.301310E+2	6.766900E+1	1.410000E+0
2.053200E+1	6.399845E-1	2.105716E+0	3.301310E+2	6.766900E+1	1.410000E+0
2.054100E+1	6.399845E-1	2.105716E+0	3.301310E+2	6.766900E+1	1.410000E+0
2.062200E+1	6.399853E-1	2.105744E+0	3.301310E+2	6.766900E+1	1.410000E+0
2.063500E+1	6.399853E-1	2.105744E+0	3.301310E+2	6.766900E+1	1.410000E+0
2.071800E+1	6.476732E-1	2.150239E+0	3.301310E+2	6.766900E+1	1.410000E+0
2.072600E+1	6.476732E-1	2.150239E+0	3.301310E+2	6.766900E+1	1.410000E+0
2.084400E+1	6.510069E-1	2.152767E+0	3.301310E+2	6.766900E+1	1.410000E+0
2.085300E+1	6.510069E-1	2.152767E+0	3.301310E+2	6.766900E+1	1.410000E+0
2.093300E+1	6.510034E-1	2.152852E+0	3.301310E+2	6.766900E+1	1.410000E+0
2.094200E+1	6.510034E-1	2.152852E+0	3.301310E+2	6.766900E+1	1.410000E+0
2.102300E+1	6.510093E-1	2.152872E+0	3.301310E+2	6.766900E+1	1.410000E+0
2.103200E+1	6.510093E-1	2.152872E+0	3.301310E+2	6.766900E+1	1.410000E+0
2.111200E+1	6.620745E-1	2.200405E+0	3.301310E+2	6.766900E+1	1.410000E+0
2.112000E+1	6.620745E-1	2.200405E+0	3.301310E+2	6.766900E+1	1.410000E+0
2.120300E+1	6.620853E-1	2.200509E+0	3.301310E+2	6.766900E+1	1.410000E+0
2.121200E+1	6.620853E-1	2.200509E+0	3.301310E+2	6.766900E+1	1.410000E+0
2.132700E+1	6.620816E-1	2.200549E+0	3.301310E+2	6.766900E+1	1.410000E+0
2.133600E+1	6.620816E-1	2.200549E+0	3.301310E+2	6.766900E+1	1.410000E+0
2.141900E+1	6.731003E-1	2.248415E+0	3.301310E+2	6.766900E+1	1.410000E+0
2.142700E+1	6.731003E-1	2.248415E+0	3.301310E+2	6.766900E+1	1.410000E+0
2.151400E+1	6.731201E-1	2.248440E+0	3.301310E+2	6.766900E+1	1.410000E+0
2.152400E+1	6.731201E-1	2.248440E+0	3.301310E+2	6.766900E+1	1.410000E+0
2.160400E+1	6.731187E-1	2.248540E+0	3.301310E+2	6.766900E+1	1.410000E+0
2.161700E+1	6.731187E-1	2.248540E+0	3.301310E+2	6.766900E+1	1.410000E+0
2.169900E+1	6.773368E-1	2.272617E+0	3.301310E+2	6.766900E+1	1.410000E+0
2.170900E+1	6.773368E-1	2.272617E+0	3.301310E+2	6.766900E+1	1.410000E+0
2.182100E+1	6.786702E-1	2.272814E+0	3.301310E+2	6.766900E+1	1.410000E+0
2.183000E+1	6.786702E-1	2.272814E+0	3.301310E+2	6.766900E+1	1.410000E+0
2.191500E+1	6.786648E-1	2.272814E+0	3.301310E+2	6.766900E+1	1.410000E+0
2.192400E+1	6.786648E-1	2.272814E+0	3.301310E+2	6.766900E+1	1.410000E+0
2.200400E+1	6.786796E-1	2.272876E+0	3.301310E+2	6.766900E+1	1.410000E+0
2.201300E+1	6.786796E-1	2.272876E+0	3.301310E+2	6.766900E+1	1.410000E+0
2.209300E+1	6.896999E-1	2.321328E+0	3.301310E+2	6.766900E+1	1.410000E+0
2.210100E+1	6.896999E-1	2.321328E+0	3.301310E+2	6.766900E+1	1.410000E+0
2.218400E+1	6.897138E-1	2.321538E+0	3.301310E+2	6.766900E+1	1.410000E+0
2.219200E+1	6.897138E-1	2.321538E+0	3.301310E+2	6.766900E+1	1.410000E+0
2.230600E+1	6.897086E-1	2.321509E+0	3.301310E+2	6.766900E+1	1.410000E+0
2.231500E+1	6.897086E-1	2.321509E+0	3.301310E+2	6.766900E+1	1.410000E+0
2.239500E+1	7.007167E-1	2.370368E+0	3.301310E+2	6.766900E+1	1.410000E+0
2.240400E+1	7.007167E-1	2.370368E+0	3.301310E+2	6.766900E+1	1.410000E+0
2.248500E+1	7.007122E-1	2.370426E+0	3.301310E+2	6.766900E+1	1.410000E+0
2.249300E+1	7.007122E-1	2.370426E+0	3.301310E+2	6.766900E+1	1.410000E+0
2.257600E+1	7.007291E-1	2.370484E+0	3.301310E+2	6.766900E+1	1.410000E+0
2.258900E+1	7.007291E-1	2.370484E+0	3.301310E+2	6.766900E+1	1.410000E+0
2.267200E+1	7.099486E-1	2.420013E+0	3.301310E+2	6.766900E+1	1.410000E+0
2.268000E+1	7.099486E-1	2.420013E+0	3.301310E+2	6.766900E+1	1.410000E+0
2.279600E+1	7.117552E-1	2.420089E+0	3.301310E+2	6.766900E+1	1.410000E+0
2.280500E+1	7.117552E-1	2.420089E+0	3.301310E+2	6.766900E+1	1.410000E+0
2.288500E+1	7.117584E-1	2.420270E+0	3.301310E+2	6.766900E+1	1.410000E+0
2.289400E+1	7.117584E-1	2.420270E+0	3.301310E+2	6.766900E+1	1.410000E+0
2.297500E+1	7.192265E-1	2.454042E+0	3.301310E+2	6.766900E+1	1.410000E+0
2.298400E+1	7.192265E-1	2.454042E+0	3.301310E+2	6.766900E+1	1.410000E+0
2.306600E+1	7.227747E-1	2.470412E+0	3.301310E+2	6.766900E+1	1.410000E+0
2.307500E+1	7.227747E-1	2.470412E+0	3.301310E+2	6.766900E+1	1.410000E+0
2.315600E+1	7.227747E-1	2.470572E+0	3.301310E+2	6.766900E+1	1.410000E+0
2.316500E+1	7.227747E-1	2.470572E+0	3.301310E+2	6.766900E+1	1.410000E+0
2.327800E+1	7.227745E-1	2.470627E+0	3.301310E+2	6.766900E+1	1.410000E+0
2.328700E+1	7.227745E-1	2.470627E+0	3.301310E+2	6.766900E+1	1.410000E+0
2.336600E+1	7.282713E-1	2.495837E+0	3.301310E+2	6.766900E+1	1.410000E+0
2.337500E+1	7.282713E-1	2.495837E+0	3.301310E+2	6.766900E+1	1.410000E+0
2.345600E+1	7.282839E-1	2.495940E+0	3.301310E+2	6.766900E+1	1.410000E+0
2.346600E+1	7.282839E-1	2.495940E+0	3.301310E+2	6.766900E+1	1.410000E+0
2.354700E+1	7.282797E-1	2.496030E+0	3.301310E+2	6.766900E+1	1.410000E+0
2.355600E+1	7.282797E-1	2.496030E+0	3.301310E+2	6.766900E+1	1.410000E+0
2.364100E+1	7.338929E-1	2.521860E+0	3.301310E+2	6.766900E+1	1.410000E+0
2.366400E+1	7.338929E-1	2.521860E+0	3.301310E+2	6.766900E+1	1.410000E+0
2.374600E+1	7.391857E-1	2.546378E+0	3.301310E+2	6.766900E+1	1.410000E+0
2.375500E+1	7.391857E-1	2.546378E+0	3.301310E+2	6.766900E+1	1.410000E+0
2.383700E+1	7.391948E-1	2.546496E+0	3.301310E+2	6.766900E+1	1.410000E+0
2.384500E+1	7.391948E-1	2.546496E+0	3.301310E+2	6.766900E+1	1.410000E+0
2.392600E+1	7.479093E-1	2.587103E+0	3.301310E+2	6.766900E+1	1.410000E+0
2.393500E+1	7.479093E-1	2.587103E+0	3.301310E+2	6.766900E+1	1.410000E+0
2.401800E+1	7.502399E-1	2.598116E+0	3.301310E+2	6.766900E+1	1.410000E+0
2.402700E+1	7.502399E-1	2.598116E+0	3.301310E+2	6.766900E+1	1.410000E+0
2.413800E+1	7.502389E-1	2.598132E+0	3.301310E+2	6.766900E+1	1.410000E+0
2.414700E+1	7.502389E-1	2.598132E+0	3.301310E+2	6.766900E+1	1.410000E+0
2.422700E+1	7.502415E-1	2.598224E+0	3.301310E+2	6.766900E+1	1.410000E+0
2.423700E+1	7.502415E-1	2.598224E+0	3.301310E+2	6.766900E+1	1.410000E+0
2.431700E+1	7.612567E-1	2.650037E+0	3.301310E+2	6.766900E+1	1.410000E+0
2.432600E+1	7.612567E-1	2.650037E+0	3.301310E+2	6.766900E+1	1.410000E+0
2.440800E+1	7.612691E-1	2.650109E+0	3.301310E+2	6.766900E+1	1.410000E+0
2.441700E+1	7.612691E-1	2.650109E+0	3.301310E+2	6.766900E+1	1.410000E+0
2.449800E+1	7.612687E-1	2.650164E+0	3.301310E+2	6.766900E+1	1.410000E+0
2.450700E+1	7.612687E-1	2.650164E+0	3.301310E+2	6.766900E+1	1.410000E+0
2.461900E+1	7.722956E-1	2.702583E+0	3.301310E+2	6.766900E+1	1.410000E+0
2.463100E+1	7.722956E-1	2.702583E+0	3.301310E+2	6.766900E+1	1.410000E+0
2.471400E+1	7.722994E-1	2.702770E+0	3.301310E+2	6.766900E+1	1.410000E+0
2.472300E+1	7.722994E-1	2.702770E+0	3.301310E+2	6.766900E+1	1.410000E+0
2.480800E+1	7.722942E-1	2.702841E+0	3.301310E+2	6.766900E+1	1.410000E+0
2.481600E+1	7.722942E-1	2.702841E+0	3.301310E+2	6.766900E+1	1.410000E+0
2.489800E+1	7.766205E-1	2.723433E+0	3.301310E+2	6.766900E+1	1.410000E+0
2.490700E+1	7.766205E-1	2.723433E+0	3.301310E+2	6.766900E+1	1.410000E+0
2.498900E+1	7.778170E-1	2.729338E+0	3.301310E+2	6.766900E+1	1.410000E+0
2.499700E+1	7.778170E-1	2.729338E+0	3.301310E+2	6.766900E+1	1.410000E+0
2.511100E+1	7.778224E-1	2.729436E+0	3.301310E+2	6.766900E+1	1.410000E+0
2.511900E+1	7.778224E-1	2.729436E+0	3.301310E+2	6.766900E+1	1.410000E+0
2.519800E+1	7.778082E-1	2.729541E+0	3.301310E+2	6.766900E+1	1.410000E+0
2.520700E+1	7.778082E-1	2.729541E+0	3.301310E+2	6.766900E+1	1.410000E+0
2.528900E+1	7.863647E-1	2.770719E+0	3.301310E+2	6.766900E+1	1.410000E+0
2.529800E+1	7.863647E-1	2.770719E+0	3.301310E+2	6.766900E+1	1.410000E+0
2.537900E+1	7.888139E-1	2.782753E+0	3.301310E+2	6.766900E+1	1.410000E+0
2.538800E+1	7.888139E-1	2.782753E+0	3.301310E+2	6.766900E+1	1.410000E+0
2.546900E+1	7.888139E-1	2.782808E+0	3.301310E+2	6.766900E+1	1.410000E+0
2.547800E+1	7.888139E-1	2.782808E+0	3.301310E+2	6.766900E+1	1.410000E+0
2.559200E+1	7.998432E-1	2.836691E+0	3.301310E+2	6.766900E+1	1.410000E+0
2.560500E+1	7.998432E-1	2.836691E+0	3.301310E+2	6.766900E+1	1.410000E+0
2.568900E+1	7.998589E-1	2.836940E+0	3.301310E+2	6.766900E+1	1.410000E+0
2.569800E+1	7.998589E-1	2.836940E+0	3.301310E+2	6.766900E+1	1.410000E+0
2.578000E+1	7.998500E-1	2.836946E+0	3.301310E+2	6.766900E+1	1.410000E+0
2.578900E+1	7.998500E-1	2.836946E+0	3.301310E+2	6.766900E+1	1.410000E+0
2.586900E+1	8.079621E-1	2.877032E+0	3.301310E+2	6.766900E+1	1.410000E+0
2.587800E+1	8.079621E-1	2.877032E+0	3.301310E+2	6.766900E+1	1.410000E+0
2.595800E+1	8.108744E-1	2.891322E+0	3.301310E+2	6.766900E+1	1.410000E+0
2.596700E+1	8.108744E-1	2.891322E+0	3.301310E+2	6.766900E+1	1.410000E+0
2.608000E+1	8.108658E-1	2.891422E+0	3.301310E+2	6.766900E+1	1.410000E+0
2.608900E+1	8.108658E-1	2.891422E+0	3.301310E+2	6.766900E+1	1.410000E+0
2.617000E+1	8.193044E-1	2.933472E+0	3.301310E+2	6.766900E+1	1.410000E+0
2.617900E+1	8.193044E-1	2.933472E+0	3.301310E+2	6.766900E+1	1.410000E+0
2.626000E+1	8.218927E-1	2.946532E+0	3.301310E+2	6.766900E+1	1.410000E+0
2.626800E+1	8.218927E-1	2.946532E+0	3.301310E+2	6.766900E+1	1.410000E+0
2.634900E+1	8.218935E-1	2.946654E+0	3.301310E+2	6.766900E+1	1.410000E+0
2.635800E+1	8.218935E-1	2.946654E+0	3.301310E+2	6.766900E+1	1.410000E+0
2.644000E+1	8.218999E-1	2.946679E+0	3.301310E+2	6.766900E+1	1.410000E+0
2.644800E+1	8.218999E-1	2.946679E+0	3.301310E+2	6.766900E+1	1.410000E+0
2.656100E+1	8.328633E-1	3.002069E+0	3.301310E+2	6.766900E+1	1.410000E+0
2.657400E+1	8.328633E-1	3.002069E+0	3.301310E+2	6.766900E+1	1.410000E+0
2.665600E+1	8.328763E-1	3.002318E+0	3.301310E+2	6.766900E+1	1.410000E+0
2.666600E+1	8.328763E-1	3.002318E+0	3.301310E+2	6.766900E+1	1.410000E+0
2.675000E+1	8.328679E-1	3.002324E+0	3.301310E+2	6.766900E+1	1.410000E+0
2.675900E+1	8.328679E-1	3.002324E+0	3.301310E+2	6.766900E+1	1.410000E+0
2.684000E+1	8.372910E-1	3.024842E+0	3.301310E+2	6.766900E+1	1.410000E+0
2.684900E+1	8.372910E-1	3.024842E+0	3.301310E+2	6.766900E+1	1.410000E+0
2.693100E+1	8.383915E-1	3.030602E+0	3.301310E+2	6.766900E+1	1.410000E+0
2.694000E+1	8.383915E-1	3.030602E+0	3.301310E+2	6.766900E+1	1.410000E+0
2.705200E+1	8.383923E-1	3.030636E+0	3.301310E+2	6.766900E+1	1.410000E+0
2.706000E+1	8.383923E-1	3.030636E+0	3.301310E+2	6.766900E+1	1.410000E+0
2.714100E+1	8.461724E-1	3.070546E+0	3.301310E+2	6.766900E+1	1.410000E+0
2.714900E+1	8.461724E-1	3.070546E+0	3.301310E+2	6.766900E+1	1.410000E+0
2.723000E+1	8.494122E-1	3.087519E+0	3.301310E+2	6.766900E+1	1.410000E+0
2.724000E+1	8.494122E-1	3.087519E+0	3.301310E+2	6.766900E+1	1.410000E+0
2.732200E+1	8.494132E-1	3.087645E+0	3.301310E+2	6.766900E+1	1.410000E+0
2.733100E+1	8.494132E-1	3.087645E+0	3.301310E+2	6.766900E+1	1.410000E+0
2.741200E+1	8.494134E-1	3.087667E+0	3.301310E+2	6.766900E+1	1.410000E+0
2.742100E+1	8.494134E-1	3.087667E+0	3.301310E+2	6.766900E+1	1.410000E+0
2.753300E+1	8.604506E-1	3.145031E+0	3.301310E+2	6.766900E+1	1.410000E+0
2.754200E+1	8.604506E-1	3.145031E+0	3.301310E+2	6.766900E+1	1.410000E+0
2.762200E+1	8.604482E-1	3.145234E+0	3.301310E+2	6.766900E+1	1.410000E+0
2.763400E+1	8.604482E-1	3.145234E+0	3.301310E+2	6.766900E+1	1.410000E+0
2.771800E+1	8.604510E-1	3.145248E+0	3.301310E+2	6.766900E+1	1.410000E+0
2.772700E+1	8.604510E-1	3.145248E+0	3.301310E+2	6.766900E+1	1.410000E+0
2.781200E+1	8.714336E-1	3.203121E+0	3.301310E+2	6.766900E+1	1.410000E+0
2.782100E+1	8.714336E-1	3.203121E+0	3.301310E+2	6.766900E+1	1.410000E+0
2.790300E+1	8.714455E-1	3.203331E+0	3.301310E+2	6.766900E+1	1.410000E+0
2.791200E+1	8.714455E-1	3.203331E+0	3.301310E+2	6.766900E+1	1.410000E+0
2.802400E+1	8.714465E-1	3.203422E+0	3.301310E+2	6.766900E+1	1.410000E+0
2.803400E+1	8.714465E-1	3.203422E+0	3.301310E+2	6.766900E+1	1.410000E+0
2.811200E+1	8.787812E-1	3.242367E+0	3.301310E+2	6.766900E+1	1.410000E+0
2.812100E+1	8.787812E-1	3.242367E+0	3.301310E+2	6.766900E+1	1.410000E+0
2.820300E+1	8.824708E-1	3.262462E+0	3.301310E+2	6.766900E+1	1.410000E+0
2.821100E+1	8.824708E-1	3.262462E+0	3.301310E+2	6.766900E+1	1.410000E+0
2.829200E+1	8.824730E-1	3.262516E+0	3.301310E+2	6.766900E+1	1.410000E+0
2.830100E+1	8.824730E-1	3.262516E+0	3.301310E+2	6.766900E+1	1.410000E+0
2.838200E+1	8.824732E-1	3.262508E+0	3.301310E+2	6.766900E+1	1.410000E+0
2.839100E+1	8.824732E-1	3.262508E+0	3.301310E+2	6.766900E+1	1.410000E+0
2.850300E+1	8.879966E-1	3.292280E+0	3.301310E+2	6.766900E+1	1.410000E+0
2.851300E+1	8.879966E-1	3.292280E+0	3.301310E+2	6.766900E+1	1.410000E+0
2.859300E+1	8.880008E-1	3.292448E+0	3.301310E+2	6.766900E+1	1.410000E+0
2.860500E+1	8.880008E-1	3.292448E+0	3.301310E+2	6.766900E+1	1.410000E+0
2.869000E+1	8.879886E-1	3.292493E+0	3.301310E+2	6.766900E+1	1.410000E+0
2.869900E+1	8.879886E-1	3.292493E+0	3.301310E+2	6.766900E+1	1.410000E+0
2.878300E+1	8.990083E-1	3.352345E+0	3.301310E+2	6.766900E+1	1.410000E+0
2.879200E+1	8.990083E-1	3.352345E+0	3.301310E+2	6.766900E+1	1.410000E+0
2.887200E+1	8.990139E-1	3.352549E+0	3.301310E+2	6.766900E+1	1.410000E+0
2.888200E+1	8.990139E-1	3.352549E+0	3.301310E+2	6.766900E+1	1.410000E+0
2.899400E+1	8.990063E-1	3.352785E+0	3.301310E+2	6.766900E+1	1.410000E+0
2.900300E+1	8.990063E-1	3.352785E+0	3.301310E+2	6.766900E+1	1.410000E+0
2.908400E+1	9.073551E-1	3.398727E+0	3.301310E+2	6.766900E+1	1.410000E+0
2.909300E+1	9.073551E-1	3.398727E+0	3.301310E+2	6.766900E+1	1.410000E+0
2.917400E+1	9.100499E-1	3.413738E+0	3.301310E+2	6.766900E+1	1.410000E+0
2.918300E+1	9.100499E-1	3.413738E+0	3.301310E+2	6.766900E+1	1.410000E+0
2.926400E+1	9.100507E-1	3.413809E+0	3.301310E+2	6.766900E+1	1.410000E+0
2.927300E+1	9.100507E-1	3.413809E+0	3.301310E+2	6.766900E+1	1.410000E+0
2.935400E+1	9.184522E-1	3.460604E+0	3.301310E+2	6.766900E+1	1.410000E+0
2.936300E+1	9.184522E-1	3.460604E+0	3.301310E+2	6.766900E+1	1.410000E+0
2.947500E+1	9.209974E-1	3.474933E+0	3.301310E+2	6.766900E+1	1.410000E+0
2.948400E+1	9.209974E-1	3.474933E+0	3.301310E+2	6.766900E+1	1.410000E+0
2.956400E+1	9.209836E-1	3.474961E+0	3.301310E+2	6.766900E+1	1.410000E+0
2.957700E+1	9.209836E-1	3.474961E+0	3.301310E+2	6.766900E+1	1.410000E+0
2.966100E+1	9.210038E-1	3.474998E+0	3.301310E+2	6.766900E+1	1.410000E+0
2.966900E+1	9.210038E-1	3.474998E+0	3.301310E+2	6.766900E+1	1.410000E+0
2.975400E+1	9.320177E-1	3.537273E+0	3.301310E+2	6.766900E+1	1.410000E+0
2.976300E+1	9.320177E-1	3.537273E+0	3.301310E+2	6.766900E+1	1.410000E+0
2.984500E+1	9.320171E-1	3.537519E+0	3.301310E+2	6.766900E+1	1.410000E+0
2.985400E+1	9.320171E-1	3.537519E+0	3.301310E+2	6.766900E+1	1.410000E+0
2.996600E+1	9.320113E-1	3.537453E+0	3.301310E+2	6.766900E+1	1.410000E+0
2.997400E+1	9.320113E-1	3.537453E+0	3.301310E+2	6.766900E+1	1.410000E+0
3.005500E+1	9.406148E-1	3.586725E+0	3.301310E+2	6.766900E+1	1.410000E+0
3.006400E+1	9.406148E-1	3.586725E+0	3.301310E+2	6.766900E+1	1.410000E+0
3.014400E+1	9.430298E-1	3.600726E+0	3.301310E+2	6.766900E+1	1.410000E+0
3.015300E+1	9.430298E-1	3.600726E+0	3.301310E+2	6.766900E+1	1.410000E+0
3.023500E+1	9.430353E-1	3.600895E+0	3.301310E+2	6.766900E+1	1.410000E+0
3.024400E+1	9.430353E-1	3.600895E+0	3.301310E+2	6.766900E+1	1.410000E+0
3.032500E+1	9.475819E-1	3.627045E+0	3.301310E+2	6.766900E+1	1.410000E+0
3.033400E+1	9.475819E-1	3.627045E+0	3.301310E+2	6.766900E+1	1.410000E+0
3.044500E+1	9.485402E-1	3.632753E+0	3.301310E+2	6.766900E+1	1.410000E+0
3.045400E+1	9.485402E-1	3.632753E+0	3.301310E+2	6.766900E+1	1.410000E+0
3.053600E+1	9.485380E-1	3.632753E+0	3.301310E+2	6.766900E+1	1.410000E+0
3.054500E+1	9.485380E-1	3.632753E+0	3.301310E+2	6.766900E+1	1.410000E+0
3.062500E+1	9.485358E-1	3.632863E+0	3.301310E+2	6.766900E+1	1.410000E+0
3.063800E+1	9.485358E-1	3.632863E+0	3.301310E+2	6.766900E+1	1.410000E+0
3.072200E+1	9.595335E-1	3.697223E+0	3.301310E+2	6.766900E+1	1.410000E+0
3.073000E+1	9.595335E-1	3.697223E+0	3.301310E+2	6.766900E+1	1.410000E+0
3.081500E+1	9.595365E-1	3.697492E+0	3.301310E+2	6.766900E+1	1.410000E+0
3.082400E+1	9.595365E-1	3.697492E+0	3.301310E+2	6.766900E+1	1.410000E+0
3.093900E+1	9.595339E-1	3.697669E+0	3.301310E+2	6.766900E+1	1.410000E+0
3.094800E+1	9.595339E-1	3.697669E+0	3.301310E+2	6.766900E+1	1.410000E+0
3.103200E+1	9.705600E-1	3.762786E+0	3.301310E+2	6.766900E+1	1.410000E+0
3.104200E+1	9.705600E-1	3.762786E+0	3.301310E+2	6.766900E+1	1.410000E+0
3.112200E+1	9.705707E-1	3.762782E+0	3.301310E+2	6.766900E+1	1.410000E+0
3.113200E+1	9.705707E-1	3.762782E+0	3.301310E+2	6.766900E+1	1.410000E+0
3.121600E+1	9.705751E-1	3.762835E+0	3.301310E+2	6.766900E+1	1.410000E+0
3.122500E+1	9.705751E-1	3.762835E+0	3.301310E+2	6.766900E+1	1.410000E+0
3.130600E+1	9.794594E-1	3.815871E+0	3.301310E+2	6.766900E+1	1.410000E+0
3.131500E+1	9.794594E-1	3.815871E+0	3.301310E+2	6.766900E+1	1.410000E+0
3.142700E+1	9.815758E-1	3.829190E+0	3.301310E+2	6.766900E+1	1.410000E+0
3.143600E+1	9.815758E-1	3.829190E+0	3.301310E+2	6.766900E+1	1.410000E+0
3.151600E+1	9.815816E-1	3.829278E+0	3.301310E+2	6.766900E+1	1.410000E+0
3.152500E+1	9.815816E-1	3.829278E+0	3.301310E+2	6.766900E+1	1.410000E+0
3.160600E+1	9.815916E-1	3.829338E+0	3.301310E+2	6.766900E+1	1.410000E+0
3.162000E+1	9.815916E-1	3.829338E+0	3.301310E+2	6.766900E+1	1.410000E+0
3.170300E+1	9.926147E-1	3.896178E+0	3.301310E+2	6.766900E+1	1.410000E+0
3.171200E+1	9.926147E-1	3.896178E+0	3.301310E+2	6.766900E+1	1.410000E+0
3.179500E+1	9.926279E-1	3.895850E+0	3.301310E+2	6.766900E+1	1.410000E+0
3.180500E+1	9.926279E-1	3.895850E+0	3.301310E+2	6.766900E+1	1.410000E+0
3.191700E+1	9.926237E-1	3.894259E+0	3.301310E+2	6.766900E+1	1.410000E+0
3.192600E+1	9.926237E-1	3.894259E+0	3.301310E+2	6.766900E+1	1.410000E+0
3.200700E+1	9.981389E-1	3.927748E+0	3.301310E+2	6.766900E+1	1.410000E+0
