Sample;s2(i2)
V-V length(cm);1.000000
Field (T);15.067544
Temp (K);4.200000
Angle (deg.);0.000000
Field(T)_memo;15.000000
Time(sec.)	Current(A)	Voltage(uV)	Temp.1(K)	Temp.2(K)	Temp.3(K)
0.000000E+0	6.911214E-4	9.038559E-6	3.301310E+2	6.766900E+1	1.410000E+0
6.200000E-2	6.895175E-4	-5.523564E-6	3.301310E+2	6.766900E+1	1.410000E+0
7.100000E-2	6.895175E-4	-5.523564E-6	3.301310E+2	6.766900E+1	1.410000E+0
1.560000E-1	6.945296E-4	6.025706E-6	3.301310E+2	6.766900E+1	1.410000E+0
1.650000E-1	6.945296E-4	6.025706E-6	3.301310E+2	6.766900E+1	1.410000E+0
2.460000E-1	7.031505E-4	-1.205141E-5	3.301310E+2	6.766900E+1	1.410000E+0
2.550000E-1	7.031505E-4	-1.205141E-5	3.301310E+2	6.766900E+1	1.410000E+0
3.700000E-1	7.003442E-4	1.606828E-5	3.301310E+2	6.766900E+1	1.410000E+0
3.820000E-1	7.003442E-4	1.606828E-5	3.301310E+2	6.766900E+1	1.410000E+0
4.660000E-1	1.170800E-2	-1.757526E-5	3.301310E+2	6.766900E+1	1.410000E+0
4.750000E-1	1.170800E-2	-1.757526E-5	3.301310E+2	6.766900E+1	1.410000E+0
5.560000E-1	1.170800E-2	-1.857954E-5	3.301310E+2	6.766900E+1	1.410000E+0
5.650000E-1	1.170800E-2	-1.857954E-5	3.301310E+2	6.766900E+1	1.410000E+0
6.470000E-1	1.170560E-2	-1.004312E-5	3.301310E+2	6.766900E+1	1.410000E+0
6.550000E-1	1.170560E-2	-1.004312E-5	3.301310E+2	6.766900E+1	1.410000E+0
7.360000E-1	1.172003E-2	2.510433E-6	3.301310E+2	6.766900E+1	1.410000E+0
7.450000E-1	1.172003E-2	2.510433E-6	3.301310E+2	6.766900E+1	1.410000E+0
8.560000E-1	1.170600E-2	2.410255E-5	3.301310E+2	6.766900E+1	1.410000E+0
8.650000E-1	1.170600E-2	2.410255E-5	3.301310E+2	6.766900E+1	1.410000E+0
9.460000E-1	1.169998E-2	1.405971E-5	3.301310E+2	6.766900E+1	1.410000E+0
9.550000E-1	1.169998E-2	1.405971E-5	3.301310E+2	6.766900E+1	1.410000E+0
1.037000E+0	2.069757E-2	1.576724E-4	3.301310E+2	6.766900E+1	1.410000E+0
1.046000E+0	2.069757E-2	1.576724E-4	3.301310E+2	6.766900E+1	1.410000E+0
1.127000E+0	2.274934E-2	-1.506455E-5	3.301310E+2	6.766900E+1	1.410000E+0
1.136000E+0	2.274934E-2	-1.506455E-5	3.301310E+2	6.766900E+1	1.410000E+0
1.218000E+0	2.274633E-2	1.958327E-5	3.301310E+2	6.766900E+1	1.410000E+0
1.227000E+0	2.274633E-2	1.958327E-5	3.301310E+2	6.766900E+1	1.410000E+0
1.338000E+0	2.274914E-2	7.029714E-6	3.301310E+2	6.766900E+1	1.410000E+0
1.351000E+0	2.274914E-2	7.029714E-6	3.301310E+2	6.766900E+1	1.410000E+0
1.437000E+0	2.273671E-2	1.707256E-5	3.301310E+2	6.766900E+1	1.410000E+0
1.445000E+0	2.273671E-2	1.707256E-5	3.301310E+2	6.766900E+1	1.410000E+0
1.527000E+0	2.274172E-2	1.405971E-5	3.301310E+2	6.766900E+1	1.410000E+0
1.537000E+0	2.274172E-2	1.405971E-5	3.301310E+2	6.766900E+1	1.410000E+0
1.617000E+0	2.273470E-2	-1.707312E-5	3.301310E+2	6.766900E+1	1.410000E+0
1.626000E+0	2.273470E-2	-1.707312E-5	3.301310E+2	6.766900E+1	1.410000E+0
1.708000E+0	2.825628E-2	1.807684E-5	3.301310E+2	6.766900E+1	1.410000E+0
1.717000E+0	2.825628E-2	1.807684E-5	3.301310E+2	6.766900E+1	1.410000E+0
1.828000E+0	2.827091E-2	2.008541E-5	3.301310E+2	6.766900E+1	1.410000E+0
1.837000E+0	2.827091E-2	2.008541E-5	3.301310E+2	6.766900E+1	1.410000E+0
1.918000E+0	2.827472E-2	-2.812025E-5	3.301310E+2	6.766900E+1	1.410000E+0
1.928000E+0	2.827472E-2	-2.812025E-5	3.301310E+2	6.766900E+1	1.410000E+0
2.008000E+0	2.825648E-2	1.305542E-5	3.301310E+2	6.766900E+1	1.410000E+0
2.018000E+0	2.825648E-2	1.305542E-5	3.301310E+2	6.766900E+1	1.410000E+0
2.098000E+0	2.824625E-2	2.811969E-5	3.301310E+2	6.766900E+1	1.410000E+0
2.107000E+0	2.824625E-2	2.811969E-5	3.301310E+2	6.766900E+1	1.410000E+0
2.188000E+0	2.826409E-2	-8.536698E-6	3.301310E+2	6.766900E+1	1.410000E+0
2.197000E+0	2.826409E-2	-8.536698E-6	3.301310E+2	6.766900E+1	1.410000E+0
2.308000E+0	2.826129E-2	2.209398E-5	3.301310E+2	6.766900E+1	1.410000E+0
2.322000E+0	2.826129E-2	2.209398E-5	3.301310E+2	6.766900E+1	1.410000E+0
2.408000E+0	3.920178E-2	-1.807740E-5	3.301310E+2	6.766900E+1	1.410000E+0
2.417000E+0	3.920178E-2	-1.807740E-5	3.301310E+2	6.766900E+1	1.410000E+0
2.498000E+0	3.919577E-2	3.514718E-6	3.301310E+2	6.766900E+1	1.410000E+0
2.507000E+0	3.919577E-2	3.514718E-6	3.301310E+2	6.766900E+1	1.410000E+0
2.588000E+0	3.920158E-2	9.540425E-6	3.301310E+2	6.766900E+1	1.410000E+0
2.597000E+0	3.920158E-2	9.540425E-6	3.301310E+2	6.766900E+1	1.410000E+0
2.679000E+0	3.919617E-2	-7.030271E-6	3.301310E+2	6.766900E+1	1.410000E+0
2.687000E+0	3.919617E-2	-7.030271E-6	3.301310E+2	6.766900E+1	1.410000E+0
2.799000E+0	3.920198E-2	2.159184E-5	3.301310E+2	6.766900E+1	1.410000E+0
2.808000E+0	3.920198E-2	2.159184E-5	3.301310E+2	6.766900E+1	1.410000E+0
2.888000E+0	3.919637E-2	1.606828E-5	3.301310E+2	6.766900E+1	1.410000E+0
2.897000E+0	3.919637E-2	1.606828E-5	3.301310E+2	6.766900E+1	1.410000E+0
2.977000E+0	4.639701E-2	1.451188E-4	3.301310E+2	6.766900E+1	1.410000E+0
2.986000E+0	4.639701E-2	1.451188E-4	3.301310E+2	6.766900E+1	1.410000E+0
3.069000E+0	5.023831E-2	-2.786015E-10	3.301310E+2	6.766900E+1	1.410000E+0
3.078000E+0	5.023831E-2	-2.786015E-10	3.301310E+2	6.766900E+1	1.410000E+0
3.159000E+0	5.025154E-2	-4.519559E-6	3.301310E+2	6.766900E+1	1.410000E+0
3.168000E+0	5.025154E-2	-4.519559E-6	3.301310E+2	6.766900E+1	1.410000E+0
3.279000E+0	5.024954E-2	2.008541E-5	3.301310E+2	6.766900E+1	1.410000E+0
3.288000E+0	5.024954E-2	2.008541E-5	3.301310E+2	6.766900E+1	1.410000E+0
3.368000E+0	5.024553E-2	-7.030271E-6	3.301310E+2	6.766900E+1	1.410000E+0
3.382000E+0	5.024553E-2	-7.030271E-6	3.301310E+2	6.766900E+1	1.410000E+0
3.466000E+0	5.023450E-2	-1.154955E-5	3.301310E+2	6.766900E+1	1.410000E+0
3.475000E+0	5.023450E-2	-1.154955E-5	3.301310E+2	6.766900E+1	1.410000E+0
3.559000E+0	5.024693E-2	-2.008848E-6	3.301310E+2	6.766900E+1	1.410000E+0
3.568000E+0	5.024693E-2	-2.008848E-6	3.301310E+2	6.766900E+1	1.410000E+0
3.649000E+0	6.125759E-2	9.038283E-6	3.301310E+2	6.766900E+1	1.410000E+0
3.657000E+0	6.125759E-2	9.038283E-6	3.301310E+2	6.766900E+1	1.410000E+0
3.770000E+0	6.125799E-2	1.405971E-5	3.301310E+2	6.766900E+1	1.410000E+0
3.779000E+0	6.125799E-2	1.405971E-5	3.301310E+2	6.766900E+1	1.410000E+0
3.859000E+0	6.126140E-2	1.606828E-5	3.301310E+2	6.766900E+1	1.410000E+0
3.868000E+0	6.126140E-2	1.606828E-5	3.301310E+2	6.766900E+1	1.410000E+0
3.949000E+0	6.125980E-2	3.012575E-6	3.301310E+2	6.766900E+1	1.410000E+0
3.958000E+0	6.125980E-2	3.012575E-6	3.301310E+2	6.766900E+1	1.410000E+0
4.039000E+0	6.125358E-2	-1.556669E-5	3.301310E+2	6.766900E+1	1.410000E+0
4.047000E+0	6.125358E-2	-1.556669E-5	3.301310E+2	6.766900E+1	1.410000E+0
4.129000E+0	6.124617E-2	5.018637E-7	3.301310E+2	6.766900E+1	1.410000E+0
4.138000E+0	6.124617E-2	5.018637E-7	3.301310E+2	6.766900E+1	1.410000E+0
4.252000E+0	6.937445E-2	1.712302E-4	3.301310E+2	6.766900E+1	1.410000E+0
4.261000E+0	6.937445E-2	1.712302E-4	3.301310E+2	6.766900E+1	1.410000E+0
4.339000E+0	7.229733E-2	-7.281091E-5	3.301310E+2	6.766900E+1	1.410000E+0
4.351000E+0	7.229733E-2	-7.281091E-5	3.301310E+2	6.766900E+1	1.410000E+0
4.436000E+0	7.229171E-2	3.012826E-5	3.301310E+2	6.766900E+1	1.410000E+0
4.445000E+0	7.229171E-2	3.012826E-5	3.301310E+2	6.766900E+1	1.410000E+0
4.529000E+0	7.229913E-2	2.450452E-4	3.301310E+2	6.766900E+1	1.410000E+0
4.538000E+0	7.229913E-2	2.450452E-4	3.301310E+2	6.766900E+1	1.410000E+0
4.619000E+0	7.229252E-2	-2.912453E-5	3.301310E+2	6.766900E+1	1.410000E+0
4.628000E+0	7.229252E-2	-2.912453E-5	3.301310E+2	6.766900E+1	1.410000E+0
4.743000E+0	7.228069E-2	3.464754E-5	3.301310E+2	6.766900E+1	1.410000E+0
4.752000E+0	7.228069E-2	3.464754E-5	3.301310E+2	6.766900E+1	1.410000E+0
4.836000E+0	7.228871E-2	4.017111E-5	3.301310E+2	6.766900E+1	1.410000E+0
4.845000E+0	7.228871E-2	4.017111E-5	3.301310E+2	6.766900E+1	1.410000E+0
4.930000E+0	7.718857E-2	8.988319E-5	3.301310E+2	6.766900E+1	1.410000E+0
4.939000E+0	7.718857E-2	8.988319E-5	3.301310E+2	6.766900E+1	1.410000E+0
5.020000E+0	7.776096E-2	1.305542E-5	3.301310E+2	6.766900E+1	1.410000E+0
5.029000E+0	7.776096E-2	1.305542E-5	3.301310E+2	6.766900E+1	1.410000E+0
5.110000E+0	7.775354E-2	8.536141E-6	3.301310E+2	6.766900E+1	1.410000E+0
5.119000E+0	7.775354E-2	8.536141E-6	3.301310E+2	6.766900E+1	1.410000E+0
5.231000E+0	7.774993E-2	1.757470E-5	3.301310E+2	6.766900E+1	1.410000E+0
5.240000E+0	7.774993E-2	1.757470E-5	3.301310E+2	6.766900E+1	1.410000E+0
5.321000E+0	7.774893E-2	1.004257E-5	3.301310E+2	6.766900E+1	1.410000E+0
5.333000E+0	7.774893E-2	1.004257E-5	3.301310E+2	6.766900E+1	1.410000E+0
5.416000E+0	7.775414E-2	3.163469E-5	3.301310E+2	6.766900E+1	1.410000E+0
5.424000E+0	7.775414E-2	3.163469E-5	3.301310E+2	6.766900E+1	1.410000E+0
5.510000E+0	7.775595E-2	-8.536698E-6	3.301310E+2	6.766900E+1	1.410000E+0
5.519000E+0	7.775595E-2	-8.536698E-6	3.301310E+2	6.766900E+1	1.410000E+0
5.601000E+0	8.880110E-2	5.774609E-5	3.301310E+2	6.766900E+1	1.410000E+0
5.609000E+0	8.880110E-2	5.774609E-5	3.301310E+2	6.766900E+1	1.410000E+0
5.721000E+0	8.879729E-2	-7.030271E-6	3.301310E+2	6.766900E+1	1.410000E+0
5.730000E+0	8.879729E-2	-7.030271E-6	3.301310E+2	6.766900E+1	1.410000E+0
5.811000E+0	8.879288E-2	1.305542E-5	3.301310E+2	6.766900E+1	1.410000E+0
5.820000E+0	8.879288E-2	1.305542E-5	3.301310E+2	6.766900E+1	1.410000E+0
5.900000E+0	8.879267E-2	-5.523844E-6	3.301310E+2	6.766900E+1	1.410000E+0
5.909000E+0	8.879267E-2	-5.523844E-6	3.301310E+2	6.766900E+1	1.410000E+0
5.991000E+0	8.879668E-2	-1.657097E-5	3.301310E+2	6.766900E+1	1.410000E+0
6.000000E+0	8.879668E-2	-1.657097E-5	3.301310E+2	6.766900E+1	1.410000E+0
6.081000E+0	8.878325E-2	-2.510990E-6	3.301310E+2	6.766900E+1	1.410000E+0
6.090000E+0	8.878325E-2	-2.510990E-6	3.301310E+2	6.766900E+1	1.410000E+0
6.201000E+0	9.740553E-2	1.571703E-4	3.301310E+2	6.766900E+1	1.410000E+0
6.210000E+0	9.740553E-2	1.571703E-4	3.301310E+2	6.766900E+1	1.410000E+0
6.291000E+0	9.979933E-2	3.113254E-5	3.301310E+2	6.766900E+1	1.410000E+0
6.300000E+0	9.979933E-2	3.113254E-5	3.301310E+2	6.766900E+1	1.410000E+0
6.381000E+0	9.979492E-2	1.506148E-6	3.301310E+2	6.766900E+1	1.410000E+0
6.394000E+0	9.979492E-2	1.506148E-6	3.301310E+2	6.766900E+1	1.410000E+0
6.477000E+0	9.979973E-2	-3.013132E-6	3.301310E+2	6.766900E+1	1.410000E+0
6.485000E+0	9.979973E-2	-3.013132E-6	3.301310E+2	6.766900E+1	1.410000E+0
6.571000E+0	9.979953E-2	-2.786015E-10	3.301310E+2	6.766900E+1	1.410000E+0
6.580000E+0	9.979953E-2	-2.786015E-10	3.301310E+2	6.766900E+1	1.410000E+0
6.692000E+0	9.979231E-2	-4.519559E-6	3.301310E+2	6.766900E+1	1.410000E+0
6.701000E+0	9.979231E-2	-4.519559E-6	3.301310E+2	6.766900E+1	1.410000E+0
6.782000E+0	9.979051E-2	8.033998E-6	3.301310E+2	6.766900E+1	1.410000E+0
6.791000E+0	9.979051E-2	8.033998E-6	3.301310E+2	6.766900E+1	1.410000E+0
6.871000E+0	1.108152E-1	3.364326E-5	3.301310E+2	6.766900E+1	1.410000E+0
6.880000E+0	1.108152E-1	3.364326E-5	3.301310E+2	6.766900E+1	1.410000E+0
6.962000E+0	1.108248E-1	8.536141E-6	3.301310E+2	6.766900E+1	1.410000E+0
6.971000E+0	1.108248E-1	8.536141E-6	3.301310E+2	6.766900E+1	1.410000E+0
7.052000E+0	1.108276E-1	4.519002E-6	3.301310E+2	6.766900E+1	1.410000E+0
7.061000E+0	1.108276E-1	4.519002E-6	3.301310E+2	6.766900E+1	1.410000E+0
7.174000E+0	1.108304E-1	-5.021702E-6	3.301310E+2	6.766900E+1	1.410000E+0
7.183000E+0	1.108304E-1	-5.021702E-6	3.301310E+2	6.766900E+1	1.410000E+0
7.261000E+0	1.108359E-1	-1.556669E-5	3.301310E+2	6.766900E+1	1.410000E+0
7.270000E+0	1.108359E-1	-1.556669E-5	3.301310E+2	6.766900E+1	1.410000E+0
7.352000E+0	1.108274E-1	5.523287E-6	3.301310E+2	6.766900E+1	1.410000E+0
7.365000E+0	1.108274E-1	5.523287E-6	3.301310E+2	6.766900E+1	1.410000E+0
7.448000E+0	1.195622E-1	5.272466E-5	3.301310E+2	6.766900E+1	1.410000E+0
7.457000E+0	1.195622E-1	5.272466E-5	3.301310E+2	6.766900E+1	1.410000E+0
7.542000E+0	1.217964E-1	-1.506706E-6	3.301310E+2	6.766900E+1	1.410000E+0
7.552000E+0	1.217964E-1	-1.506706E-6	3.301310E+2	6.766900E+1	1.410000E+0
7.663000E+0	1.217986E-1	1.506399E-5	3.301310E+2	6.766900E+1	1.410000E+0
7.672000E+0	1.217986E-1	1.506399E-5	3.301310E+2	6.766900E+1	1.410000E+0
7.753000E+0	1.217956E-1	-1.757526E-5	3.301310E+2	6.766900E+1	1.410000E+0
7.762000E+0	1.217956E-1	-1.757526E-5	3.301310E+2	6.766900E+1	1.410000E+0
7.842000E+0	1.217958E-1	-2.510990E-6	3.301310E+2	6.766900E+1	1.410000E+0
7.851000E+0	1.217958E-1	-2.510990E-6	3.301310E+2	6.766900E+1	1.410000E+0
7.932000E+0	1.218016E-1	2.008291E-6	3.301310E+2	6.766900E+1	1.410000E+0
7.942000E+0	1.218016E-1	2.008291E-6	3.301310E+2	6.766900E+1	1.410000E+0
8.021000E+0	1.217912E-1	2.209398E-5	3.301310E+2	6.766900E+1	1.410000E+0
8.030000E+0	1.217912E-1	2.209398E-5	3.301310E+2	6.766900E+1	1.410000E+0
8.143000E+0	1.311055E-1	1.657067E-4	3.301310E+2	6.766900E+1	1.410000E+0
8.153000E+0	1.311055E-1	1.657067E-4	3.301310E+2	6.766900E+1	1.410000E+0
8.232000E+0	1.328369E-1	1.004257E-5	3.301310E+2	6.766900E+1	1.410000E+0
8.241000E+0	1.328369E-1	1.004257E-5	3.301310E+2	6.766900E+1	1.410000E+0
8.323000E+0	1.328496E-1	4.016860E-6	3.301310E+2	6.766900E+1	1.410000E+0
8.336000E+0	1.328496E-1	4.016860E-6	3.301310E+2	6.766900E+1	1.410000E+0
8.418000E+0	1.328458E-1	1.757470E-5	3.301310E+2	6.766900E+1	1.410000E+0
8.427000E+0	1.328458E-1	1.757470E-5	3.301310E+2	6.766900E+1	1.410000E+0
8.513000E+0	1.328436E-1	2.560898E-5	3.301310E+2	6.766900E+1	1.410000E+0
8.522000E+0	1.328436E-1	2.560898E-5	3.301310E+2	6.766900E+1	1.410000E+0
8.633000E+0	1.328554E-1	3.766039E-5	3.301310E+2	6.766900E+1	1.410000E+0
8.642000E+0	1.328554E-1	3.766039E-5	3.301310E+2	6.766900E+1	1.410000E+0
8.723000E+0	1.328564E-1	3.665611E-5	3.301310E+2	6.766900E+1	1.410000E+0
8.732000E+0	1.328564E-1	3.665611E-5	3.301310E+2	6.766900E+1	1.410000E+0
8.813000E+0	1.383780E-1	1.807684E-5	3.301310E+2	6.766900E+1	1.410000E+0
8.822000E+0	1.383780E-1	1.807684E-5	3.301310E+2	6.766900E+1	1.410000E+0
8.903000E+0	1.383701E-1	2.410255E-5	3.301310E+2	6.766900E+1	1.410000E+0
8.912000E+0	1.383701E-1	2.410255E-5	3.301310E+2	6.766900E+1	1.410000E+0
8.993000E+0	1.383772E-1	6.527571E-6	3.301310E+2	6.766900E+1	1.410000E+0
9.001000E+0	1.383772E-1	6.527571E-6	3.301310E+2	6.766900E+1	1.410000E+0
9.113000E+0	1.383673E-1	3.916682E-5	3.301310E+2	6.766900E+1	1.410000E+0
9.122000E+0	1.383673E-1	3.916682E-5	3.301310E+2	6.766900E+1	1.410000E+0
9.203000E+0	1.383653E-1	5.875037E-5	3.301310E+2	6.766900E+1	1.410000E+0
9.211000E+0	1.383653E-1	5.875037E-5	3.301310E+2	6.766900E+1	1.410000E+0
9.293000E+0	1.383667E-1	3.816254E-5	3.301310E+2	6.766900E+1	1.410000E+0
9.302000E+0	1.383667E-1	3.816254E-5	3.301310E+2	6.766900E+1	1.410000E+0
9.383000E+0	1.469333E-1	2.083888E-4	3.301310E+2	6.766900E+1	1.410000E+0
9.396000E+0	1.469333E-1	2.083888E-4	3.301310E+2	6.766900E+1	1.410000E+0
9.480000E+0	1.494147E-1	8.084463E-5	3.301310E+2	6.766900E+1	1.410000E+0
9.489000E+0	1.494147E-1	8.084463E-5	3.301310E+2	6.766900E+1	1.410000E+0
9.605000E+0	1.494014E-1	6.377179E-5	3.301310E+2	6.766900E+1	1.410000E+0
9.614000E+0	1.494014E-1	6.377179E-5	3.301310E+2	6.766900E+1	1.410000E+0
9.693000E+0	1.493990E-1	8.837677E-5	3.301310E+2	6.766900E+1	1.410000E+0
9.702000E+0	1.493990E-1	8.837677E-5	3.301310E+2	6.766900E+1	1.410000E+0
9.783000E+0	1.494083E-1	7.632535E-5	3.301310E+2	6.766900E+1	1.410000E+0
9.793000E+0	1.494083E-1	7.632535E-5	3.301310E+2	6.766900E+1	1.410000E+0
9.874000E+0	1.494039E-1	5.875037E-5	3.301310E+2	6.766900E+1	1.410000E+0
9.883000E+0	1.494039E-1	5.875037E-5	3.301310E+2	6.766900E+1	1.410000E+0
9.963000E+0	1.493994E-1	1.054496E-4	3.301310E+2	6.766900E+1	1.410000E+0
9.972000E+0	1.493994E-1	1.054496E-4	3.301310E+2	6.766900E+1	1.410000E+0
1.008800E+1	1.604328E-1	1.958351E-4	3.301310E+2	6.766900E+1	1.410000E+0
1.009700E+1	1.604328E-1	1.958351E-4	3.301310E+2	6.766900E+1	1.410000E+0
1.018000E+1	1.604352E-1	2.194358E-4	3.301310E+2	6.766900E+1	1.410000E+0
1.018800E+1	1.604352E-1	2.194358E-4	3.301310E+2	6.766900E+1	1.410000E+0
1.027400E+1	1.604360E-1	1.903115E-4	3.301310E+2	6.766900E+1	1.410000E+0
1.028200E+1	1.604360E-1	1.903115E-4	3.301310E+2	6.766900E+1	1.410000E+0
1.036400E+1	1.604474E-1	1.908137E-4	3.301310E+2	6.766900E+1	1.410000E+0
1.037600E+1	1.604474E-1	1.908137E-4	3.301310E+2	6.766900E+1	1.410000E+0
1.045900E+1	1.604388E-1	2.139122E-4	3.301310E+2	6.766900E+1	1.410000E+0
1.046800E+1	1.604388E-1	2.139122E-4	3.301310E+2	6.766900E+1	1.410000E+0
1.058500E+1	1.604284E-1	1.893072E-4	3.301310E+2	6.766900E+1	1.410000E+0
1.059400E+1	1.604284E-1	1.893072E-4	3.301310E+2	6.766900E+1	1.410000E+0
1.067500E+1	1.690645E-1	5.156998E-4	3.301310E+2	6.766900E+1	1.410000E+0
1.068400E+1	1.690645E-1	5.156998E-4	3.301310E+2	6.766900E+1	1.410000E+0
1.076300E+1	1.714306E-1	4.544384E-4	3.301310E+2	6.766900E+1	1.410000E+0
1.077200E+1	1.714306E-1	4.544384E-4	3.301310E+2	6.766900E+1	1.410000E+0
1.085500E+1	1.714322E-1	4.715113E-4	3.301310E+2	6.766900E+1	1.410000E+0
1.086400E+1	1.714322E-1	4.715113E-4	3.301310E+2	6.766900E+1	1.410000E+0
1.094500E+1	1.714298E-1	4.679963E-4	3.301310E+2	6.766900E+1	1.410000E+0
1.095400E+1	1.714298E-1	4.679963E-4	3.301310E+2	6.766900E+1	1.410000E+0
1.106400E+1	1.714260E-1	4.529320E-4	3.301310E+2	6.766900E+1	1.410000E+0
1.107300E+1	1.714260E-1	4.529320E-4	3.301310E+2	6.766900E+1	1.410000E+0
1.115400E+1	1.714254E-1	4.328463E-4	3.301310E+2	6.766900E+1	1.410000E+0
1.116300E+1	1.714254E-1	4.328463E-4	3.301310E+2	6.766900E+1	1.410000E+0
1.124400E+1	1.714332E-1	4.313399E-4	3.301310E+2	6.766900E+1	1.410000E+0
1.125300E+1	1.714332E-1	4.313399E-4	3.301310E+2	6.766900E+1	1.410000E+0
1.133500E+1	1.801299E-1	1.048975E-3	3.301310E+2	6.766900E+1	1.410000E+0
1.134800E+1	1.801299E-1	1.048975E-3	3.301310E+2	6.766900E+1	1.410000E+0
1.143100E+1	1.824688E-1	1.061026E-3	3.301310E+2	6.766900E+1	1.410000E+0
1.144000E+1	1.824688E-1	1.061026E-3	3.301310E+2	6.766900E+1	1.410000E+0
1.155600E+1	1.824609E-1	1.060022E-3	3.301310E+2	6.766900E+1	1.410000E+0
1.156500E+1	1.824609E-1	1.060022E-3	3.301310E+2	6.766900E+1	1.410000E+0
1.164600E+1	1.824617E-1	1.044958E-3	3.301310E+2	6.766900E+1	1.410000E+0
1.165400E+1	1.824617E-1	1.044958E-3	3.301310E+2	6.766900E+1	1.410000E+0
1.173500E+1	1.824553E-1	1.066048E-3	3.301310E+2	6.766900E+1	1.410000E+0
1.174400E+1	1.824553E-1	1.066048E-3	3.301310E+2	6.766900E+1	1.410000E+0
1.182500E+1	1.824658E-1	1.062031E-3	3.301310E+2	6.766900E+1	1.410000E+0
1.183300E+1	1.824658E-1	1.062031E-3	3.301310E+2	6.766900E+1	1.410000E+0
1.191400E+1	1.824573E-1	1.069563E-3	3.301310E+2	6.766900E+1	1.410000E+0
1.192300E+1	1.824573E-1	1.069563E-3	3.301310E+2	6.766900E+1	1.410000E+0
1.203600E+1	1.879410E-1	1.603341E-3	3.301310E+2	6.766900E+1	1.410000E+0
1.204500E+1	1.879410E-1	1.603341E-3	3.301310E+2	6.766900E+1	1.410000E+0
1.212500E+1	1.879504E-1	1.574719E-3	3.301310E+2	6.766900E+1	1.410000E+0
1.213400E+1	1.879504E-1	1.574719E-3	3.301310E+2	6.766900E+1	1.410000E+0
1.221600E+1	1.879384E-1	1.590286E-3	3.301310E+2	6.766900E+1	1.410000E+0
1.222500E+1	1.879384E-1	1.590286E-3	3.301310E+2	6.766900E+1	1.410000E+0
1.230500E+1	1.879394E-1	1.610873E-3	3.301310E+2	6.766900E+1	1.410000E+0
1.231800E+1	1.879394E-1	1.610873E-3	3.301310E+2	6.766900E+1	1.410000E+0
1.240200E+1	1.879550E-1	1.621418E-3	3.301310E+2	6.766900E+1	1.410000E+0
1.241100E+1	1.879550E-1	1.621418E-3	3.301310E+2	6.766900E+1	1.410000E+0
1.252700E+1	1.879526E-1	1.599324E-3	3.301310E+2	6.766900E+1	1.410000E+0
1.253600E+1	1.879526E-1	1.599324E-3	3.301310E+2	6.766900E+1	1.410000E+0
1.261500E+1	1.964187E-1	3.064579E-3	3.301310E+2	6.766900E+1	1.410000E+0
1.262400E+1	1.964187E-1	3.064579E-3	3.301310E+2	6.766900E+1	1.410000E+0
1.270600E+1	1.989876E-1	3.415578E-3	3.301310E+2	6.766900E+1	1.410000E+0
1.271400E+1	1.989876E-1	3.415578E-3	3.301310E+2	6.766900E+1	1.410000E+0
1.279500E+1	1.989836E-1	3.423110E-3	3.301310E+2	6.766900E+1	1.410000E+0
1.280300E+1	1.989836E-1	3.423110E-3	3.301310E+2	6.766900E+1	1.410000E+0
1.288600E+1	1.989918E-1	3.413067E-3	3.301310E+2	6.766900E+1	1.410000E+0
1.289400E+1	1.989918E-1	3.413067E-3	3.301310E+2	6.766900E+1	1.410000E+0
1.300700E+1	1.989803E-1	3.407041E-3	3.301310E+2	6.766900E+1	1.410000E+0
1.301600E+1	1.989803E-1	3.407041E-3	3.301310E+2	6.766900E+1	1.410000E+0
1.309600E+1	1.989900E-1	3.439178E-3	3.301310E+2	6.766900E+1	1.410000E+0
1.310500E+1	1.989900E-1	3.439178E-3	3.301310E+2	6.766900E+1	1.410000E+0
1.318600E+1	1.989719E-1	3.432651E-3	3.301310E+2	6.766900E+1	1.410000E+0
1.319500E+1	1.989719E-1	3.432651E-3	3.301310E+2	6.766900E+1	1.410000E+0
1.327500E+1	2.099138E-1	6.847729E-3	3.301310E+2	6.766900E+1	1.410000E+0
1.328400E+1	2.099138E-1	6.847729E-3	3.301310E+2	6.766900E+1	1.410000E+0
1.336600E+1	2.099267E-1	6.856266E-3	3.301310E+2	6.766900E+1	1.410000E+0
1.337900E+1	2.099267E-1	6.856266E-3	3.301310E+2	6.766900E+1	1.410000E+0
1.349400E+1	2.099245E-1	6.844214E-3	3.301310E+2	6.766900E+1	1.410000E+0
1.350300E+1	2.099245E-1	6.844214E-3	3.301310E+2	6.766900E+1	1.410000E+0
1.358600E+1	2.099054E-1	6.861287E-3	3.301310E+2	6.766900E+1	1.410000E+0
1.359500E+1	2.099054E-1	6.861287E-3	3.301310E+2	6.766900E+1	1.410000E+0
1.367500E+1	2.099237E-1	6.889909E-3	3.301310E+2	6.766900E+1	1.410000E+0
1.368400E+1	2.099237E-1	6.889909E-3	3.301310E+2	6.766900E+1	1.410000E+0
1.376600E+1	2.099098E-1	6.921545E-3	3.301310E+2	6.766900E+1	1.410000E+0
1.377500E+1	2.099098E-1	6.921545E-3	3.301310E+2	6.766900E+1	1.410000E+0
1.385600E+1	2.185776E-1	1.162914E-2	3.301310E+2	6.766900E+1	1.410000E+0
1.386500E+1	2.185776E-1	1.162914E-2	3.301310E+2	6.766900E+1	1.410000E+0
1.397900E+1	2.209303E-1	1.300501E-2	3.301310E+2	6.766900E+1	1.410000E+0
1.398800E+1	2.209303E-1	1.300501E-2	3.301310E+2	6.766900E+1	1.410000E+0
1.406600E+1	2.209425E-1	1.304619E-2	3.301310E+2	6.766900E+1	1.410000E+0
1.407600E+1	2.209425E-1	1.304619E-2	3.301310E+2	6.766900E+1	1.410000E+0
1.415700E+1	2.209331E-1	1.305121E-2	3.301310E+2	6.766900E+1	1.410000E+0
1.416500E+1	2.209331E-1	1.305121E-2	3.301310E+2	6.766900E+1	1.410000E+0
1.424700E+1	2.209241E-1	1.309640E-2	3.301310E+2	6.766900E+1	1.410000E+0
1.425600E+1	2.209241E-1	1.309640E-2	3.301310E+2	6.766900E+1	1.410000E+0
1.433600E+1	2.209267E-1	1.309892E-2	3.301310E+2	6.766900E+1	1.410000E+0
1.434900E+1	2.209267E-1	1.309892E-2	3.301310E+2	6.766900E+1	1.410000E+0
1.446500E+1	2.209335E-1	1.312804E-2	3.301310E+2	6.766900E+1	1.410000E+0
1.447500E+1	2.209335E-1	1.312804E-2	3.301310E+2	6.766900E+1	1.410000E+0
1.455700E+1	2.319484E-1	2.326331E-2	3.301310E+2	6.766900E+1	1.410000E+0
1.456600E+1	2.319484E-1	2.326331E-2	3.301310E+2	6.766900E+1	1.410000E+0
1.464700E+1	2.319438E-1	2.343705E-2	3.301310E+2	6.766900E+1	1.410000E+0
1.465600E+1	2.319438E-1	2.343705E-2	3.301310E+2	6.766900E+1	1.410000E+0
1.473700E+1	2.319544E-1	2.351237E-2	3.301310E+2	6.766900E+1	1.410000E+0
1.474600E+1	2.319544E-1	2.351237E-2	3.301310E+2	6.766900E+1	1.410000E+0
1.482700E+1	2.319536E-1	2.352543E-2	3.301310E+2	6.766900E+1	1.410000E+0
1.483600E+1	2.319536E-1	2.352543E-2	3.301310E+2	6.766900E+1	1.410000E+0
1.494900E+1	2.319520E-1	2.360175E-2	3.301310E+2	6.766900E+1	1.410000E+0
1.495700E+1	2.319520E-1	2.360175E-2	3.301310E+2	6.766900E+1	1.410000E+0
1.503700E+1	2.319432E-1	2.359623E-2	3.301310E+2	6.766900E+1	1.410000E+0
1.504600E+1	2.319432E-1	2.359623E-2	3.301310E+2	6.766900E+1	1.410000E+0
1.512700E+1	2.319410E-1	2.362887E-2	3.301310E+2	6.766900E+1	1.410000E+0
1.513600E+1	2.319410E-1	2.362887E-2	3.301310E+2	6.766900E+1	1.410000E+0
1.521800E+1	2.374704E-1	3.089388E-2	3.301310E+2	6.766900E+1	1.410000E+0
1.522600E+1	2.374704E-1	3.089388E-2	3.301310E+2	6.766900E+1	1.410000E+0
1.530800E+1	2.374742E-1	3.102394E-2	3.301310E+2	6.766900E+1	1.410000E+0
1.532100E+1	2.374742E-1	3.102394E-2	3.301310E+2	6.766900E+1	1.410000E+0
1.543500E+1	2.374838E-1	3.108972E-2	3.301310E+2	6.766900E+1	1.410000E+0
1.544400E+1	2.374838E-1	3.108972E-2	3.301310E+2	6.766900E+1	1.410000E+0
1.552700E+1	2.374678E-1	3.114998E-2	3.301310E+2	6.766900E+1	1.410000E+0
1.553500E+1	2.374678E-1	3.114998E-2	3.301310E+2	6.766900E+1	1.410000E+0
1.561700E+1	2.374593E-1	3.116052E-2	3.301310E+2	6.766900E+1	1.410000E+0
1.562500E+1	2.374593E-1	3.116052E-2	3.301310E+2	6.766900E+1	1.410000E+0
1.570800E+1	2.374692E-1	3.120220E-2	3.301310E+2	6.766900E+1	1.410000E+0
1.571700E+1	2.374692E-1	3.120220E-2	3.301310E+2	6.766900E+1	1.410000E+0
1.579700E+1	2.455720E-1	4.546961E-2	3.301310E+2	6.766900E+1	1.410000E+0
1.580600E+1	2.455720E-1	4.546961E-2	3.301310E+2	6.766900E+1	1.410000E+0
1.591800E+1	2.485045E-1	5.173736E-2	3.301310E+2	6.766900E+1	1.410000E+0
1.592700E+1	2.485045E-1	5.173736E-2	3.301310E+2	6.766900E+1	1.410000E+0
1.600700E+1	2.484957E-1	5.200601E-2	3.301310E+2	6.766900E+1	1.410000E+0
1.601500E+1	2.484957E-1	5.200601E-2	3.301310E+2	6.766900E+1	1.410000E+0
1.609700E+1	2.485001E-1	5.209589E-2	3.301310E+2	6.766900E+1	1.410000E+0
1.610600E+1	2.485001E-1	5.209589E-2	3.301310E+2	6.766900E+1	1.410000E+0
1.618700E+1	2.484971E-1	5.221390E-2	3.301310E+2	6.766900E+1	1.410000E+0
1.619700E+1	2.484971E-1	5.221390E-2	3.301310E+2	6.766900E+1	1.410000E+0
1.627700E+1	2.485065E-1	5.228821E-2	3.301310E+2	6.766900E+1	1.410000E+0
1.628600E+1	2.485065E-1	5.228821E-2	3.301310E+2	6.766900E+1	1.410000E+0
1.639900E+1	2.485059E-1	5.234044E-2	3.301310E+2	6.766900E+1	1.410000E+0
1.641200E+1	2.485059E-1	5.234044E-2	3.301310E+2	6.766900E+1	1.410000E+0
1.649400E+1	2.594857E-1	8.215672E-2	3.301310E+2	6.766900E+1	1.410000E+0
1.650400E+1	2.594857E-1	8.215672E-2	3.301310E+2	6.766900E+1	1.410000E+0
1.658800E+1	2.594971E-1	8.315749E-2	3.301310E+2	6.766900E+1	1.410000E+0
1.659700E+1	2.594971E-1	8.315749E-2	3.301310E+2	6.766900E+1	1.410000E+0
1.667700E+1	2.594921E-1	8.350297E-2	3.301310E+2	6.766900E+1	1.410000E+0
1.668600E+1	2.594921E-1	8.350297E-2	3.301310E+2	6.766900E+1	1.410000E+0
1.676700E+1	2.595053E-1	8.376459E-2	3.301310E+2	6.766900E+1	1.410000E+0
1.677600E+1	2.595053E-1	8.376459E-2	3.301310E+2	6.766900E+1	1.410000E+0
1.688900E+1	2.594967E-1	8.386401E-2	3.301310E+2	6.766900E+1	1.410000E+0
1.689800E+1	2.594967E-1	8.386401E-2	3.301310E+2	6.766900E+1	1.410000E+0
1.697800E+1	2.595093E-1	8.397850E-2	3.301310E+2	6.766900E+1	1.410000E+0
1.698700E+1	2.595093E-1	8.397850E-2	3.301310E+2	6.766900E+1	1.410000E+0
1.706800E+1	2.680867E-1	1.171240E-1	3.301310E+2	6.766900E+1	1.410000E+0
1.707700E+1	2.680867E-1	1.171240E-1	3.301310E+2	6.766900E+1	1.410000E+0
1.715800E+1	2.705370E-1	1.281631E-1	3.301310E+2	6.766900E+1	1.410000E+0
1.716700E+1	2.705370E-1	1.281631E-1	3.301310E+2	6.766900E+1	1.410000E+0
1.724800E+1	2.705306E-1	1.290519E-1	3.301310E+2	6.766900E+1	1.410000E+0
1.725600E+1	2.705306E-1	1.290519E-1	3.301310E+2	6.766900E+1	1.410000E+0
1.736900E+1	2.705370E-1	1.295114E-1	3.301310E+2	6.766900E+1	1.410000E+0
1.738300E+1	2.705370E-1	1.295114E-1	3.301310E+2	6.766900E+1	1.410000E+0
1.746800E+1	2.705360E-1	1.298574E-1	3.301310E+2	6.766900E+1	1.410000E+0
1.747700E+1	2.705360E-1	1.298574E-1	3.301310E+2	6.766900E+1	1.410000E+0
1.755800E+1	2.705264E-1	1.299839E-1	3.301310E+2	6.766900E+1	1.410000E+0
1.756600E+1	2.705264E-1	1.299839E-1	3.301310E+2	6.766900E+1	1.410000E+0
1.764800E+1	2.705280E-1	1.301476E-1	3.301310E+2	6.766900E+1	1.410000E+0
1.765800E+1	2.705280E-1	1.301476E-1	3.301310E+2	6.766900E+1	1.410000E+0
1.773800E+1	2.815407E-1	1.883968E-1	3.301310E+2	6.766900E+1	1.410000E+0
1.774600E+1	2.815407E-1	1.883968E-1	3.301310E+2	6.766900E+1	1.410000E+0
1.785900E+1	2.815533E-1	1.917410E-1	3.301310E+2	6.766900E+1	1.410000E+0
1.786900E+1	2.815533E-1	1.917410E-1	3.301310E+2	6.766900E+1	1.410000E+0
1.794800E+1	2.815421E-1	1.933670E-1	3.301310E+2	6.766900E+1	1.410000E+0
1.795700E+1	2.815421E-1	1.933670E-1	3.301310E+2	6.766900E+1	1.410000E+0
1.803800E+1	2.815481E-1	1.940122E-1	3.301310E+2	6.766900E+1	1.410000E+0
1.804700E+1	2.815481E-1	1.940122E-1	3.301310E+2	6.766900E+1	1.410000E+0
1.812900E+1	2.815421E-1	1.942979E-1	3.301310E+2	6.766900E+1	1.410000E+0
1.813800E+1	2.815421E-1	1.942979E-1	3.301310E+2	6.766900E+1	1.410000E+0
1.821700E+1	2.815383E-1	1.945309E-1	3.301310E+2	6.766900E+1	1.410000E+0
1.822600E+1	2.815383E-1	1.945309E-1	3.301310E+2	6.766900E+1	1.410000E+0
1.833900E+1	2.815471E-1	1.946635E-1	3.301310E+2	6.766900E+1	1.410000E+0
1.835200E+1	2.815471E-1	1.946635E-1	3.301310E+2	6.766900E+1	1.410000E+0
1.843500E+1	2.925899E-1	2.697139E-1	3.301310E+2	6.766900E+1	1.410000E+0
1.844400E+1	2.925899E-1	2.697139E-1	3.301310E+2	6.766900E+1	1.410000E+0
1.852900E+1	2.925901E-1	2.713393E-1	3.301310E+2	6.766900E+1	1.410000E+0
1.853700E+1	2.925901E-1	2.713393E-1	3.301310E+2	6.766900E+1	1.410000E+0
1.861800E+1	2.925762E-1	2.671434E-1	3.301310E+2	6.766900E+1	1.410000E+0
1.862800E+1	2.925762E-1	2.671434E-1	3.301310E+2	6.766900E+1	1.410000E+0
1.870900E+1	2.925887E-1	2.640728E-1	3.301310E+2	6.766900E+1	1.410000E+0
1.871800E+1	2.925887E-1	2.640728E-1	3.301310E+2	6.766900E+1	1.410000E+0
1.882900E+1	2.925905E-1	2.617273E-1	3.301310E+2	6.766900E+1	1.410000E+0
1.883800E+1	2.925905E-1	2.617273E-1	3.301310E+2	6.766900E+1	1.410000E+0
1.891900E+1	2.925897E-1	2.616861E-1	3.301310E+2	6.766900E+1	1.410000E+0
1.892700E+1	2.925897E-1	2.616861E-1	3.301310E+2	6.766900E+1	1.410000E+0
1.900800E+1	2.971828E-1	3.012721E-1	3.301310E+2	6.766900E+1	1.410000E+0
1.901700E+1	2.971828E-1	3.012721E-1	3.301310E+2	6.766900E+1	1.410000E+0
1.909900E+1	2.982317E-1	3.155692E-1	3.301310E+2	6.766900E+1	1.410000E+0
1.910700E+1	2.982317E-1	3.155692E-1	3.301310E+2	6.766900E+1	1.410000E+0
1.918900E+1	2.982193E-1	3.158052E-1	3.301310E+2	6.766900E+1	1.410000E+0
1.919800E+1	2.982193E-1	3.158052E-1	3.301310E+2	6.766900E+1	1.410000E+0
1.930800E+1	2.982379E-1	3.198539E-1	3.301310E+2	6.766900E+1	1.410000E+0
1.932100E+1	2.982379E-1	3.198539E-1	3.301310E+2	6.766900E+1	1.410000E+0
1.940500E+1	2.982291E-1	3.216039E-1	3.301310E+2	6.766900E+1	1.410000E+0
1.941300E+1	2.982291E-1	3.216039E-1	3.301310E+2	6.766900E+1	1.410000E+0
1.950000E+1	2.982329E-1	3.227468E-1	3.301310E+2	6.766900E+1	1.410000E+0
1.950900E+1	2.982329E-1	3.227468E-1	3.301310E+2	6.766900E+1	1.410000E+0
1.958900E+1	2.982381E-1	3.230034E-1	3.301310E+2	6.766900E+1	1.410000E+0
1.959800E+1	2.982381E-1	3.230034E-1	3.301310E+2	6.766900E+1	1.410000E+0
1.967900E+1	3.092883E-1	4.365677E-1	3.301310E+2	6.766900E+1	1.410000E+0
1.968800E+1	3.092883E-1	4.365677E-1	3.301310E+2	6.766900E+1	1.410000E+0
1.980300E+1	3.093120E-1	4.447714E-1	3.301310E+2	6.766900E+1	1.410000E+0
1.981200E+1	3.093120E-1	4.447714E-1	3.301310E+2	6.766900E+1	1.410000E+0
1.989500E+1	3.093060E-1	4.479018E-1	3.301310E+2	6.766900E+1	1.410000E+0
1.990500E+1	3.093060E-1	4.479018E-1	3.301310E+2	6.766900E+1	1.410000E+0
1.998900E+1	3.093120E-1	4.488147E-1	3.301310E+2	6.766900E+1	1.410000E+0
1.999900E+1	3.093120E-1	4.488147E-1	3.301310E+2	6.766900E+1	1.410000E+0
2.007900E+1	3.093094E-1	4.492892E-1	3.301310E+2	6.766900E+1	1.410000E+0
2.008800E+1	3.093094E-1	4.492892E-1	3.301310E+2	6.766900E+1	1.410000E+0
2.017000E+1	3.093132E-1	4.494755E-1	3.301310E+2	6.766900E+1	1.410000E+0
2.017900E+1	3.093132E-1	4.494755E-1	3.301310E+2	6.766900E+1	1.410000E+0
2.029000E+1	3.181849E-1	5.600556E-1	3.301310E+2	6.766900E+1	1.410000E+0
2.029800E+1	3.181849E-1	5.600556E-1	3.301310E+2	6.766900E+1	1.410000E+0
2.037900E+1	3.203419E-1	6.029442E-1	3.301310E+2	6.766900E+1	1.410000E+0
2.039200E+1	3.203419E-1	6.029442E-1	3.301310E+2	6.766900E+1	1.410000E+0
2.047500E+1	3.203476E-1	6.048132E-1	3.301310E+2	6.766900E+1	1.410000E+0
2.048400E+1	3.203476E-1	6.048132E-1	3.301310E+2	6.766900E+1	1.410000E+0
2.056900E+1	3.203377E-1	6.026685E-1	3.301310E+2	6.766900E+1	1.410000E+0
2.057800E+1	3.203377E-1	6.026685E-1	3.301310E+2	6.766900E+1	1.410000E+0
2.065900E+1	3.203502E-1	6.024029E-1	3.301310E+2	6.766900E+1	1.410000E+0
2.066700E+1	3.203502E-1	6.024029E-1	3.301310E+2	6.766900E+1	1.410000E+0
2.078000E+1	3.203369E-1	6.077040E-1	3.301310E+2	6.766900E+1	1.410000E+0
2.078800E+1	3.203369E-1	6.077040E-1	3.301310E+2	6.766900E+1	1.410000E+0
2.086900E+1	3.203584E-1	6.101364E-1	3.301310E+2	6.766900E+1	1.410000E+0
2.087800E+1	3.203584E-1	6.101364E-1	3.301310E+2	6.766900E+1	1.410000E+0
2.096000E+1	3.261496E-1	6.998580E-1	3.301310E+2	6.766900E+1	1.410000E+0
2.096800E+1	3.261496E-1	6.998580E-1	3.301310E+2	6.766900E+1	1.410000E+0
2.104900E+1	3.314013E-1	7.982807E-1	3.301310E+2	6.766900E+1	1.410000E+0
2.105800E+1	3.314013E-1	7.982807E-1	3.301310E+2	6.766900E+1	1.410000E+0
2.113900E+1	3.314124E-1	8.014884E-1	3.301310E+2	6.766900E+1	1.410000E+0
2.114800E+1	3.314124E-1	8.014884E-1	3.301310E+2	6.766900E+1	1.410000E+0
2.126100E+1	3.314108E-1	7.895168E-1	3.301310E+2	6.766900E+1	1.410000E+0
2.127000E+1	3.314108E-1	7.895168E-1	3.301310E+2	6.766900E+1	1.410000E+0
2.134900E+1	3.314146E-1	7.796878E-1	3.301310E+2	6.766900E+1	1.410000E+0
2.136300E+1	3.314146E-1	7.796878E-1	3.301310E+2	6.766900E+1	1.410000E+0
2.144600E+1	3.314063E-1	7.667892E-1	3.301310E+2	6.766900E+1	1.410000E+0
2.145500E+1	3.314063E-1	7.667892E-1	3.301310E+2	6.766900E+1	1.410000E+0
2.154000E+1	3.314122E-1	7.357226E-1	3.301310E+2	6.766900E+1	1.410000E+0
2.154900E+1	3.314122E-1	7.357226E-1	3.301310E+2	6.766900E+1	1.410000E+0
2.163000E+1	3.423783E-1	9.568572E-1	3.301310E+2	6.766900E+1	1.410000E+0
2.163800E+1	3.423783E-1	9.568572E-1	3.301310E+2	6.766900E+1	1.410000E+0
2.175100E+1	3.423978E-1	9.906334E-1	3.301310E+2	6.766900E+1	1.410000E+0
2.176000E+1	3.423978E-1	9.906334E-1	3.301310E+2	6.766900E+1	1.410000E+0
2.184000E+1	3.424106E-1	9.439707E-1	3.301310E+2	6.766900E+1	1.410000E+0
2.184900E+1	3.424106E-1	9.439707E-1	3.301310E+2	6.766900E+1	1.410000E+0
2.192900E+1	3.423982E-1	9.569998E-1	3.301310E+2	6.766900E+1	1.410000E+0
2.193800E+1	3.423982E-1	9.569998E-1	3.301310E+2	6.766900E+1	1.410000E+0
2.202100E+1	3.423916E-1	9.759236E-1	3.301310E+2	6.766900E+1	1.410000E+0
2.202900E+1	3.423916E-1	9.759236E-1	3.301310E+2	6.766900E+1	1.410000E+0
2.211000E+1	3.424090E-1	9.615759E-1	3.301310E+2	6.766900E+1	1.410000E+0
2.211800E+1	3.424090E-1	9.615759E-1	3.301310E+2	6.766900E+1	1.410000E+0
2.223100E+1	3.452152E-1	1.049317E+0	3.301310E+2	6.766900E+1	1.410000E+0
2.224000E+1	3.452152E-1	1.049317E+0	3.301310E+2	6.766900E+1	1.410000E+0
2.232000E+1	3.479572E-1	1.126143E+0	3.301310E+2	6.766900E+1	1.410000E+0
2.233300E+1	3.479572E-1	1.126143E+0	3.301310E+2	6.766900E+1	1.410000E+0
2.241600E+1	3.479639E-1	1.115588E+0	3.301310E+2	6.766900E+1	1.410000E+0
2.242500E+1	3.479639E-1	1.115588E+0	3.301310E+2	6.766900E+1	1.410000E+0
2.251000E+1	3.479619E-1	1.139626E+0	3.301310E+2	6.766900E+1	1.410000E+0
2.252000E+1	3.479619E-1	1.139626E+0	3.301310E+2	6.766900E+1	1.410000E+0
2.260000E+1	3.479500E-1	1.156981E+0	3.301310E+2	6.766900E+1	1.410000E+0
2.260900E+1	3.479500E-1	1.156981E+0	3.301310E+2	6.766900E+1	1.410000E+0
2.272100E+1	3.479641E-1	1.151060E+0	3.301310E+2	6.766900E+1	1.410000E+0
2.272900E+1	3.479641E-1	1.151060E+0	3.301310E+2	6.766900E+1	1.410000E+0
2.281000E+1	3.479653E-1	1.134173E+0	3.301310E+2	6.766900E+1	1.410000E+0
2.281800E+1	3.479653E-1	1.134173E+0	3.301310E+2	6.766900E+1	1.410000E+0
2.290000E+1	3.589761E-1	1.381000E+0	3.301310E+2	6.766900E+1	1.410000E+0
2.290900E+1	3.589761E-1	1.381000E+0	3.301310E+2	6.766900E+1	1.410000E+0
2.299000E+1	3.589962E-1	1.391417E+0	3.301310E+2	6.766900E+1	1.410000E+0
2.299900E+1	3.589962E-1	1.391417E+0	3.301310E+2	6.766900E+1	1.410000E+0
2.308000E+1	3.589918E-1	1.387267E+0	3.301310E+2	6.766900E+1	1.410000E+0
2.308800E+1	3.589918E-1	1.387267E+0	3.301310E+2	6.766900E+1	1.410000E+0
2.320100E+1	3.589906E-1	1.376236E+0	3.301310E+2	6.766900E+1	1.410000E+0
2.320900E+1	3.589906E-1	1.376236E+0	3.301310E+2	6.766900E+1	1.410000E+0
2.329000E+1	3.589793E-1	1.381410E+0	3.301310E+2	6.766900E+1	1.410000E+0
2.330000E+1	3.589793E-1	1.381410E+0	3.301310E+2	6.766900E+1	1.410000E+0
2.338000E+1	3.589866E-1	1.387331E+0	3.301310E+2	6.766900E+1	1.410000E+0
2.339300E+1	3.589866E-1	1.387331E+0	3.301310E+2	6.766900E+1	1.410000E+0
2.347700E+1	3.674477E-1	1.679335E+0	3.301310E+2	6.766900E+1	1.410000E+0
2.348600E+1	3.674477E-1	1.679335E+0	3.301310E+2	6.766900E+1	1.410000E+0
2.357000E+1	3.700045E-1	1.684100E+0	3.301310E+2	6.766900E+1	1.410000E+0
2.357900E+1	3.700045E-1	1.684100E+0	3.301310E+2	6.766900E+1	1.410000E+0
2.369100E+1	3.700057E-1	1.676522E+0	3.301310E+2	6.766900E+1	1.410000E+0
2.370000E+1	3.700057E-1	1.676522E+0	3.301310E+2	6.766900E+1	1.410000E+0
2.378000E+1	3.700109E-1	1.661585E+0	3.301310E+2	6.766900E+1	1.410000E+0
2.378900E+1	3.700109E-1	1.661585E+0	3.301310E+2	6.766900E+1	1.410000E+0
2.387100E+1	3.700041E-1	1.661864E+0	3.301310E+2	6.766900E+1	1.410000E+0
2.388000E+1	3.700041E-1	1.661864E+0	3.301310E+2	6.766900E+1	1.410000E+0
2.396100E+1	3.699984E-1	1.649064E+0	3.301310E+2	6.766900E+1	1.410000E+0
2.396900E+1	3.699984E-1	1.649064E+0	3.301310E+2	6.766900E+1	1.410000E+0
2.405100E+1	3.699994E-1	1.634846E+0	3.301310E+2	6.766900E+1	1.410000E+0
2.406000E+1	3.699994E-1	1.634846E+0	3.301310E+2	6.766900E+1	1.410000E+0
2.417300E+1	3.787769E-1	1.866368E+0	3.301310E+2	6.766900E+1	1.410000E+0
2.418200E+1	3.787769E-1	1.866368E+0	3.301310E+2	6.766900E+1	1.410000E+0
2.426000E+1	3.810195E-1	1.952742E+0	3.301310E+2	6.766900E+1	1.410000E+0
2.426900E+1	3.810195E-1	1.952742E+0	3.301310E+2	6.766900E+1	1.410000E+0
2.435000E+1	3.810280E-1	1.954634E+0	3.301310E+2	6.766900E+1	1.410000E+0
2.436300E+1	3.810280E-1	1.954634E+0	3.301310E+2	6.766900E+1	1.410000E+0
2.444600E+1	3.810169E-1	1.948765E+0	3.301310E+2	6.766900E+1	1.410000E+0
2.445500E+1	3.810169E-1	1.948765E+0	3.301310E+2	6.766900E+1	1.410000E+0
2.454000E+1	3.810290E-1	1.939465E+0	3.301310E+2	6.766900E+1	1.410000E+0
2.455000E+1	3.810290E-1	1.939465E+0	3.301310E+2	6.766900E+1	1.410000E+0
2.466200E+1	3.810161E-1	1.945701E+0	3.301310E+2	6.766900E+1	1.410000E+0
2.467100E+1	3.810161E-1	1.945701E+0	3.301310E+2	6.766900E+1	1.410000E+0
2.475100E+1	3.810230E-1	1.959425E+0	3.301310E+2	6.766900E+1	1.410000E+0
2.476000E+1	3.810230E-1	1.959425E+0	3.301310E+2	6.766900E+1	1.410000E+0
2.484100E+1	3.919310E-1	2.319471E+0	3.301310E+2	6.766900E+1	1.410000E+0
2.485000E+1	3.919310E-1	2.319471E+0	3.301310E+2	6.766900E+1	1.410000E+0
2.493000E+1	3.919468E-1	2.328709E+0	3.301310E+2	6.766900E+1	1.410000E+0
2.493900E+1	3.919468E-1	2.328709E+0	3.301310E+2	6.766900E+1	1.410000E+0
2.502100E+1	3.919611E-1	2.320536E+0	3.301310E+2	6.766900E+1	1.410000E+0
2.503000E+1	3.919611E-1	2.320536E+0	3.301310E+2	6.766900E+1	1.410000E+0
2.514100E+1	3.919450E-1	2.351084E+0	3.301310E+2	6.766900E+1	1.410000E+0
2.514900E+1	3.919450E-1	2.351084E+0	3.301310E+2	6.766900E+1	1.410000E+0
2.523000E+1	3.919558E-1	2.409146E+0	3.301310E+2	6.766900E+1	1.410000E+0
2.523900E+1	3.919558E-1	2.409146E+0	3.301310E+2	6.766900E+1	1.410000E+0
2.532100E+1	3.919468E-1	2.409353E+0	3.301310E+2	6.766900E+1	1.410000E+0
2.533400E+1	3.919468E-1	2.409353E+0	3.301310E+2	6.766900E+1	1.410000E+0
2.541600E+1	4.006048E-1	2.816934E+0	3.301310E+2	6.766900E+1	1.410000E+0
2.542500E+1	4.006048E-1	2.816934E+0	3.301310E+2	6.766900E+1	1.410000E+0
2.550700E+1	4.030024E-1	2.837871E+0	3.301310E+2	6.766900E+1	1.410000E+0
2.551600E+1	4.030024E-1	2.837871E+0	3.301310E+2	6.766900E+1	1.410000E+0
2.563200E+1	4.029942E-1	2.827824E+0	3.301310E+2	6.766900E+1	1.410000E+0
2.564100E+1	4.029942E-1	2.827824E+0	3.301310E+2	6.766900E+1	1.410000E+0
2.572000E+1	4.029876E-1	2.806349E+0	3.301310E+2	6.766900E+1	1.410000E+0
2.572900E+1	4.029876E-1	2.806349E+0	3.301310E+2	6.766900E+1	1.410000E+0
2.581100E+1	4.030006E-1	2.801188E+0	3.301310E+2	6.766900E+1	1.410000E+0
2.582000E+1	4.030006E-1	2.801188E+0	3.301310E+2	6.766900E+1	1.410000E+0
2.590100E+1	4.029894E-1	2.795293E+0	3.301310E+2	6.766900E+1	1.410000E+0
2.591000E+1	4.029894E-1	2.795293E+0	3.301310E+2	6.766900E+1	1.410000E+0
2.599100E+1	4.029886E-1	2.792805E+0	3.301310E+2	6.766900E+1	1.410000E+0
2.600000E+1	4.029886E-1	2.792805E+0	3.301310E+2	6.766900E+1	1.410000E+0
2.611000E+1	4.084751E-1	3.002928E+0	3.301310E+2	6.766900E+1	1.410000E+0
2.611900E+1	4.084751E-1	3.002928E+0	3.301310E+2	6.766900E+1	1.410000E+0
2.620000E+1	4.084737E-1	3.009448E+0	3.301310E+2	6.766900E+1	1.410000E+0
2.620900E+1	4.084737E-1	3.009448E+0	3.301310E+2	6.766900E+1	1.410000E+0
2.629000E+1	4.084813E-1	3.007445E+0	3.301310E+2	6.766900E+1	1.410000E+0
2.629900E+1	4.084813E-1	3.007445E+0	3.301310E+2	6.766900E+1	1.410000E+0
2.638000E+1	4.084777E-1	3.004234E+0	3.301310E+2	6.766900E+1	1.410000E+0
2.639200E+1	4.084777E-1	3.004234E+0	3.301310E+2	6.766900E+1	1.410000E+0
2.647700E+1	4.084831E-1	2.995494E+0	3.301310E+2	6.766900E+1	1.410000E+0
2.648700E+1	4.084831E-1	2.995494E+0	3.301310E+2	6.766900E+1	1.410000E+0
2.660300E+1	4.084793E-1	2.992190E+0	3.301310E+2	6.766900E+1	1.410000E+0
2.661200E+1	4.084793E-1	2.992190E+0	3.301310E+2	6.766900E+1	1.410000E+0
2.669700E+1	4.184647E-1	3.279265E+0	3.301310E+2	6.766900E+1	1.410000E+0
2.670600E+1	4.184647E-1	3.279265E+0	3.301310E+2	6.766900E+1	1.410000E+0
2.679100E+1	4.194976E-1	3.453010E+0	3.301310E+2	6.766900E+1	1.410000E+0
2.680000E+1	4.194976E-1	3.453010E+0	3.301310E+2	6.766900E+1	1.410000E+0
2.688100E+1	4.195114E-1	3.448554E+0	3.301310E+2	6.766900E+1	1.410000E+0
2.689000E+1	4.195114E-1	3.448554E+0	3.301310E+2	6.766900E+1	1.410000E+0
2.697100E+1	4.195060E-1	3.437809E+0	3.301310E+2	6.766900E+1	1.410000E+0
2.698000E+1	4.195060E-1	3.437809E+0	3.301310E+2	6.766900E+1	1.410000E+0
2.709100E+1	4.195110E-1	3.437025E+0	3.301310E+2	6.766900E+1	1.410000E+0
2.709900E+1	4.195110E-1	3.437025E+0	3.301310E+2	6.766900E+1	1.410000E+0
2.718000E+1	4.195058E-1	3.435581E+0	3.301310E+2	6.766900E+1	1.410000E+0
2.718900E+1	4.195058E-1	3.435581E+0	3.301310E+2	6.766900E+1	1.410000E+0
2.727100E+1	4.195140E-1	3.437514E+0	3.301310E+2	6.766900E+1	1.410000E+0
2.727900E+1	4.195140E-1	3.437514E+0	3.301310E+2	6.766900E+1	1.410000E+0
2.736100E+1	4.280663E-1	3.797166E+0	3.301310E+2	6.766900E+1	1.410000E+0
2.737400E+1	4.280663E-1	3.797166E+0	3.301310E+2	6.766900E+1	1.410000E+0
2.745800E+1	4.304978E-1	3.923983E+0	3.301310E+2	6.766900E+1	1.410000E+0
2.746700E+1	4.304978E-1	3.923983E+0	3.301310E+2	6.766900E+1	1.410000E+0
2.758200E+1	4.304926E-1	3.924515E+0	3.301310E+2	6.766900E+1	1.410000E+0
2.759100E+1	4.304926E-1	3.924515E+0	3.301310E+2	6.766900E+1	1.410000E+0
2.767200E+1	4.304946E-1	3.922908E+0	3.301310E+2	6.766900E+1	1.410000E+0
2.768000E+1	4.304946E-1	3.922908E+0	3.301310E+2	6.766900E+1	1.410000E+0
2.776100E+1	4.305123E-1	3.920569E+0	3.301310E+2	6.766900E+1	1.410000E+0
2.777000E+1	4.305123E-1	3.920569E+0	3.301310E+2	6.766900E+1	1.410000E+0
2.785100E+1	4.305016E-1	3.917776E+0	3.301310E+2	6.766900E+1	1.410000E+0
2.786100E+1	4.305016E-1	3.917776E+0	3.301310E+2	6.766900E+1	1.410000E+0
2.794000E+1	4.305040E-1	3.909179E+0	3.301310E+2	6.766900E+1	1.410000E+0
2.794900E+1	4.305040E-1	3.909179E+0	3.301310E+2	6.766900E+1	1.410000E+0
2.806300E+1	4.415161E-1	4.415133E+0	3.301310E+2	6.766900E+1	1.410000E+0
2.807200E+1	4.415161E-1	4.415133E+0	3.301310E+2	6.766900E+1	1.410000E+0
2.815100E+1	4.415422E-1	4.428926E+0	3.301310E+2	6.766900E+1	1.410000E+0
2.816000E+1	4.415422E-1	4.428926E+0	3.301310E+2	6.766900E+1	1.410000E+0
2.824200E+1	4.415462E-1	4.423469E+0	3.301310E+2	6.766900E+1	1.410000E+0
2.825100E+1	4.415462E-1	4.423469E+0	3.301310E+2	6.766900E+1	1.410000E+0
2.833100E+1	4.415476E-1	4.426059E+0	3.301310E+2	6.766900E+1	1.410000E+0
2.834400E+1	4.415476E-1	4.426059E+0	3.301310E+2	6.766900E+1	1.410000E+0
2.842700E+1	4.415293E-1	4.420887E+0	3.301310E+2	6.766900E+1	1.410000E+0
2.843500E+1	4.415293E-1	4.420887E+0	3.301310E+2	6.766900E+1	1.410000E+0
2.855200E+1	4.415382E-1	4.421399E+0	3.301310E+2	6.766900E+1	1.410000E+0
2.856200E+1	4.415382E-1	4.421399E+0	3.301310E+2	6.766900E+1	1.410000E+0
2.864100E+1	4.493371E-1	4.775580E+0	3.301310E+2	6.766900E+1	1.410000E+0
2.865000E+1	4.493371E-1	4.775580E+0	3.301310E+2	6.766900E+1	1.410000E+0
2.873100E+1	4.525376E-1	4.947837E+0	3.301310E+2	6.766900E+1	1.410000E+0
2.874100E+1	4.525376E-1	4.947837E+0	3.301310E+2	6.766900E+1	1.410000E+0
2.882200E+1	4.525348E-1	4.947388E+0	3.301310E+2	6.766900E+1	1.410000E+0
2.883100E+1	4.525348E-1	4.947388E+0	3.301310E+2	6.766900E+1	1.410000E+0
2.891100E+1	4.525394E-1	4.949605E+0	3.301310E+2	6.766900E+1	1.410000E+0
2.891900E+1	4.525394E-1	4.949605E+0	3.301310E+2	6.766900E+1	1.410000E+0
2.903300E+1	4.525396E-1	4.947768E+0	3.301310E+2	6.766900E+1	1.410000E+0
2.904100E+1	4.525396E-1	4.947768E+0	3.301310E+2	6.766900E+1	1.410000E+0
2.912200E+1	4.525422E-1	4.944906E+0	3.301310E+2	6.766900E+1	1.410000E+0
2.913000E+1	4.525422E-1	4.944906E+0	3.301310E+2	6.766900E+1	1.410000E+0
2.921100E+1	4.525380E-1	4.941772E+0	3.301310E+2	6.766900E+1	1.410000E+0
2.922000E+1	4.525380E-1	4.941772E+0	3.301310E+2	6.766900E+1	1.410000E+0
2.930200E+1	4.580512E-1	5.205127E+0	3.301310E+2	6.766900E+1	1.410000E+0
2.931000E+1	4.580512E-1	5.205127E+0	3.301310E+2	6.766900E+1	1.410000E+0
2.939600E+1	4.580676E-1	5.209696E+0	3.301310E+2	6.766900E+1	1.410000E+0
2.941200E+1	4.580676E-1	5.209696E+0	3.301310E+2	6.766900E+1	1.410000E+0
2.952400E+1	4.580570E-1	5.208988E+0	3.301310E+2	6.766900E+1	1.410000E+0
2.953300E+1	4.580570E-1	5.208988E+0	3.301310E+2	6.766900E+1	1.410000E+0
2.961800E+1	4.580546E-1	5.212477E+0	3.301310E+2	6.766900E+1	1.410000E+0
2.962700E+1	4.580546E-1	5.212477E+0	3.301310E+2	6.766900E+1	1.410000E+0
2.971200E+1	4.580578E-1	5.209268E+0	3.301310E+2	6.766900E+1	1.410000E+0
2.972100E+1	4.580578E-1	5.209268E+0	3.301310E+2	6.766900E+1	1.410000E+0
2.980100E+1	4.580706E-1	5.204688E+0	3.301310E+2	6.766900E+1	1.410000E+0
2.981000E+1	4.580706E-1	5.204688E+0	3.301310E+2	6.766900E+1	1.410000E+0
2.989200E+1	4.671199E-1	5.649958E+0	3.301310E+2	6.766900E+1	1.410000E+0
2.990100E+1	4.671199E-1	5.649958E+0	3.301310E+2	6.766900E+1	1.410000E+0
3.001200E+1	4.690887E-1	5.769532E+0	3.301310E+2	6.766900E+1	1.410000E+0
3.002100E+1	4.690887E-1	5.769532E+0	3.301310E+2	6.766900E+1	1.410000E+0
3.010200E+1	4.690889E-1	5.771866E+0	3.301310E+2	6.766900E+1	1.410000E+0
3.011100E+1	4.690889E-1	5.771866E+0	3.301310E+2	6.766900E+1	1.410000E+0
3.019100E+1	4.690931E-1	5.768726E+0	3.301310E+2	6.766900E+1	1.410000E+0
3.020000E+1	4.690931E-1	5.768726E+0	3.301310E+2	6.766900E+1	1.410000E+0
3.028100E+1	4.690919E-1	5.766678E+0	3.301310E+2	6.766900E+1	1.410000E+0
3.029100E+1	4.690919E-1	5.766678E+0	3.301310E+2	6.766900E+1	1.410000E+0
3.037200E+1	4.690963E-1	5.766917E+0	3.301310E+2	6.766900E+1	1.410000E+0
3.038500E+1	4.690963E-1	5.766917E+0	3.301310E+2	6.766900E+1	1.410000E+0
3.049900E+1	4.690909E-1	5.749087E+0	3.301310E+2	6.766900E+1	1.410000E+0
3.050800E+1	4.690909E-1	5.749087E+0	3.301310E+2	6.766900E+1	1.410000E+0
3.059200E+1	4.780927E-1	6.219312E+0	3.301310E+2	6.766900E+1	1.410000E+0
3.060200E+1	4.780927E-1	6.219312E+0	3.301310E+2	6.766900E+1	1.410000E+0
3.068200E+1	4.800881E-1	6.344565E+0	3.301310E+2	6.766900E+1	1.410000E+0
3.069100E+1	4.800881E-1	6.344565E+0	3.301310E+2	6.766900E+1	1.410000E+0
3.077200E+1	4.800811E-1	6.344406E+0	3.301310E+2	6.766900E+1	1.410000E+0
3.078100E+1	4.800811E-1	6.344406E+0	3.301310E+2	6.766900E+1	1.410000E+0
3.086100E+1	4.800775E-1	6.342397E+0	3.301310E+2	6.766900E+1	1.410000E+0
3.087000E+1	4.800775E-1	6.342397E+0	3.301310E+2	6.766900E+1	1.410000E+0
3.098200E+1	4.800765E-1	6.326917E+0	3.301310E+2	6.766900E+1	1.410000E+0
3.099100E+1	4.800765E-1	6.326917E+0	3.301310E+2	6.766900E+1	1.410000E+0
3.107300E+1	4.800940E-1	6.321615E+0	3.301310E+2	6.766900E+1	1.410000E+0
3.108200E+1	4.800940E-1	6.321615E+0	3.301310E+2	6.766900E+1	1.410000E+0
3.116200E+1	4.801000E-1	6.320386E+0	3.301310E+2	6.766900E+1	1.410000E+0
3.117100E+1	4.801000E-1	6.320386E+0	3.301310E+2	6.766900E+1	1.410000E+0
3.125300E+1	4.910453E-1	6.917623E+0	3.301310E+2	6.766900E+1	1.410000E+0
3.126100E+1	4.910453E-1	6.917623E+0	3.301310E+2	6.766900E+1	1.410000E+0
3.134300E+1	4.911169E-1	6.925685E+0	3.301310E+2	6.766900E+1	1.410000E+0
3.135600E+1	4.911169E-1	6.925685E+0	3.301310E+2	6.766900E+1	1.410000E+0
3.146900E+1	4.911201E-1	6.913991E+0	3.301310E+2	6.766900E+1	1.410000E+0
3.147800E+1	4.911201E-1	6.913991E+0	3.301310E+2	6.766900E+1	1.410000E+0
3.156300E+1	4.911319E-1	6.919049E+0	3.301310E+2	6.766900E+1	1.410000E+0
3.157200E+1	4.911319E-1	6.919049E+0	3.301310E+2	6.766900E+1	1.410000E+0
3.165300E+1	4.911321E-1	6.916375E+0	3.301310E+2	6.766900E+1	1.410000E+0
3.166200E+1	4.911321E-1	6.916375E+0	3.301310E+2	6.766900E+1	1.410000E+0
3.174300E+1	4.911229E-1	6.916145E+0	3.301310E+2	6.766900E+1	1.410000E+0
3.175100E+1	4.911229E-1	6.916145E+0	3.301310E+2	6.766900E+1	1.410000E+0
3.183300E+1	5.001560E-1	7.389175E+0	3.301310E+2	6.766900E+1	1.410000E+0
3.184100E+1	5.001560E-1	7.389175E+0	3.301310E+2	6.766900E+1	1.410000E+0
3.195300E+1	5.021326E-1	7.527058E+0	3.301310E+2	6.766900E+1	1.410000E+0
3.196200E+1	5.021326E-1	7.527058E+0	3.301310E+2	6.766900E+1	1.410000E+0
3.204300E+1	5.021398E-1	7.517401E+0	3.301310E+2	6.766900E+1	1.410000E+0
3.205200E+1	5.021398E-1	7.517401E+0	3.301310E+2	6.766900E+1	1.410000E+0
3.213200E+1	5.021434E-1	7.517684E+0	3.301310E+2	6.766900E+1	1.410000E+0
3.214100E+1	5.021434E-1	7.517684E+0	3.301310E+2	6.766900E+1	1.410000E+0
3.222200E+1	5.021464E-1	7.508222E+0	3.301310E+2	6.766900E+1	1.410000E+0
3.223200E+1	5.021464E-1	7.508222E+0	3.301310E+2	6.766900E+1	1.410000E+0
3.231300E+1	5.021464E-1	7.501800E+0	3.301310E+2	6.766900E+1	1.410000E+0
3.232600E+1	5.021464E-1	7.501800E+0	3.301310E+2	6.766900E+1	1.410000E+0
3.244000E+1	5.021500E-1	7.499746E+0	3.301310E+2	6.766900E+1	1.410000E+0
3.244900E+1	5.021500E-1	7.499746E+0	3.301310E+2	6.766900E+1	1.410000E+0
3.253200E+1	5.076447E-1	7.818357E+0	3.301310E+2	6.766900E+1	1.410000E+0
3.254100E+1	5.076447E-1	7.818357E+0	3.301310E+2	6.766900E+1	1.410000E+0
3.262300E+1	5.076579E-1	7.819670E+0	3.301310E+2	6.766900E+1	1.410000E+0
3.263200E+1	5.076579E-1	7.819670E+0	3.301310E+2	6.766900E+1	1.410000E+0
3.271200E+1	5.076573E-1	7.802797E+0	3.301310E+2	6.766900E+1	1.410000E+0
3.272100E+1	5.076573E-1	7.802797E+0	3.301310E+2	6.766900E+1	1.410000E+0
3.280300E+1	5.076640E-1	7.807438E+0	3.301310E+2	6.766900E+1	1.410000E+0
3.281200E+1	5.076640E-1	7.807438E+0	3.301310E+2	6.766900E+1	1.410000E+0
3.292300E+1	5.076656E-1	7.810845E+0	3.301310E+2	6.766900E+1	1.410000E+0
3.293200E+1	5.076656E-1	7.810845E+0	3.301310E+2	6.766900E+1	1.410000E+0
3.301300E+1	5.076662E-1	7.807715E+0	3.301310E+2	6.766900E+1	1.410000E+0
3.302300E+1	5.076662E-1	7.807715E+0	3.301310E+2	6.766900E+1	1.410000E+0
3.310200E+1	5.157682E-1	8.248010E+0	3.301310E+2	6.766900E+1	1.410000E+0
3.311100E+1	5.157682E-1	8.248010E+0	3.301310E+2	6.766900E+1	1.410000E+0
3.319300E+1	5.186460E-1	8.436662E+0	3.301310E+2	6.766900E+1	1.410000E+0
3.320200E+1	5.186460E-1	8.436662E+0	3.301310E+2	6.766900E+1	1.410000E+0
3.328200E+1	5.186361E-1	8.435626E+0	3.301310E+2	6.766900E+1	1.410000E+0
3.329200E+1	5.186361E-1	8.435626E+0	3.301310E+2	6.766900E+1	1.410000E+0
3.340400E+1	5.186502E-1	8.427379E+0	3.301310E+2	6.766900E+1	1.410000E+0
3.341700E+1	5.186502E-1	8.427379E+0	3.301310E+2	6.766900E+1	1.410000E+0
3.349900E+1	5.186458E-1	8.419811E+0	3.301310E+2	6.766900E+1	1.410000E+0
3.350700E+1	5.186458E-1	8.419811E+0	3.301310E+2	6.766900E+1	1.410000E+0
3.358900E+1	5.186313E-1	8.429211E+0	3.301310E+2	6.766900E+1	1.410000E+0
3.359900E+1	5.186313E-1	8.429211E+0	3.301310E+2	6.766900E+1	1.410000E+0
3.368200E+1	5.186478E-1	8.425110E+0	3.301310E+2	6.766900E+1	1.410000E+0
3.369100E+1	5.186478E-1	8.425110E+0	3.301310E+2	6.766900E+1	1.410000E+0
3.377300E+1	5.296492E-1	9.059696E+0	3.301310E+2	6.766900E+1	1.410000E+0
3.378200E+1	5.296492E-1	9.059696E+0	3.301310E+2	6.766900E+1	1.410000E+0
3.389500E+1	5.296735E-1	9.067105E+0	3.301310E+2	6.766900E+1	1.410000E+0
3.390400E+1	5.296735E-1	9.067105E+0	3.301310E+2	6.766900E+1	1.410000E+0
3.398200E+1	5.296739E-1	9.064458E+0	3.301310E+2	6.766900E+1	1.410000E+0
3.399100E+1	5.296739E-1	9.064458E+0	3.301310E+2	6.766900E+1	1.410000E+0
3.407300E+1	5.296807E-1	9.049100E+0	3.301310E+2	6.766900E+1	1.410000E+0
3.408200E+1	5.296807E-1	9.049100E+0	3.301310E+2	6.766900E+1	1.410000E+0
3.416300E+1	5.296851E-1	9.051991E+0	3.301310E+2	6.766900E+1	1.410000E+0
3.417200E+1	5.296851E-1	9.051991E+0	3.301310E+2	6.766900E+1	1.410000E+0
3.425400E+1	5.296823E-1	9.042180E+0	3.301310E+2	6.766900E+1	1.410000E+0
3.426300E+1	5.296823E-1	9.042180E+0	3.301310E+2	6.766900E+1	1.410000E+0
3.437400E+1	5.296761E-1	9.044291E+0	3.301310E+2	6.766900E+1	1.410000E+0
3.438700E+1	5.296761E-1	9.044291E+0	3.301310E+2	6.766900E+1	1.410000E+0
3.447000E+1	5.406340E-1	9.699926E+0	3.301310E+2	6.766900E+1	1.410000E+0
3.447900E+1	5.406340E-1	9.699926E+0	3.301310E+2	6.766900E+1	1.410000E+0
3.456300E+1	5.406848E-1	9.697358E+0	3.301310E+2	6.766900E+1	1.410000E+0
3.457300E+1	5.406848E-1	9.697358E+0	3.301310E+2	6.766900E+1	1.410000E+0
3.465300E+1	5.406894E-1	9.694276E+0	3.301310E+2	6.766900E+1	1.410000E+0
3.466200E+1	5.406894E-1	9.694276E+0	3.301310E+2	6.766900E+1	1.410000E+0
3.474400E+1	5.406878E-1	9.690550E+0	3.301310E+2	6.766900E+1	1.410000E+0
3.475300E+1	5.406878E-1	9.690550E+0	3.301310E+2	6.766900E+1	1.410000E+0
3.486300E+1	5.406886E-1	9.689870E+0	3.301310E+2	6.766900E+1	1.410000E+0
3.487200E+1	5.406886E-1	9.689870E+0	3.301310E+2	6.766900E+1	1.410000E+0
3.495300E+1	5.406944E-1	9.685948E+0	3.301310E+2	6.766900E+1	1.410000E+0
3.496100E+1	5.406944E-1	9.685948E+0	3.301310E+2	6.766900E+1	1.410000E+0
3.504200E+1	5.492353E-1	1.018649E+1	3.301310E+2	6.766900E+1	1.410000E+0
3.505100E+1	5.492353E-1	1.018649E+1	3.301310E+2	6.766900E+1	1.410000E+0
3.513200E+1	5.517319E-1	1.035676E+1	3.301310E+2	6.766900E+1	1.410000E+0
3.514100E+1	5.517319E-1	1.035676E+1	3.301310E+2	6.766900E+1	1.410000E+0
3.522300E+1	5.517261E-1	1.035235E+1	3.301310E+2	6.766900E+1	1.410000E+0
3.523200E+1	5.517261E-1	1.035235E+1	3.301310E+2	6.766900E+1	1.410000E+0
3.534400E+1	5.517241E-1	1.034906E+1	3.301310E+2	6.766900E+1	1.410000E+0
3.535700E+1	5.517241E-1	1.034906E+1	3.301310E+2	6.766900E+1	1.410000E+0
3.543900E+1	5.517133E-1	1.034082E+1	3.301310E+2	6.766900E+1	1.410000E+0
3.544900E+1	5.517133E-1	1.034082E+1	3.301310E+2	6.766900E+1	1.410000E+0
3.553300E+1	5.517177E-1	1.033731E+1	3.301310E+2	6.766900E+1	1.410000E+0
3.554200E+1	5.517177E-1	1.033731E+1	3.301310E+2	6.766900E+1	1.410000E+0
3.562300E+1	5.517289E-1	1.033130E+1	3.301310E+2	6.766900E+1	1.410000E+0
3.563200E+1	5.517289E-1	1.033130E+1	3.301310E+2	6.766900E+1	1.410000E+0
3.571300E+1	5.626049E-1	1.099513E+1	3.301310E+2	6.766900E+1	1.410000E+0
3.572100E+1	5.626049E-1	1.099513E+1	3.301310E+2	6.766900E+1	1.410000E+0
3.583400E+1	5.626664E-1	1.100345E+1	3.301310E+2	6.766900E+1	1.410000E+0
3.584300E+1	5.626664E-1	1.100345E+1	3.301310E+2	6.766900E+1	1.410000E+0
3.592300E+1	5.626560E-1	1.099342E+1	3.301310E+2	6.766900E+1	1.410000E+0
3.593200E+1	5.626560E-1	1.099342E+1	3.301310E+2	6.766900E+1	1.410000E+0
3.601300E+1	5.626596E-1	1.099843E+1	3.301310E+2	6.766900E+1	1.410000E+0
3.602200E+1	5.626596E-1	1.099843E+1	3.301310E+2	6.766900E+1	1.410000E+0
3.610300E+1	5.626584E-1	1.099343E+1	3.301310E+2	6.766900E+1	1.410000E+0
3.611200E+1	5.626584E-1	1.099343E+1	3.301310E+2	6.766900E+1	1.410000E+0
3.619400E+1	5.626530E-1	1.099245E+1	3.301310E+2	6.766900E+1	1.410000E+0
3.620300E+1	5.626530E-1	1.099245E+1	3.301310E+2	6.766900E+1	1.410000E+0
3.631600E+1	5.668497E-1	1.123063E+1	3.301310E+2	6.766900E+1	1.410000E+0
3.632900E+1	5.668497E-1	1.123063E+1	3.301310E+2	6.766900E+1	1.410000E+0
3.641200E+1	5.681788E-1	1.132269E+1	3.301310E+2	6.766900E+1	1.410000E+0
3.642100E+1	5.681788E-1	1.132269E+1	3.301310E+2	6.766900E+1	1.410000E+0
3.650300E+1	5.681912E-1	1.131985E+1	3.301310E+2	6.766900E+1	1.410000E+0
3.651100E+1	5.681912E-1	1.131985E+1	3.301310E+2	6.766900E+1	1.410000E+0
3.659200E+1	5.681745E-1	1.131938E+1	3.301310E+2	6.766900E+1	1.410000E+0
3.660100E+1	5.681745E-1	1.131938E+1	3.301310E+2	6.766900E+1	1.410000E+0
3.668300E+1	5.681878E-1	1.131370E+1	3.301310E+2	6.766900E+1	1.410000E+0
3.669200E+1	5.681878E-1	1.131370E+1	3.301310E+2	6.766900E+1	1.410000E+0
3.680400E+1	5.681772E-1	1.131109E+1	3.301310E+2	6.766900E+1	1.410000E+0
3.681300E+1	5.681772E-1	1.131109E+1	3.301310E+2	6.766900E+1	1.410000E+0
3.689400E+1	5.681802E-1	1.131558E+1	3.301310E+2	6.766900E+1	1.410000E+0
3.690300E+1	5.681802E-1	1.131558E+1	3.301310E+2	6.766900E+1	1.410000E+0
3.698300E+1	5.768957E-1	1.183436E+1	3.301310E+2	6.766900E+1	1.410000E+0
3.699200E+1	5.768957E-1	1.183436E+1	3.301310E+2	6.766900E+1	1.410000E+0
3.707400E+1	5.792101E-1	1.199120E+1	3.301310E+2	6.766900E+1	1.410000E+0
3.708200E+1	5.792101E-1	1.199120E+1	3.301310E+2	6.766900E+1	1.410000E+0
3.716300E+1	5.792163E-1	1.198800E+1	3.301310E+2	6.766900E+1	1.410000E+0
3.717100E+1	5.792163E-1	1.198800E+1	3.301310E+2	6.766900E+1	1.410000E+0
3.728400E+1	5.792187E-1	1.198736E+1	3.301310E+2	6.766900E+1	1.410000E+0
3.729300E+1	5.792187E-1	1.198736E+1	3.301310E+2	6.766900E+1	1.410000E+0
3.737200E+1	5.792243E-1	1.198384E+1	3.301310E+2	6.766900E+1	1.410000E+0
3.738500E+1	5.792243E-1	1.198384E+1	3.301310E+2	6.766900E+1	1.410000E+0
3.747000E+1	5.792151E-1	1.197997E+1	3.301310E+2	6.766900E+1	1.410000E+0
3.747900E+1	5.792151E-1	1.197997E+1	3.301310E+2	6.766900E+1	1.410000E+0
3.756300E+1	5.792135E-1	1.197898E+1	3.301310E+2	6.766900E+1	1.410000E+0
3.757200E+1	5.792135E-1	1.197898E+1	3.301310E+2	6.766900E+1	1.410000E+0
3.779900E+1	5.902063E-1	1.265907E+1	3.301310E+2	6.766900E+1	1.410000E+0
3.780700E+1	5.902063E-1	1.265907E+1	3.301310E+2	6.766900E+1	1.410000E+0
3.789300E+1	5.902053E-1	1.265820E+1	3.301310E+2	6.766900E+1	1.410000E+0
3.790100E+1	5.902053E-1	1.265820E+1	3.301310E+2	6.766900E+1	1.410000E+0
3.798200E+1	5.902191E-1	1.265365E+1	3.301310E+2	6.766900E+1	1.410000E+0
3.799100E+1	5.902191E-1	1.265365E+1	3.301310E+2	6.766900E+1	1.410000E+0
3.807300E+1	5.901983E-1	1.265366E+1	3.301310E+2	6.766900E+1	1.410000E+0
3.808100E+1	5.901983E-1	1.265366E+1	3.301310E+2	6.766900E+1	1.410000E+0
3.819000E+1	5.902083E-1	1.265584E+1	3.301310E+2	6.766900E+1	1.410000E+0
3.819800E+1	5.902083E-1	1.265584E+1	3.301310E+2	6.766900E+1	1.410000E+0
3.828400E+1	5.902021E-1	1.264263E+1	3.301310E+2	6.766900E+1	1.410000E+0
3.829300E+1	5.902021E-1	1.264263E+1	3.301310E+2	6.766900E+1	1.410000E+0
3.837300E+1	5.982321E-1	1.314054E+1	3.301310E+2	6.766900E+1	1.410000E+0
3.838600E+1	5.982321E-1	1.314054E+1	3.301310E+2	6.766900E+1	1.410000E+0
3.846200E+1	6.012330E-1	1.334334E+1	3.301310E+2	6.766900E+1	1.410000E+0
3.847100E+1	6.012330E-1	1.334334E+1	3.301310E+2	6.766900E+1	1.410000E+0
3.855200E+1	6.012362E-1	1.333287E+1	3.301310E+2	6.766900E+1	1.410000E+0
3.856100E+1	6.012362E-1	1.333287E+1	3.301310E+2	6.766900E+1	1.410000E+0
3.867400E+1	6.012364E-1	1.333400E+1	3.301310E+2	6.766900E+1	1.410000E+0
3.868300E+1	6.012364E-1	1.333400E+1	3.301310E+2	6.766900E+1	1.410000E+0
3.876200E+1	6.012292E-1	1.333293E+1	3.301310E+2	6.766900E+1	1.410000E+0
3.877000E+1	6.012292E-1	1.333293E+1	3.301310E+2	6.766900E+1	1.410000E+0
3.885300E+1	6.012290E-1	1.332577E+1	3.301310E+2	6.766900E+1	1.410000E+0
3.886200E+1	6.012290E-1	1.332577E+1	3.301310E+2	6.766900E+1	1.410000E+0
3.894200E+1	6.012270E-1	1.332844E+1	3.301310E+2	6.766900E+1	1.410000E+0
3.895100E+1	6.012270E-1	1.332844E+1	3.301310E+2	6.766900E+1	1.410000E+0
3.903300E+1	6.122004E-1	1.400932E+1	3.301310E+2	6.766900E+1	1.410000E+0
