Sample;s2(i2)
V-V length(cm);1.000000
Field (T);13.058737
Temp (K);4.200000
Angle (deg.);0.000000
Field(T)_memo;13.000000
Time(sec.)	Current(A)	Voltage(uV)	Temp.1(K)	Temp.2(K)	Temp.3(K)
0.000000E+0	7.220001E-4	1.205135E-5	3.301310E+2	6.766900E+1	1.410000E+0
1.400000E-2	7.163865E-4	1.255349E-5	3.301310E+2	6.766900E+1	1.410000E+0
2.300000E-2	7.163865E-4	1.255349E-5	3.301310E+2	6.766900E+1	1.410000E+0
1.030000E-1	7.107729E-4	2.962624E-5	3.301310E+2	6.766900E+1	1.410000E+0
1.120000E-1	7.107729E-4	2.962624E-5	3.301310E+2	6.766900E+1	1.410000E+0
1.920000E-1	7.151836E-4	2.008559E-5	3.301310E+2	6.766900E+1	1.410000E+0
2.010000E-1	7.151836E-4	2.008559E-5	3.301310E+2	6.766900E+1	1.410000E+0
2.810000E-1	1.172328E-2	1.908131E-5	3.301310E+2	6.766900E+1	1.410000E+0
2.910000E-1	1.172328E-2	1.908131E-5	3.301310E+2	6.766900E+1	1.410000E+0
3.710000E-1	1.173731E-2	2.962624E-5	3.301310E+2	6.766900E+1	1.410000E+0
3.810000E-1	1.173731E-2	2.962624E-5	3.301310E+2	6.766900E+1	1.410000E+0
4.930000E-1	1.174293E-2	3.314119E-5	3.301310E+2	6.766900E+1	1.410000E+0
5.020000E-1	1.174293E-2	3.314119E-5	3.301310E+2	6.766900E+1	1.410000E+0
5.820000E-1	1.174754E-2	1.355774E-5	3.301310E+2	6.766900E+1	1.410000E+0
5.950000E-1	1.174754E-2	1.355774E-5	3.301310E+2	6.766900E+1	1.410000E+0
6.780000E-1	2.006270E-2	4.770324E-5	3.301310E+2	6.766900E+1	1.410000E+0
6.870000E-1	2.006270E-2	4.770324E-5	3.301310E+2	6.766900E+1	1.410000E+0
7.730000E-1	2.276525E-2	1.908128E-5	3.301310E+2	6.766900E+1	1.410000E+0
7.820000E-1	2.276525E-2	1.908128E-5	3.301310E+2	6.766900E+1	1.410000E+0
8.620000E-1	2.277608E-2	4.619682E-5	3.301310E+2	6.766900E+1	1.410000E+0
8.700000E-1	2.277608E-2	4.619682E-5	3.301310E+2	6.766900E+1	1.410000E+0
9.850000E-1	2.277227E-2	2.410268E-5	3.301310E+2	6.766900E+1	1.410000E+0
9.940000E-1	2.277227E-2	2.410268E-5	3.301310E+2	6.766900E+1	1.410000E+0
1.078000E+0	2.277688E-2	1.506392E-6	3.301310E+2	6.766900E+1	1.410000E+0
1.086000E+0	2.277688E-2	1.506392E-6	3.301310E+2	6.766900E+1	1.410000E+0
1.171000E+0	2.797268E-2	6.377171E-5	3.301310E+2	6.766900E+1	1.410000E+0
1.180000E+0	2.797268E-2	6.377171E-5	3.301310E+2	6.766900E+1	1.410000E+0
1.261000E+0	2.830068E-2	1.958342E-5	3.301310E+2	6.766900E+1	1.410000E+0
1.269000E+0	2.830068E-2	1.958342E-5	3.301310E+2	6.766900E+1	1.410000E+0
1.351000E+0	2.830028E-2	1.707272E-5	3.301310E+2	6.766900E+1	1.410000E+0
1.360000E+0	2.830028E-2	1.707272E-5	3.301310E+2	6.766900E+1	1.410000E+0
1.472000E+0	2.829226E-2	-1.004306E-6	3.301310E+2	6.766900E+1	1.410000E+0
1.480000E+0	2.829226E-2	-1.004306E-6	3.301310E+2	6.766900E+1	1.410000E+0
1.561000E+0	3.924402E-2	4.318398E-5	3.301310E+2	6.766900E+1	1.410000E+0
1.574000E+0	3.924402E-2	4.318398E-5	3.301310E+2	6.766900E+1	1.410000E+0
1.656000E+0	3.924783E-2	2.912407E-5	3.301310E+2	6.766900E+1	1.410000E+0
1.665000E+0	3.924783E-2	2.912407E-5	3.301310E+2	6.766900E+1	1.410000E+0
1.750000E+0	3.925725E-2	1.606844E-5	3.301310E+2	6.766900E+1	1.410000E+0
1.759000E+0	3.925725E-2	1.606844E-5	3.301310E+2	6.766900E+1	1.410000E+0
1.840000E+0	3.925063E-2	3.816259E-5	3.301310E+2	6.766900E+1	1.410000E+0
1.849000E+0	3.925063E-2	3.816259E-5	3.301310E+2	6.766900E+1	1.410000E+0
1.960000E+0	4.743689E-2	1.129814E-4	3.301310E+2	6.766900E+1	1.410000E+0
1.969000E+0	4.743689E-2	1.129814E-4	3.301310E+2	6.766900E+1	1.410000E+0
2.049000E+0	5.028740E-2	2.410268E-5	3.301310E+2	6.766900E+1	1.410000E+0
2.057000E+0	5.028740E-2	2.410268E-5	3.301310E+2	6.766900E+1	1.410000E+0
2.138000E+0	5.030023E-2	1.857914E-5	3.301310E+2	6.766900E+1	1.410000E+0
2.147000E+0	5.030023E-2	1.857914E-5	3.301310E+2	6.766900E+1	1.410000E+0
2.229000E+0	5.029081E-2	2.159198E-5	3.301310E+2	6.766900E+1	1.410000E+0
2.237000E+0	5.029081E-2	2.159198E-5	3.301310E+2	6.766900E+1	1.410000E+0
2.318000E+0	5.029682E-2	3.514975E-5	3.301310E+2	6.766900E+1	1.410000E+0
2.327000E+0	5.029682E-2	3.514975E-5	3.301310E+2	6.766900E+1	1.410000E+0
2.438000E+0	6.131975E-2	4.217970E-5	3.301310E+2	6.766900E+1	1.410000E+0
2.448000E+0	6.131975E-2	4.217970E-5	3.301310E+2	6.766900E+1	1.410000E+0
2.529000E+0	6.132737E-2	1.757486E-5	3.301310E+2	6.766900E+1	1.410000E+0
2.542000E+0	6.132737E-2	1.757486E-5	3.301310E+2	6.766900E+1	1.410000E+0
2.624000E+0	6.133058E-2	2.309840E-5	3.301310E+2	6.766900E+1	1.410000E+0
2.634000E+0	6.133058E-2	2.309840E-5	3.301310E+2	6.766900E+1	1.410000E+0
2.717000E+0	6.132116E-2	2.560910E-5	3.301310E+2	6.766900E+1	1.410000E+0
2.727000E+0	6.132116E-2	2.560910E-5	3.301310E+2	6.766900E+1	1.410000E+0
2.808000E+0	6.978548E-2	1.019343E-4	3.301310E+2	6.766900E+1	1.410000E+0
2.817000E+0	6.978548E-2	1.019343E-4	3.301310E+2	6.766900E+1	1.410000E+0
2.929000E+0	7.234830E-2	1.104705E-5	3.301310E+2	6.766900E+1	1.410000E+0
2.938000E+0	7.234830E-2	1.104705E-5	3.301310E+2	6.766900E+1	1.410000E+0
3.017000E+0	7.235010E-2	1.205132E-5	3.301310E+2	6.766900E+1	1.410000E+0
3.025000E+0	7.235010E-2	1.205132E-5	3.301310E+2	6.766900E+1	1.410000E+0
3.107000E+0	7.234108E-2	2.811979E-5	3.301310E+2	6.766900E+1	1.410000E+0
3.117000E+0	7.234108E-2	2.811979E-5	3.301310E+2	6.766900E+1	1.410000E+0
3.197000E+0	7.234649E-2	2.811979E-5	3.301310E+2	6.766900E+1	1.410000E+0
3.206000E+0	7.234649E-2	2.811979E-5	3.301310E+2	6.766900E+1	1.410000E+0
3.288000E+0	7.781355E-2	4.268184E-5	3.301310E+2	6.766900E+1	1.410000E+0
3.297000E+0	7.781355E-2	4.268184E-5	3.301310E+2	6.766900E+1	1.410000E+0
3.408000E+0	7.782197E-2	2.912407E-5	3.301310E+2	6.766900E+1	1.410000E+0
3.417000E+0	7.782197E-2	2.912407E-5	3.301310E+2	6.766900E+1	1.410000E+0
3.496000E+0	7.780713E-2	2.611124E-5	3.301310E+2	6.766900E+1	1.410000E+0
3.506000E+0	7.780713E-2	2.611124E-5	3.301310E+2	6.766900E+1	1.410000E+0
3.587000E+0	7.780974E-2	2.008532E-6	3.301310E+2	6.766900E+1	1.410000E+0
3.600000E+0	7.780974E-2	2.008532E-6	3.301310E+2	6.766900E+1	1.410000E+0
3.683000E+0	8.884691E-2	3.113263E-5	3.301310E+2	6.766900E+1	1.410000E+0
3.692000E+0	8.884691E-2	3.113263E-5	3.301310E+2	6.766900E+1	1.410000E+0
3.776000E+0	8.884290E-2	3.866473E-5	3.301310E+2	6.766900E+1	1.410000E+0
3.785000E+0	8.884290E-2	3.866473E-5	3.301310E+2	6.766900E+1	1.410000E+0
3.897000E+0	8.883568E-2	3.263905E-5	3.301310E+2	6.766900E+1	1.410000E+0
3.906000E+0	8.883568E-2	3.263905E-5	3.301310E+2	6.766900E+1	1.410000E+0
3.986000E+0	8.884430E-2	3.063049E-5	3.301310E+2	6.766900E+1	1.410000E+0
3.994000E+0	8.884430E-2	3.063049E-5	3.301310E+2	6.766900E+1	1.410000E+0
4.075000E+0	9.726652E-2	1.109728E-4	3.301310E+2	6.766900E+1	1.410000E+0
4.084000E+0	9.726652E-2	1.109728E-4	3.301310E+2	6.766900E+1	1.410000E+0
4.165000E+0	9.986723E-2	3.866473E-5	3.301310E+2	6.766900E+1	1.410000E+0
4.174000E+0	9.986723E-2	3.866473E-5	3.301310E+2	6.766900E+1	1.410000E+0
4.256000E+0	9.985440E-2	2.611124E-5	3.301310E+2	6.766900E+1	1.410000E+0
4.264000E+0	9.985440E-2	2.611124E-5	3.301310E+2	6.766900E+1	1.410000E+0
4.375000E+0	9.984919E-2	3.163477E-5	3.301310E+2	6.766900E+1	1.410000E+0
4.384000E+0	9.984919E-2	3.163477E-5	3.301310E+2	6.766900E+1	1.410000E+0
4.465000E+0	9.987284E-2	2.360054E-5	3.301310E+2	6.766900E+1	1.410000E+0
4.474000E+0	9.987284E-2	2.360054E-5	3.301310E+2	6.766900E+1	1.410000E+0
4.555000E+0	1.108856E-1	4.619682E-5	3.301310E+2	6.766900E+1	1.410000E+0
4.568000E+0	1.108856E-1	4.619682E-5	3.301310E+2	6.766900E+1	1.410000E+0
4.651000E+0	1.108958E-1	2.460482E-5	3.301310E+2	6.766900E+1	1.410000E+0
4.660000E+0	1.108958E-1	2.460482E-5	3.301310E+2	6.766900E+1	1.410000E+0
4.745000E+0	1.108902E-1	2.309840E-5	3.301310E+2	6.766900E+1	1.410000E+0
4.754000E+0	1.108902E-1	2.309840E-5	3.301310E+2	6.766900E+1	1.410000E+0
4.867000E+0	1.108874E-1	8.034208E-6	3.301310E+2	6.766900E+1	1.410000E+0
4.875000E+0	1.108874E-1	8.034208E-6	3.301310E+2	6.766900E+1	1.410000E+0
4.954000E+0	1.186367E-1	1.149900E-4	3.301310E+2	6.766900E+1	1.410000E+0
4.963000E+0	1.186367E-1	1.149900E-4	3.301310E+2	6.766900E+1	1.410000E+0
5.044000E+0	1.218568E-1	4.017115E-5	3.301310E+2	6.766900E+1	1.410000E+0
5.053000E+0	1.218568E-1	4.017115E-5	3.301310E+2	6.766900E+1	1.410000E+0
5.134000E+0	1.218592E-1	3.063049E-5	3.301310E+2	6.766900E+1	1.410000E+0
5.143000E+0	1.218592E-1	3.063049E-5	3.301310E+2	6.766900E+1	1.410000E+0
5.223000E+0	1.218511E-1	4.167756E-5	3.301310E+2	6.766900E+1	1.410000E+0
5.232000E+0	1.218511E-1	4.167756E-5	3.301310E+2	6.766900E+1	1.410000E+0
5.346000E+0	1.218548E-1	2.912407E-5	3.301310E+2	6.766900E+1	1.410000E+0
5.355000E+0	1.218548E-1	2.912407E-5	3.301310E+2	6.766900E+1	1.410000E+0
5.433000E+0	1.328504E-1	4.870752E-5	3.301310E+2	6.766900E+1	1.410000E+0
5.442000E+0	1.328504E-1	4.870752E-5	3.301310E+2	6.766900E+1	1.410000E+0
5.524000E+0	1.328905E-1	2.309840E-5	3.301310E+2	6.766900E+1	1.410000E+0
5.538000E+0	1.328905E-1	2.309840E-5	3.301310E+2	6.766900E+1	1.410000E+0
5.620000E+0	1.329102E-1	5.623962E-5	3.301310E+2	6.766900E+1	1.410000E+0
5.629000E+0	1.329102E-1	5.623962E-5	3.301310E+2	6.766900E+1	1.410000E+0
5.713000E+0	1.328963E-1	3.163477E-5	3.301310E+2	6.766900E+1	1.410000E+0
5.722000E+0	1.328963E-1	3.163477E-5	3.301310E+2	6.766900E+1	1.410000E+0
5.834000E+0	1.384087E-1	6.979739E-5	3.301310E+2	6.766900E+1	1.410000E+0
5.843000E+0	1.384087E-1	6.979739E-5	3.301310E+2	6.766900E+1	1.410000E+0
5.923000E+0	1.384267E-1	3.113263E-5	3.301310E+2	6.766900E+1	1.410000E+0
5.932000E+0	1.384267E-1	3.113263E-5	3.301310E+2	6.766900E+1	1.410000E+0
6.012000E+0	1.384263E-1	4.418826E-5	3.301310E+2	6.766900E+1	1.410000E+0
6.020000E+0	1.384263E-1	4.418826E-5	3.301310E+2	6.766900E+1	1.410000E+0
6.102000E+0	1.384265E-1	5.222250E-5	3.301310E+2	6.766900E+1	1.410000E+0
6.111000E+0	1.384265E-1	5.222250E-5	3.301310E+2	6.766900E+1	1.410000E+0
6.192000E+0	1.475918E-1	1.255349E-4	3.301310E+2	6.766900E+1	1.410000E+0
6.201000E+0	1.475918E-1	1.255349E-4	3.301310E+2	6.766900E+1	1.410000E+0
6.312000E+0	1.494433E-1	4.469040E-5	3.301310E+2	6.766900E+1	1.410000E+0
6.322000E+0	1.494433E-1	4.469040E-5	3.301310E+2	6.766900E+1	1.410000E+0
6.402000E+0	1.494469E-1	4.217970E-5	3.301310E+2	6.766900E+1	1.410000E+0
6.411000E+0	1.494469E-1	4.217970E-5	3.301310E+2	6.766900E+1	1.410000E+0
6.492000E+0	1.494597E-1	3.314119E-5	3.301310E+2	6.766900E+1	1.410000E+0
6.501000E+0	1.494597E-1	3.314119E-5	3.301310E+2	6.766900E+1	1.410000E+0
6.581000E+0	1.494509E-1	2.711551E-5	3.301310E+2	6.766900E+1	1.410000E+0
6.594000E+0	1.494509E-1	2.711551E-5	3.301310E+2	6.766900E+1	1.410000E+0
6.677000E+0	1.604814E-1	3.314119E-5	3.301310E+2	6.766900E+1	1.410000E+0
6.686000E+0	1.604814E-1	3.314119E-5	3.301310E+2	6.766900E+1	1.410000E+0
6.801000E+0	1.604908E-1	1.807700E-5	3.301310E+2	6.766900E+1	1.410000E+0
6.809000E+0	1.604908E-1	1.807700E-5	3.301310E+2	6.766900E+1	1.410000E+0
6.890000E+0	1.604979E-1	2.811979E-5	3.301310E+2	6.766900E+1	1.410000E+0
6.899000E+0	1.604979E-1	2.811979E-5	3.301310E+2	6.766900E+1	1.410000E+0
6.980000E+0	1.604840E-1	5.322678E-5	3.301310E+2	6.766900E+1	1.410000E+0
6.989000E+0	1.604840E-1	5.322678E-5	3.301310E+2	6.766900E+1	1.410000E+0
7.071000E+0	1.687431E-1	1.144878E-4	3.301310E+2	6.766900E+1	1.410000E+0
7.080000E+0	1.687431E-1	1.144878E-4	3.301310E+2	6.766900E+1	1.410000E+0
7.161000E+0	1.714771E-1	2.209412E-5	3.301310E+2	6.766900E+1	1.410000E+0
7.169000E+0	1.714771E-1	2.209412E-5	3.301310E+2	6.766900E+1	1.410000E+0
7.281000E+0	1.714645E-1	3.063049E-5	3.301310E+2	6.766900E+1	1.410000E+0
7.289000E+0	1.714645E-1	3.063049E-5	3.301310E+2	6.766900E+1	1.410000E+0
7.369000E+0	1.714717E-1	5.824817E-5	3.301310E+2	6.766900E+1	1.410000E+0
7.378000E+0	1.714717E-1	5.824817E-5	3.301310E+2	6.766900E+1	1.410000E+0
7.460000E+0	1.714665E-1	4.820538E-5	3.301310E+2	6.766900E+1	1.410000E+0
7.469000E+0	1.714665E-1	4.820538E-5	3.301310E+2	6.766900E+1	1.410000E+0
7.549000E+0	1.824888E-1	4.971180E-5	3.301310E+2	6.766900E+1	1.410000E+0
7.562000E+0	1.824888E-1	4.971180E-5	3.301310E+2	6.766900E+1	1.410000E+0
7.646000E+0	1.824962E-1	5.222250E-5	3.301310E+2	6.766900E+1	1.410000E+0
7.655000E+0	1.824962E-1	5.222250E-5	3.301310E+2	6.766900E+1	1.410000E+0
7.772000E+0	1.825034E-1	5.925245E-5	3.301310E+2	6.766900E+1	1.410000E+0
7.781000E+0	1.825034E-1	5.925245E-5	3.301310E+2	6.766900E+1	1.410000E+0
7.865000E+0	1.825020E-1	2.159198E-5	3.301310E+2	6.766900E+1	1.410000E+0
7.874000E+0	1.825020E-1	2.159198E-5	3.301310E+2	6.766900E+1	1.410000E+0
7.958000E+0	1.879059E-1	9.942363E-5	3.301310E+2	6.766900E+1	1.410000E+0
7.967000E+0	1.879059E-1	9.942363E-5	3.301310E+2	6.766900E+1	1.410000E+0
8.048000E+0	1.879815E-1	5.423106E-5	3.301310E+2	6.766900E+1	1.410000E+0
8.057000E+0	1.879815E-1	5.423106E-5	3.301310E+2	6.766900E+1	1.410000E+0
8.138000E+0	1.880062E-1	2.460482E-5	3.301310E+2	6.766900E+1	1.410000E+0
8.147000E+0	1.880062E-1	2.460482E-5	3.301310E+2	6.766900E+1	1.410000E+0
8.258000E+0	1.879967E-1	2.209412E-5	3.301310E+2	6.766900E+1	1.410000E+0
8.268000E+0	1.879967E-1	2.209412E-5	3.301310E+2	6.766900E+1	1.410000E+0
8.347000E+0	1.934903E-1	6.075887E-5	3.301310E+2	6.766900E+1	1.410000E+0
8.357000E+0	1.934903E-1	6.075887E-5	3.301310E+2	6.766900E+1	1.410000E+0
8.438000E+0	1.990147E-1	3.113263E-5	3.301310E+2	6.766900E+1	1.410000E+0
8.447000E+0	1.990147E-1	3.113263E-5	3.301310E+2	6.766900E+1	1.410000E+0
8.528000E+0	1.990253E-1	7.230808E-5	3.301310E+2	6.766900E+1	1.410000E+0
8.541000E+0	1.990253E-1	7.230808E-5	3.301310E+2	6.766900E+1	1.410000E+0
8.624000E+0	1.990165E-1	3.615403E-5	3.301310E+2	6.766900E+1	1.410000E+0
8.633000E+0	1.990165E-1	3.615403E-5	3.301310E+2	6.766900E+1	1.410000E+0
8.748000E+0	1.990243E-1	3.816259E-5	3.301310E+2	6.766900E+1	1.410000E+0
8.757000E+0	1.990243E-1	3.816259E-5	3.301310E+2	6.766900E+1	1.410000E+0
8.837000E+0	2.099217E-1	7.481878E-5	3.301310E+2	6.766900E+1	1.410000E+0
8.845000E+0	2.099217E-1	7.481878E-5	3.301310E+2	6.766900E+1	1.410000E+0
8.926000E+0	2.099392E-1	6.126101E-5	3.301310E+2	6.766900E+1	1.410000E+0
8.935000E+0	2.099392E-1	6.126101E-5	3.301310E+2	6.766900E+1	1.410000E+0
9.016000E+0	2.099574E-1	6.226529E-5	3.301310E+2	6.766900E+1	1.410000E+0
9.025000E+0	2.099574E-1	6.226529E-5	3.301310E+2	6.766900E+1	1.410000E+0
9.106000E+0	2.099512E-1	3.314119E-5	3.301310E+2	6.766900E+1	1.410000E+0
9.115000E+0	2.099512E-1	3.314119E-5	3.301310E+2	6.766900E+1	1.410000E+0
9.227000E+0	2.182096E-1	1.456205E-4	3.301310E+2	6.766900E+1	1.410000E+0
9.236000E+0	2.182096E-1	1.456205E-4	3.301310E+2	6.766900E+1	1.410000E+0
9.316000E+0	2.209815E-1	4.720110E-5	3.301310E+2	6.766900E+1	1.410000E+0
9.325000E+0	2.209815E-1	4.720110E-5	3.301310E+2	6.766900E+1	1.410000E+0
9.405000E+0	2.209775E-1	5.523534E-5	3.301310E+2	6.766900E+1	1.410000E+0
9.415000E+0	2.209775E-1	5.523534E-5	3.301310E+2	6.766900E+1	1.410000E+0
9.496000E+0	2.209916E-1	4.318398E-5	3.301310E+2	6.766900E+1	1.410000E+0
9.505000E+0	2.209916E-1	4.318398E-5	3.301310E+2	6.766900E+1	1.410000E+0
9.586000E+0	2.209831E-1	5.523534E-5	3.301310E+2	6.766900E+1	1.410000E+0
9.599000E+0	2.209831E-1	5.523534E-5	3.301310E+2	6.766900E+1	1.410000E+0
9.713000E+0	2.319884E-1	5.322678E-5	3.301310E+2	6.766900E+1	1.410000E+0
9.722000E+0	2.319884E-1	5.322678E-5	3.301310E+2	6.766900E+1	1.410000E+0
9.805000E+0	2.319934E-1	6.879311E-5	3.301310E+2	6.766900E+1	1.410000E+0
9.814000E+0	2.319934E-1	6.879311E-5	3.301310E+2	6.766900E+1	1.410000E+0
9.894000E+0	2.320113E-1	6.578027E-5	3.301310E+2	6.766900E+1	1.410000E+0
9.903000E+0	2.320113E-1	6.578027E-5	3.301310E+2	6.766900E+1	1.410000E+0
9.985000E+0	2.319987E-1	3.966901E-5	3.301310E+2	6.766900E+1	1.410000E+0
9.994000E+0	2.319987E-1	3.966901E-5	3.301310E+2	6.766900E+1	1.410000E+0
1.007400E+1	2.375218E-1	4.318398E-5	3.301310E+2	6.766900E+1	1.410000E+0
1.008200E+1	2.375218E-1	4.318398E-5	3.301310E+2	6.766900E+1	1.410000E+0
1.019600E+1	2.375279E-1	2.811972E-5	3.301310E+2	6.766900E+1	1.410000E+0
1.020500E+1	2.375279E-1	2.811972E-5	3.301310E+2	6.766900E+1	1.410000E+0
1.028400E+1	2.375325E-1	4.619674E-5	3.301310E+2	6.766900E+1	1.410000E+0
1.029300E+1	2.375325E-1	4.619674E-5	3.301310E+2	6.766900E+1	1.410000E+0
1.037300E+1	2.375347E-1	4.619674E-5	3.301310E+2	6.766900E+1	1.410000E+0
1.038200E+1	2.375347E-1	4.619674E-5	3.301310E+2	6.766900E+1	1.410000E+0
1.046400E+1	2.466997E-1	1.400969E-4	3.301310E+2	6.766900E+1	1.410000E+0
1.047300E+1	2.466997E-1	1.400969E-4	3.301310E+2	6.766900E+1	1.410000E+0
1.055400E+1	2.485664E-1	5.473312E-5	3.301310E+2	6.766900E+1	1.410000E+0
1.056700E+1	2.485664E-1	5.473312E-5	3.301310E+2	6.766900E+1	1.410000E+0
1.068100E+1	2.485713E-1	3.464753E-5	3.301310E+2	6.766900E+1	1.410000E+0
1.068900E+1	2.485713E-1	3.464753E-5	3.301310E+2	6.766900E+1	1.410000E+0
1.077400E+1	2.485745E-1	3.514967E-5	3.301310E+2	6.766900E+1	1.410000E+0
1.078300E+1	2.485745E-1	3.514967E-5	3.301310E+2	6.766900E+1	1.410000E+0
1.086300E+1	2.485906E-1	2.811972E-5	3.301310E+2	6.766900E+1	1.410000E+0
1.087200E+1	2.485906E-1	2.811972E-5	3.301310E+2	6.766900E+1	1.410000E+0
1.095200E+1	2.595561E-1	7.180587E-5	3.301310E+2	6.766900E+1	1.410000E+0
1.096100E+1	2.595561E-1	7.180587E-5	3.301310E+2	6.766900E+1	1.410000E+0
1.104200E+1	2.595730E-1	3.514967E-5	3.301310E+2	6.766900E+1	1.410000E+0
1.105100E+1	2.595730E-1	3.514967E-5	3.301310E+2	6.766900E+1	1.410000E+0
1.116400E+1	2.595626E-1	2.761758E-5	3.301310E+2	6.766900E+1	1.410000E+0
1.117300E+1	2.595626E-1	2.761758E-5	3.301310E+2	6.766900E+1	1.410000E+0
1.125300E+1	2.595628E-1	4.017107E-5	3.301310E+2	6.766900E+1	1.410000E+0
1.126200E+1	2.595628E-1	4.017107E-5	3.301310E+2	6.766900E+1	1.410000E+0
1.134200E+1	2.682773E-1	1.069556E-4	3.301310E+2	6.766900E+1	1.410000E+0
1.135100E+1	2.682773E-1	1.069556E-4	3.301310E+2	6.766900E+1	1.410000E+0
1.143200E+1	2.706055E-1	4.770316E-5	3.301310E+2	6.766900E+1	1.410000E+0
1.144000E+1	2.706055E-1	4.770316E-5	3.301310E+2	6.766900E+1	1.410000E+0
1.152200E+1	2.706017E-1	4.217963E-5	3.301310E+2	6.766900E+1	1.410000E+0
1.153500E+1	2.706017E-1	4.217963E-5	3.301310E+2	6.766900E+1	1.410000E+0
1.165000E+1	2.706059E-1	3.816251E-5	3.301310E+2	6.766900E+1	1.410000E+0
1.165900E+1	2.706059E-1	3.816251E-5	3.301310E+2	6.766900E+1	1.410000E+0
1.174100E+1	2.705969E-1	4.920958E-5	3.301310E+2	6.766900E+1	1.410000E+0
1.175100E+1	2.705969E-1	4.920958E-5	3.301310E+2	6.766900E+1	1.410000E+0
1.183100E+1	2.816258E-1	6.879303E-5	3.301310E+2	6.766900E+1	1.410000E+0
1.184000E+1	2.816258E-1	6.879303E-5	3.301310E+2	6.766900E+1	1.410000E+0
1.192100E+1	2.816226E-1	5.071600E-5	3.301310E+2	6.766900E+1	1.410000E+0
1.193100E+1	2.816226E-1	5.071600E-5	3.301310E+2	6.766900E+1	1.410000E+0
1.201100E+1	2.816156E-1	5.372884E-5	3.301310E+2	6.766900E+1	1.410000E+0
1.202000E+1	2.816156E-1	5.372884E-5	3.301310E+2	6.766900E+1	1.410000E+0
1.213100E+1	2.816090E-1	5.272456E-5	3.301310E+2	6.766900E+1	1.410000E+0
1.214000E+1	2.816090E-1	5.272456E-5	3.301310E+2	6.766900E+1	1.410000E+0
1.222000E+1	2.926287E-1	5.824810E-5	3.301310E+2	6.766900E+1	1.410000E+0
1.222900E+1	2.926287E-1	5.824810E-5	3.301310E+2	6.766900E+1	1.410000E+0
1.231000E+1	2.926562E-1	4.619674E-5	3.301310E+2	6.766900E+1	1.410000E+0
1.232000E+1	2.926562E-1	4.619674E-5	3.301310E+2	6.766900E+1	1.410000E+0
1.240000E+1	2.926500E-1	5.573740E-5	3.301310E+2	6.766900E+1	1.410000E+0
1.240900E+1	2.926500E-1	5.573740E-5	3.301310E+2	6.766900E+1	1.410000E+0
1.249000E+1	2.926634E-1	5.071600E-5	3.301310E+2	6.766900E+1	1.410000E+0
1.249900E+1	2.926634E-1	5.071600E-5	3.301310E+2	6.766900E+1	1.410000E+0
1.261100E+1	2.969039E-1	7.230801E-5	3.301310E+2	6.766900E+1	1.410000E+0
1.262400E+1	2.969039E-1	7.230801E-5	3.301310E+2	6.766900E+1	1.410000E+0
1.270600E+1	2.982768E-1	3.565181E-5	3.301310E+2	6.766900E+1	1.410000E+0
1.271400E+1	2.982768E-1	3.565181E-5	3.301310E+2	6.766900E+1	1.410000E+0
1.279900E+1	2.982890E-1	3.966893E-5	3.301310E+2	6.766900E+1	1.410000E+0
1.280900E+1	2.982890E-1	3.966893E-5	3.301310E+2	6.766900E+1	1.410000E+0
1.289000E+1	2.982878E-1	4.920958E-5	3.301310E+2	6.766900E+1	1.410000E+0
1.289900E+1	2.982878E-1	4.920958E-5	3.301310E+2	6.766900E+1	1.410000E+0
1.297900E+1	2.982927E-1	2.611116E-5	3.301310E+2	6.766900E+1	1.410000E+0
1.298800E+1	2.982927E-1	2.611116E-5	3.301310E+2	6.766900E+1	1.410000E+0
1.310000E+1	3.093501E-1	5.021386E-5	3.301310E+2	6.766900E+1	1.410000E+0
1.310900E+1	3.093501E-1	5.021386E-5	3.301310E+2	6.766900E+1	1.410000E+0
1.318900E+1	3.093567E-1	3.213683E-5	3.301310E+2	6.766900E+1	1.410000E+0
1.319800E+1	3.093567E-1	3.213683E-5	3.301310E+2	6.766900E+1	1.410000E+0
1.327800E+1	3.093711E-1	5.623954E-5	3.301310E+2	6.766900E+1	1.410000E+0
1.328700E+1	3.093711E-1	5.623954E-5	3.301310E+2	6.766900E+1	1.410000E+0
1.336700E+1	3.093605E-1	5.674168E-5	3.301310E+2	6.766900E+1	1.410000E+0
1.337600E+1	3.093605E-1	5.674168E-5	3.301310E+2	6.766900E+1	1.410000E+0
1.345800E+1	3.178050E-1	1.300541E-4	3.301310E+2	6.766900E+1	1.410000E+0
1.346700E+1	3.178050E-1	1.300541E-4	3.301310E+2	6.766900E+1	1.410000E+0
1.357900E+1	3.203982E-1	4.117535E-5	3.301310E+2	6.766900E+1	1.410000E+0
1.359200E+1	3.203982E-1	4.117535E-5	3.301310E+2	6.766900E+1	1.410000E+0
1.367400E+1	3.203995E-1	3.012827E-5	3.301310E+2	6.766900E+1	1.410000E+0
1.368200E+1	3.203995E-1	3.012827E-5	3.301310E+2	6.766900E+1	1.410000E+0
1.376800E+1	3.204007E-1	4.619674E-5	3.301310E+2	6.766900E+1	1.410000E+0
1.377700E+1	3.204007E-1	4.619674E-5	3.301310E+2	6.766900E+1	1.410000E+0
1.385800E+1	3.289408E-1	1.185049E-4	3.301310E+2	6.766900E+1	1.410000E+0
1.386700E+1	3.289408E-1	1.185049E-4	3.301310E+2	6.766900E+1	1.410000E+0
1.394700E+1	3.314390E-1	5.975451E-5	3.301310E+2	6.766900E+1	1.410000E+0
1.395700E+1	3.314390E-1	5.975451E-5	3.301310E+2	6.766900E+1	1.410000E+0
1.406800E+1	3.314482E-1	6.126093E-5	3.301310E+2	6.766900E+1	1.410000E+0
1.407600E+1	3.314482E-1	6.126093E-5	3.301310E+2	6.766900E+1	1.410000E+0
1.415700E+1	3.314446E-1	3.665609E-5	3.301310E+2	6.766900E+1	1.410000E+0
1.416600E+1	3.314446E-1	3.665609E-5	3.301310E+2	6.766900E+1	1.410000E+0
1.424700E+1	3.314450E-1	3.464753E-5	3.301310E+2	6.766900E+1	1.410000E+0
1.425500E+1	3.314450E-1	3.464753E-5	3.301310E+2	6.766900E+1	1.410000E+0
1.433500E+1	3.423731E-1	6.979731E-5	3.301310E+2	6.766900E+1	1.410000E+0
1.434500E+1	3.423731E-1	6.979731E-5	3.301310E+2	6.766900E+1	1.410000E+0
1.442700E+1	3.424397E-1	5.623954E-5	3.301310E+2	6.766900E+1	1.410000E+0
1.443500E+1	3.424397E-1	5.623954E-5	3.301310E+2	6.766900E+1	1.410000E+0
1.454800E+1	3.424299E-1	6.025665E-5	3.301310E+2	6.766900E+1	1.410000E+0
1.456100E+1	3.424299E-1	6.025665E-5	3.301310E+2	6.766900E+1	1.410000E+0
1.464600E+1	3.424243E-1	6.126093E-5	3.301310E+2	6.766900E+1	1.410000E+0
1.465600E+1	3.424243E-1	6.126093E-5	3.301310E+2	6.766900E+1	1.410000E+0
1.473500E+1	3.461000E-1	1.039428E-4	3.301310E+2	6.766900E+1	1.410000E+0
1.474200E+1	3.461000E-1	1.039428E-4	3.301310E+2	6.766900E+1	1.410000E+0
1.482600E+1	3.479913E-1	4.519246E-5	3.301310E+2	6.766900E+1	1.410000E+0
1.483400E+1	3.479913E-1	4.519246E-5	3.301310E+2	6.766900E+1	1.410000E+0
1.491600E+1	3.479815E-1	2.661330E-5	3.301310E+2	6.766900E+1	1.410000E+0
1.492500E+1	3.479815E-1	2.661330E-5	3.301310E+2	6.766900E+1	1.410000E+0
1.503800E+1	3.479791E-1	4.971172E-5	3.301310E+2	6.766900E+1	1.410000E+0
1.504800E+1	3.479791E-1	4.971172E-5	3.301310E+2	6.766900E+1	1.410000E+0
1.513100E+1	3.479719E-1	7.281015E-5	3.301310E+2	6.766900E+1	1.410000E+0
1.514000E+1	3.479719E-1	7.281015E-5	3.301310E+2	6.766900E+1	1.410000E+0
1.522500E+1	3.590071E-1	5.322670E-5	3.301310E+2	6.766900E+1	1.410000E+0
1.523300E+1	3.590071E-1	5.322670E-5	3.301310E+2	6.766900E+1	1.410000E+0
1.531500E+1	3.589992E-1	6.226521E-5	3.301310E+2	6.766900E+1	1.410000E+0
1.532400E+1	3.589992E-1	6.226521E-5	3.301310E+2	6.766900E+1	1.410000E+0
1.540400E+1	3.589884E-1	6.829089E-5	3.301310E+2	6.766900E+1	1.410000E+0
1.541300E+1	3.589884E-1	6.829089E-5	3.301310E+2	6.766900E+1	1.410000E+0
1.552500E+1	3.590006E-1	6.527805E-5	3.301310E+2	6.766900E+1	1.410000E+0
1.553800E+1	3.590006E-1	6.527805E-5	3.301310E+2	6.766900E+1	1.410000E+0
1.562400E+1	3.699823E-1	7.331229E-5	3.301310E+2	6.766900E+1	1.410000E+0
1.563300E+1	3.699823E-1	7.331229E-5	3.301310E+2	6.766900E+1	1.410000E+0
1.571400E+1	3.700176E-1	7.080159E-5	3.301310E+2	6.766900E+1	1.410000E+0
1.572300E+1	3.700176E-1	7.080159E-5	3.301310E+2	6.766900E+1	1.410000E+0
1.580300E+1	3.700288E-1	3.665609E-5	3.301310E+2	6.766900E+1	1.410000E+0
1.581200E+1	3.700288E-1	3.665609E-5	3.301310E+2	6.766900E+1	1.410000E+0
1.589300E+1	3.700452E-1	5.724382E-5	3.301310E+2	6.766900E+1	1.410000E+0
1.590200E+1	3.700452E-1	5.724382E-5	3.301310E+2	6.766900E+1	1.410000E+0
1.601400E+1	3.700292E-1	6.176307E-5	3.301310E+2	6.766900E+1	1.410000E+0
1.602300E+1	3.700292E-1	6.176307E-5	3.301310E+2	6.766900E+1	1.410000E+0
1.610400E+1	3.810311E-1	1.074578E-4	3.301310E+2	6.766900E+1	1.410000E+0
1.611300E+1	3.810311E-1	1.074578E-4	3.301310E+2	6.766900E+1	1.410000E+0
1.619200E+1	3.810379E-1	1.019342E-4	3.301310E+2	6.766900E+1	1.410000E+0
1.620100E+1	3.810379E-1	1.019342E-4	3.301310E+2	6.766900E+1	1.410000E+0
1.628300E+1	3.810557E-1	8.285294E-5	3.301310E+2	6.766900E+1	1.410000E+0
1.629100E+1	3.810557E-1	8.285294E-5	3.301310E+2	6.766900E+1	1.410000E+0
1.637300E+1	3.810507E-1	6.879303E-5	3.301310E+2	6.766900E+1	1.410000E+0
1.638200E+1	3.810507E-1	6.879303E-5	3.301310E+2	6.766900E+1	1.410000E+0
1.649300E+1	3.919517E-1	1.285477E-4	3.301310E+2	6.766900E+1	1.410000E+0
1.650200E+1	3.919517E-1	1.285477E-4	3.301310E+2	6.766900E+1	1.410000E+0
1.658300E+1	3.919834E-1	1.039428E-4	3.301310E+2	6.766900E+1	1.410000E+0
1.659600E+1	3.919834E-1	1.039428E-4	3.301310E+2	6.766900E+1	1.410000E+0
1.667800E+1	3.919792E-1	1.024364E-4	3.301310E+2	6.766900E+1	1.410000E+0
1.668700E+1	3.919792E-1	1.024364E-4	3.301310E+2	6.766900E+1	1.410000E+0
1.677200E+1	3.919824E-1	9.841927E-5	3.301310E+2	6.766900E+1	1.410000E+0
1.678100E+1	3.919824E-1	9.841927E-5	3.301310E+2	6.766900E+1	1.410000E+0
1.686100E+1	4.004205E-1	1.812723E-4	3.301310E+2	6.766900E+1	1.410000E+0
1.687000E+1	4.004205E-1	1.812723E-4	3.301310E+2	6.766900E+1	1.410000E+0
1.698200E+1	4.030208E-1	1.195091E-4	3.301310E+2	6.766900E+1	1.410000E+0
1.699100E+1	4.030208E-1	1.195091E-4	3.301310E+2	6.766900E+1	1.410000E+0
1.707100E+1	4.030204E-1	1.169984E-4	3.301310E+2	6.766900E+1	1.410000E+0
1.708000E+1	4.030204E-1	1.169984E-4	3.301310E+2	6.766900E+1	1.410000E+0
1.716000E+1	4.030226E-1	1.290498E-4	3.301310E+2	6.766900E+1	1.410000E+0
1.716900E+1	4.030226E-1	1.290498E-4	3.301310E+2	6.766900E+1	1.410000E+0
1.725100E+1	4.030188E-1	1.360797E-4	3.301310E+2	6.766900E+1	1.410000E+0
1.726100E+1	4.030188E-1	1.360797E-4	3.301310E+2	6.766900E+1	1.410000E+0
1.734100E+1	4.084980E-1	1.526504E-4	3.301310E+2	6.766900E+1	1.410000E+0
1.735000E+1	4.084980E-1	1.526504E-4	3.301310E+2	6.766900E+1	1.410000E+0
1.746300E+1	4.085201E-1	1.586760E-4	3.301310E+2	6.766900E+1	1.410000E+0
1.747300E+1	4.085201E-1	1.586760E-4	3.301310E+2	6.766900E+1	1.410000E+0
1.755700E+1	4.085143E-1	1.621910E-4	3.301310E+2	6.766900E+1	1.410000E+0
1.757000E+1	4.085143E-1	1.621910E-4	3.301310E+2	6.766900E+1	1.410000E+0
1.765000E+1	4.085169E-1	1.576718E-4	3.301310E+2	6.766900E+1	1.410000E+0
1.765900E+1	4.085169E-1	1.576718E-4	3.301310E+2	6.766900E+1	1.410000E+0
1.774000E+1	4.176699E-1	2.329927E-4	3.301310E+2	6.766900E+1	1.410000E+0
1.774900E+1	4.176699E-1	2.329927E-4	3.301310E+2	6.766900E+1	1.410000E+0
1.783000E+1	4.195436E-1	1.953322E-4	3.301310E+2	6.766900E+1	1.410000E+0
1.783800E+1	4.195436E-1	1.953322E-4	3.301310E+2	6.766900E+1	1.410000E+0
1.795000E+1	4.195462E-1	1.938258E-4	3.301310E+2	6.766900E+1	1.410000E+0
1.796000E+1	4.195462E-1	1.938258E-4	3.301310E+2	6.766900E+1	1.410000E+0
1.804000E+1	4.195446E-1	2.013579E-4	3.301310E+2	6.766900E+1	1.410000E+0
1.804900E+1	4.195446E-1	2.013579E-4	3.301310E+2	6.766900E+1	1.410000E+0
1.812900E+1	4.195398E-1	1.928215E-4	3.301310E+2	6.766900E+1	1.410000E+0
1.813700E+1	4.195398E-1	1.928215E-4	3.301310E+2	6.766900E+1	1.410000E+0
1.821800E+1	4.305152E-1	2.832067E-4	3.301310E+2	6.766900E+1	1.410000E+0
1.822700E+1	4.305152E-1	2.832067E-4	3.301310E+2	6.766900E+1	1.410000E+0
1.830800E+1	4.305218E-1	2.897345E-4	3.301310E+2	6.766900E+1	1.410000E+0
1.831700E+1	4.305218E-1	2.897345E-4	3.301310E+2	6.766900E+1	1.410000E+0
1.842900E+1	4.305150E-1	2.847131E-4	3.301310E+2	6.766900E+1	1.410000E+0
1.843800E+1	4.305150E-1	2.847131E-4	3.301310E+2	6.766900E+1	1.410000E+0
1.851800E+1	4.305238E-1	3.007816E-4	3.301310E+2	6.766900E+1	1.410000E+0
1.853100E+1	4.305238E-1	3.007816E-4	3.301310E+2	6.766900E+1	1.410000E+0
1.861400E+1	4.415652E-1	4.177801E-4	3.301310E+2	6.766900E+1	1.410000E+0
1.862400E+1	4.415652E-1	4.177801E-4	3.301310E+2	6.766900E+1	1.410000E+0
1.870700E+1	4.415668E-1	4.363593E-4	3.301310E+2	6.766900E+1	1.410000E+0
1.871600E+1	4.415668E-1	4.363593E-4	3.301310E+2	6.766900E+1	1.410000E+0
1.879800E+1	4.415644E-1	4.087416E-4	3.301310E+2	6.766900E+1	1.410000E+0
1.880700E+1	4.415644E-1	4.087416E-4	3.301310E+2	6.766900E+1	1.410000E+0
1.891900E+1	4.415714E-1	4.248101E-4	3.301310E+2	6.766900E+1	1.410000E+0
1.892700E+1	4.415714E-1	4.248101E-4	3.301310E+2	6.766900E+1	1.410000E+0
1.900700E+1	4.498381E-1	6.507729E-4	3.301310E+2	6.766900E+1	1.410000E+0
1.901600E+1	4.498381E-1	6.507729E-4	3.301310E+2	6.766900E+1	1.410000E+0
1.909700E+1	4.525799E-1	6.226531E-4	3.301310E+2	6.766900E+1	1.410000E+0
1.910600E+1	4.525799E-1	6.226531E-4	3.301310E+2	6.766900E+1	1.410000E+0
1.918700E+1	4.525709E-1	6.372151E-4	3.301310E+2	6.766900E+1	1.410000E+0
1.919500E+1	4.525709E-1	6.372151E-4	3.301310E+2	6.766900E+1	1.410000E+0
1.927700E+1	4.525869E-1	6.291809E-4	3.301310E+2	6.766900E+1	1.410000E+0
1.928600E+1	4.525869E-1	6.291809E-4	3.301310E+2	6.766900E+1	1.410000E+0
1.939800E+1	4.525873E-1	6.301852E-4	3.301310E+2	6.766900E+1	1.410000E+0
1.940700E+1	4.525873E-1	6.301852E-4	3.301310E+2	6.766900E+1	1.410000E+0
1.948700E+1	4.581005E-1	7.697800E-4	3.301310E+2	6.766900E+1	1.410000E+0
1.949600E+1	4.581005E-1	7.697800E-4	3.301310E+2	6.766900E+1	1.410000E+0
1.957600E+1	4.581049E-1	7.868528E-4	3.301310E+2	6.766900E+1	1.410000E+0
1.958900E+1	4.581049E-1	7.868528E-4	3.301310E+2	6.766900E+1	1.410000E+0
1.967300E+1	4.581121E-1	7.592351E-4	3.301310E+2	6.766900E+1	1.410000E+0
1.968200E+1	4.581121E-1	7.592351E-4	3.301310E+2	6.766900E+1	1.410000E+0
1.976600E+1	4.580975E-1	7.798228E-4	3.301310E+2	6.766900E+1	1.410000E+0
1.977500E+1	4.580975E-1	7.798228E-4	3.301310E+2	6.766900E+1	1.410000E+0
1.988600E+1	4.664381E-1	1.127806E-3	3.301310E+2	6.766900E+1	1.410000E+0
1.989500E+1	4.664381E-1	1.127806E-3	3.301310E+2	6.766900E+1	1.410000E+0
1.997500E+1	4.691387E-1	1.165467E-3	3.301310E+2	6.766900E+1	1.410000E+0
1.998400E+1	4.691387E-1	1.165467E-3	3.301310E+2	6.766900E+1	1.410000E+0
2.006500E+1	4.691381E-1	1.145883E-3	3.301310E+2	6.766900E+1	1.410000E+0
2.007400E+1	4.691381E-1	1.145883E-3	3.301310E+2	6.766900E+1	1.410000E+0
2.015500E+1	4.691393E-1	1.139857E-3	3.301310E+2	6.766900E+1	1.410000E+0
2.016400E+1	4.691393E-1	1.139857E-3	3.301310E+2	6.766900E+1	1.410000E+0
2.024500E+1	4.691286E-1	1.168981E-3	3.301310E+2	6.766900E+1	1.410000E+0
2.025400E+1	4.691286E-1	1.168981E-3	3.301310E+2	6.766900E+1	1.410000E+0
2.036800E+1	4.801054E-1	1.734391E-3	3.301310E+2	6.766900E+1	1.410000E+0
2.037700E+1	4.801054E-1	1.734391E-3	3.301310E+2	6.766900E+1	1.410000E+0
2.046200E+1	4.801248E-1	1.703760E-3	3.301310E+2	6.766900E+1	1.410000E+0
2.047000E+1	4.801248E-1	1.703760E-3	3.301310E+2	6.766900E+1	1.410000E+0
2.055400E+1	4.801232E-1	1.729369E-3	3.301310E+2	6.766900E+1	1.410000E+0
2.056700E+1	4.801232E-1	1.729369E-3	3.301310E+2	6.766900E+1	1.410000E+0
2.065100E+1	4.801316E-1	1.742425E-3	3.301310E+2	6.766900E+1	1.410000E+0
2.066000E+1	4.801316E-1	1.742425E-3	3.301310E+2	6.766900E+1	1.410000E+0
2.074400E+1	4.910800E-1	2.551874E-3	3.301310E+2	6.766900E+1	1.410000E+0
2.075300E+1	4.910800E-1	2.551874E-3	3.301310E+2	6.766900E+1	1.410000E+0
2.086400E+1	4.911538E-1	2.551372E-3	3.301310E+2	6.766900E+1	1.410000E+0
2.087400E+1	4.911538E-1	2.551372E-3	3.301310E+2	6.766900E+1	1.410000E+0
2.095400E+1	4.911780E-1	2.540325E-3	3.301310E+2	6.766900E+1	1.410000E+0
2.096300E+1	4.911780E-1	2.540325E-3	3.301310E+2	6.766900E+1	1.410000E+0
2.104300E+1	4.911480E-1	2.550870E-3	3.301310E+2	6.766900E+1	1.410000E+0
2.105200E+1	4.911480E-1	2.550870E-3	3.301310E+2	6.766900E+1	1.410000E+0
2.113400E+1	4.966728E-1	3.117787E-3	3.301310E+2	6.766900E+1	1.410000E+0
2.114300E+1	4.966728E-1	3.117787E-3	3.301310E+2	6.766900E+1	1.410000E+0
2.122400E+1	5.021659E-1	3.737931E-3	3.301310E+2	6.766900E+1	1.410000E+0
2.123200E+1	5.021659E-1	3.737931E-3	3.301310E+2	6.766900E+1	1.410000E+0
2.134300E+1	5.021887E-1	3.704790E-3	3.301310E+2	6.766900E+1	1.410000E+0
2.135200E+1	5.021887E-1	3.704790E-3	3.301310E+2	6.766900E+1	1.410000E+0
2.143300E+1	5.021717E-1	3.732910E-3	3.301310E+2	6.766900E+1	1.410000E+0
2.144200E+1	5.021717E-1	3.732910E-3	3.301310E+2	6.766900E+1	1.410000E+0
2.152200E+1	5.021960E-1	3.733412E-3	3.301310E+2	6.766900E+1	1.410000E+0
2.153600E+1	5.021960E-1	3.733412E-3	3.301310E+2	6.766900E+1	1.410000E+0
2.161800E+1	5.076841E-1	4.461516E-3	3.301310E+2	6.766900E+1	1.410000E+0
2.162800E+1	5.076841E-1	4.461516E-3	3.301310E+2	6.766900E+1	1.410000E+0
2.171200E+1	5.077005E-1	4.503193E-3	3.301310E+2	6.766900E+1	1.410000E+0
2.172200E+1	5.077005E-1	4.503193E-3	3.301310E+2	6.766900E+1	1.410000E+0
2.183300E+1	5.077007E-1	4.527296E-3	3.301310E+2	6.766900E+1	1.410000E+0
2.184200E+1	5.077007E-1	4.527296E-3	3.301310E+2	6.766900E+1	1.410000E+0
2.192200E+1	5.076971E-1	4.507211E-3	3.301310E+2	6.766900E+1	1.410000E+0
2.193100E+1	5.076971E-1	4.507211E-3	3.301310E+2	6.766900E+1	1.410000E+0
2.201200E+1	5.161839E-1	6.020663E-3	3.301310E+2	6.766900E+1	1.410000E+0
2.202100E+1	5.161839E-1	6.020663E-3	3.301310E+2	6.766900E+1	1.410000E+0
2.210100E+1	5.187046E-1	6.475602E-3	3.301310E+2	6.766900E+1	1.410000E+0
2.211000E+1	5.187046E-1	6.475602E-3	3.301310E+2	6.766900E+1	1.410000E+0
2.219100E+1	5.187036E-1	6.526318E-3	3.301310E+2	6.766900E+1	1.410000E+0
2.220000E+1	5.187036E-1	6.526318E-3	3.301310E+2	6.766900E+1	1.410000E+0
2.231200E+1	5.186916E-1	6.518786E-3	3.301310E+2	6.766900E+1	1.410000E+0
2.232000E+1	5.186916E-1	6.518786E-3	3.301310E+2	6.766900E+1	1.410000E+0
2.240100E+1	5.272858E-1	8.671966E-3	3.301310E+2	6.766900E+1	1.410000E+0
2.241000E+1	5.272858E-1	8.671966E-3	3.301310E+2	6.766900E+1	1.410000E+0
2.249000E+1	5.297259E-1	9.300646E-3	3.301310E+2	6.766900E+1	1.410000E+0
2.250000E+1	5.297259E-1	9.300646E-3	3.301310E+2	6.766900E+1	1.410000E+0
2.258100E+1	5.297357E-1	9.314706E-3	3.301310E+2	6.766900E+1	1.410000E+0
2.259400E+1	5.297357E-1	9.314706E-3	3.301310E+2	6.766900E+1	1.410000E+0
2.267600E+1	5.297237E-1	9.403585E-3	3.301310E+2	6.766900E+1	1.410000E+0
2.268500E+1	5.297237E-1	9.403585E-3	3.301310E+2	6.766900E+1	1.410000E+0
2.280200E+1	5.297327E-1	9.397559E-3	3.301310E+2	6.766900E+1	1.410000E+0
2.281000E+1	5.297327E-1	9.397559E-3	3.301310E+2	6.766900E+1	1.410000E+0
2.288900E+1	5.407152E-1	1.307172E-2	3.301310E+2	6.766900E+1	1.410000E+0
2.289800E+1	5.407152E-1	1.307172E-2	3.301310E+2	6.766900E+1	1.410000E+0
2.298000E+1	5.407402E-1	1.324195E-2	3.301310E+2	6.766900E+1	1.410000E+0
2.298800E+1	5.407402E-1	1.324195E-2	3.301310E+2	6.766900E+1	1.410000E+0
2.306900E+1	5.407272E-1	1.331275E-2	3.301310E+2	6.766900E+1	1.410000E+0
2.307800E+1	5.407272E-1	1.331275E-2	3.301310E+2	6.766900E+1	1.410000E+0
2.315900E+1	5.407336E-1	1.336447E-2	3.301310E+2	6.766900E+1	1.410000E+0
2.316800E+1	5.407336E-1	1.336447E-2	3.301310E+2	6.766900E+1	1.410000E+0
2.328000E+1	5.494552E-1	1.724853E-2	3.301310E+2	6.766900E+1	1.410000E+0
2.328900E+1	5.494552E-1	1.724853E-2	3.301310E+2	6.766900E+1	1.410000E+0
2.336800E+1	5.517650E-1	1.871076E-2	3.301310E+2	6.766900E+1	1.410000E+0
2.337700E+1	5.517650E-1	1.871076E-2	3.301310E+2	6.766900E+1	1.410000E+0
2.345900E+1	5.517545E-1	1.880366E-2	3.301310E+2	6.766900E+1	1.410000E+0
2.346800E+1	5.517545E-1	1.880366E-2	3.301310E+2	6.766900E+1	1.410000E+0
2.354800E+1	5.517541E-1	1.885940E-2	3.301310E+2	6.766900E+1	1.410000E+0
2.356100E+1	5.517541E-1	1.885940E-2	3.301310E+2	6.766900E+1	1.410000E+0
2.364500E+1	5.517463E-1	1.891564E-2	3.301310E+2	6.766900E+1	1.410000E+0
2.365300E+1	5.517463E-1	1.891564E-2	3.301310E+2	6.766900E+1	1.410000E+0
2.377000E+1	5.626760E-1	2.554892E-2	3.301310E+2	6.766900E+1	1.410000E+0
2.377900E+1	5.626760E-1	2.554892E-2	3.301310E+2	6.766900E+1	1.410000E+0
2.385800E+1	5.626758E-1	2.618764E-2	3.301310E+2	6.766900E+1	1.410000E+0
2.386800E+1	5.626758E-1	2.618764E-2	3.301310E+2	6.766900E+1	1.410000E+0
2.394700E+1	5.626814E-1	2.633728E-2	3.301310E+2	6.766900E+1	1.410000E+0
2.395600E+1	5.626814E-1	2.633728E-2	3.301310E+2	6.766900E+1	1.410000E+0
2.403800E+1	5.626754E-1	2.642013E-2	3.301310E+2	6.766900E+1	1.410000E+0
2.404700E+1	5.626754E-1	2.642013E-2	3.301310E+2	6.766900E+1	1.410000E+0
2.412700E+1	5.668870E-1	2.960621E-2	3.301310E+2	6.766900E+1	1.410000E+0
2.413600E+1	5.668870E-1	2.960621E-2	3.301310E+2	6.766900E+1	1.410000E+0
2.424900E+1	5.682090E-1	2.902172E-2	3.301310E+2	6.766900E+1	1.410000E+0
2.425900E+1	5.682090E-1	2.902172E-2	3.301310E+2	6.766900E+1	1.410000E+0
2.433700E+1	5.682034E-1	2.827906E-2	3.301310E+2	6.766900E+1	1.410000E+0
2.434600E+1	5.682034E-1	2.827906E-2	3.301310E+2	6.766900E+1	1.410000E+0
2.442700E+1	5.682004E-1	2.838350E-2	3.301310E+2	6.766900E+1	1.410000E+0
2.443600E+1	5.682004E-1	2.838350E-2	3.301310E+2	6.766900E+1	1.410000E+0
2.451600E+1	5.681830E-1	2.838902E-2	3.301310E+2	6.766900E+1	1.410000E+0
2.452900E+1	5.681830E-1	2.838902E-2	3.301310E+2	6.766900E+1	1.410000E+0
2.461300E+1	5.792216E-1	3.797087E-2	3.301310E+2	6.766900E+1	1.410000E+0
2.462200E+1	5.792216E-1	3.797087E-2	3.301310E+2	6.766900E+1	1.410000E+0
2.473900E+1	5.792244E-1	3.877781E-2	3.301310E+2	6.766900E+1	1.410000E+0
2.474800E+1	5.792244E-1	3.877781E-2	3.301310E+2	6.766900E+1	1.410000E+0
2.482600E+1	5.792236E-1	3.965756E-2	3.301310E+2	6.766900E+1	1.410000E+0
2.483400E+1	5.792236E-1	3.965756E-2	3.301310E+2	6.766900E+1	1.410000E+0
2.491700E+1	5.792071E-1	4.012154E-2	3.301310E+2	6.766900E+1	1.410000E+0
2.492600E+1	5.792071E-1	4.012154E-2	3.301310E+2	6.766900E+1	1.410000E+0
2.500500E+1	5.902270E-1	5.435422E-2	3.301310E+2	6.766900E+1	1.410000E+0
2.501400E+1	5.902270E-1	5.435422E-2	3.301310E+2	6.766900E+1	1.410000E+0
2.509500E+1	5.902234E-1	5.642103E-2	3.301310E+2	6.766900E+1	1.410000E+0
2.510400E+1	5.902234E-1	5.642103E-2	3.301310E+2	6.766900E+1	1.410000E+0
2.521700E+1	5.902331E-1	5.721592E-2	3.301310E+2	6.766900E+1	1.410000E+0
2.522600E+1	5.902331E-1	5.721592E-2	3.301310E+2	6.766900E+1	1.410000E+0
2.530500E+1	5.902313E-1	5.779941E-2	3.301310E+2	6.766900E+1	1.410000E+0
2.531400E+1	5.902313E-1	5.779941E-2	3.301310E+2	6.766900E+1	1.410000E+0
2.539600E+1	5.994191E-1	7.327739E-2	3.301310E+2	6.766900E+1	1.410000E+0
2.540500E+1	5.994191E-1	7.327739E-2	3.301310E+2	6.766900E+1	1.410000E+0
2.548500E+1	6.012837E-1	7.266629E-2	3.301310E+2	6.766900E+1	1.410000E+0
2.549400E+1	6.012837E-1	7.266629E-2	3.301310E+2	6.766900E+1	1.410000E+0
2.557400E+1	6.012722E-1	7.050407E-2	3.301310E+2	6.766900E+1	1.410000E+0
2.558700E+1	6.012722E-1	7.050407E-2	3.301310E+2	6.766900E+1	1.410000E+0
2.570200E+1	6.012851E-1	6.888165E-2	3.301310E+2	6.766900E+1	1.410000E+0
2.571000E+1	6.012851E-1	6.888165E-2	3.301310E+2	6.766900E+1	1.410000E+0
2.579400E+1	6.012865E-1	6.929843E-2	3.301310E+2	6.766900E+1	1.410000E+0
2.580300E+1	6.012865E-1	6.929843E-2	3.301310E+2	6.766900E+1	1.410000E+0
2.588400E+1	6.111805E-1	8.968233E-2	3.301310E+2	6.766900E+1	1.410000E+0
2.589300E+1	6.111805E-1	8.968233E-2	3.301310E+2	6.766900E+1	1.410000E+0
2.597400E+1	6.122737E-1	9.483229E-2	3.301310E+2	6.766900E+1	1.410000E+0
2.598300E+1	6.122737E-1	9.483229E-2	3.301310E+2	6.766900E+1	1.410000E+0
2.606300E+1	6.122916E-1	9.550164E-2	3.301310E+2	6.766900E+1	1.410000E+0
2.607200E+1	6.122916E-1	9.550164E-2	3.301310E+2	6.766900E+1	1.410000E+0
2.618400E+1	6.122914E-1	9.501155E-2	3.301310E+2	6.766900E+1	1.410000E+0
2.619400E+1	6.122914E-1	9.501155E-2	3.301310E+2	6.766900E+1	1.410000E+0
2.627200E+1	6.161449E-1	1.052090E-1	3.301310E+2	6.766900E+1	1.410000E+0
2.628200E+1	6.161449E-1	1.052090E-1	3.301310E+2	6.766900E+1	1.410000E+0
2.636300E+1	6.177973E-1	1.123093E-1	3.301310E+2	6.766900E+1	1.410000E+0
2.637200E+1	6.177973E-1	1.123093E-1	3.301310E+2	6.766900E+1	1.410000E+0
2.645300E+1	6.177895E-1	1.126417E-1	3.301310E+2	6.766900E+1	1.410000E+0
2.646200E+1	6.177895E-1	1.126417E-1	3.301310E+2	6.766900E+1	1.410000E+0
2.654300E+1	6.177875E-1	1.158273E-1	3.301310E+2	6.766900E+1	1.410000E+0
2.655700E+1	6.177875E-1	1.158273E-1	3.301310E+2	6.766900E+1	1.410000E+0
2.667400E+1	6.177761E-1	1.186950E-1	3.301310E+2	6.766900E+1	1.410000E+0
2.668400E+1	6.177761E-1	1.186950E-1	3.301310E+2	6.766900E+1	1.410000E+0
2.676100E+1	6.288028E-1	1.700625E-1	3.301310E+2	6.766900E+1	1.410000E+0
2.677100E+1	6.288028E-1	1.700625E-1	3.301310E+2	6.766900E+1	1.410000E+0
2.685200E+1	6.288110E-1	1.815957E-1	3.301310E+2	6.766900E+1	1.410000E+0
2.686100E+1	6.288110E-1	1.815957E-1	3.301310E+2	6.766900E+1	1.410000E+0
2.694200E+1	6.288092E-1	1.529686E-1	3.301310E+2	6.766900E+1	1.410000E+0
2.695100E+1	6.288092E-1	1.529686E-1	3.301310E+2	6.766900E+1	1.410000E+0
2.703100E+1	6.288166E-1	1.466929E-1	3.301310E+2	6.766900E+1	1.410000E+0
2.704000E+1	6.288166E-1	1.466929E-1	3.301310E+2	6.766900E+1	1.410000E+0
2.715500E+1	6.398169E-1	1.968422E-1	3.301310E+2	6.766900E+1	1.410000E+0
2.716400E+1	6.398169E-1	1.968422E-1	3.301310E+2	6.766900E+1	1.410000E+0
2.724800E+1	6.398468E-1	2.661019E-1	3.301310E+2	6.766900E+1	1.410000E+0
2.725700E+1	6.398468E-1	2.661019E-1	3.301310E+2	6.766900E+1	1.410000E+0
2.734100E+1	6.398011E-1	7.062303E-1	3.301310E+2	6.766900E+1	1.410000E+0
2.734900E+1	6.398011E-1	7.062303E-1	3.301310E+2	6.766900E+1	1.410000E+0
2.743200E+1	6.398408E-1	8.542303E-1	3.301310E+2	6.766900E+1	1.410000E+0
2.744000E+1	6.398408E-1	8.542303E-1	3.301310E+2	6.766900E+1	1.410000E+0
2.752100E+1	6.476473E-1	1.035804E+0	3.301310E+2	6.766900E+1	1.410000E+0
2.753400E+1	6.476473E-1	1.035804E+0	3.301310E+2	6.766900E+1	1.410000E+0
2.764800E+1	6.508418E-1	1.169621E+0	3.301310E+2	6.766900E+1	1.410000E+0
2.765700E+1	6.508418E-1	1.169621E+0	3.301310E+2	6.766900E+1	1.410000E+0
2.774100E+1	6.508661E-1	1.236518E+0	3.301310E+2	6.766900E+1	1.410000E+0
2.775000E+1	6.508661E-1	1.236518E+0	3.301310E+2	6.766900E+1	1.410000E+0
2.783100E+1	6.508643E-1	1.232230E+0	3.301310E+2	6.766900E+1	1.410000E+0
2.783900E+1	6.508643E-1	1.232230E+0	3.301310E+2	6.766900E+1	1.410000E+0
2.792100E+1	6.508587E-1	1.224626E+0	3.301310E+2	6.766900E+1	1.410000E+0
2.793000E+1	6.508587E-1	1.224626E+0	3.301310E+2	6.766900E+1	1.410000E+0
2.801000E+1	6.619035E-1	1.468522E+0	3.301310E+2	6.766900E+1	1.410000E+0
2.801900E+1	6.619035E-1	1.468522E+0	3.301310E+2	6.766900E+1	1.410000E+0
2.813100E+1	6.619396E-1	1.469101E+0	3.301310E+2	6.766900E+1	1.410000E+0
2.813900E+1	6.619396E-1	1.469101E+0	3.301310E+2	6.766900E+1	1.410000E+0
2.821900E+1	6.619416E-1	1.467318E+0	3.301310E+2	6.766900E+1	1.410000E+0
2.822800E+1	6.619416E-1	1.467318E+0	3.301310E+2	6.766900E+1	1.410000E+0
2.831000E+1	6.619414E-1	1.467991E+0	3.301310E+2	6.766900E+1	1.410000E+0
2.831900E+1	6.619414E-1	1.467991E+0	3.301310E+2	6.766900E+1	1.410000E+0
2.840000E+1	6.697742E-1	1.622528E+0	3.301310E+2	6.766900E+1	1.410000E+0
2.841000E+1	6.697742E-1	1.622528E+0	3.301310E+2	6.766900E+1	1.410000E+0
2.848900E+1	6.729711E-1	1.694110E+0	3.301310E+2	6.766900E+1	1.410000E+0
2.849800E+1	6.729711E-1	1.694110E+0	3.301310E+2	6.766900E+1	1.410000E+0
2.860900E+1	6.729761E-1	1.697255E+0	3.301310E+2	6.766900E+1	1.410000E+0
2.862200E+1	6.729761E-1	1.697255E+0	3.301310E+2	6.766900E+1	1.410000E+0
2.870500E+1	6.729781E-1	1.697445E+0	3.301310E+2	6.766900E+1	1.410000E+0
2.871400E+1	6.729781E-1	1.697445E+0	3.301310E+2	6.766900E+1	1.410000E+0
2.879900E+1	6.729962E-1	1.651344E+0	3.301310E+2	6.766900E+1	1.410000E+0
2.880800E+1	6.729962E-1	1.651344E+0	3.301310E+2	6.766900E+1	1.410000E+0
2.888900E+1	6.785286E-1	1.659829E+0	3.301310E+2	6.766900E+1	1.410000E+0
2.889800E+1	6.785286E-1	1.659829E+0	3.301310E+2	6.766900E+1	1.410000E+0
2.897900E+1	6.785416E-1	1.593669E+0	3.301310E+2	6.766900E+1	1.410000E+0
2.898700E+1	6.785416E-1	1.593669E+0	3.301310E+2	6.766900E+1	1.410000E+0
2.909900E+1	6.785310E-1	1.571575E+0	3.301310E+2	6.766900E+1	1.410000E+0
2.910800E+1	6.785310E-1	1.571575E+0	3.301310E+2	6.766900E+1	1.410000E+0
2.918800E+1	6.785202E-1	1.598693E+0	3.301310E+2	6.766900E+1	1.410000E+0
2.919700E+1	6.785202E-1	1.598693E+0	3.301310E+2	6.766900E+1	1.410000E+0
2.927700E+1	6.895459E-1	1.826112E+0	3.301310E+2	6.766900E+1	1.410000E+0
2.928700E+1	6.895459E-1	1.826112E+0	3.301310E+2	6.766900E+1	1.410000E+0
2.936800E+1	6.895591E-1	1.748679E+0	3.301310E+2	6.766900E+1	1.410000E+0
2.937600E+1	6.895591E-1	1.748679E+0	3.301310E+2	6.766900E+1	1.410000E+0
2.945800E+1	6.895595E-1	1.745421E+0	3.301310E+2	6.766900E+1	1.410000E+0
2.946800E+1	6.895595E-1	1.745421E+0	3.301310E+2	6.766900E+1	1.410000E+0
2.957800E+1	6.895726E-1	1.758073E+0	3.301310E+2	6.766900E+1	1.410000E+0
2.959100E+1	6.895726E-1	1.758073E+0	3.301310E+2	6.766900E+1	1.410000E+0
2.967300E+1	6.980501E-1	1.953687E+0	3.301310E+2	6.766900E+1	1.410000E+0
2.968200E+1	6.980501E-1	1.953687E+0	3.301310E+2	6.766900E+1	1.410000E+0
2.976700E+1	7.005883E-1	1.851185E+0	3.301310E+2	6.766900E+1	1.410000E+0
2.977500E+1	7.005883E-1	1.851185E+0	3.301310E+2	6.766900E+1	1.410000E+0
2.985700E+1	7.005743E-1	1.715039E+0	3.301310E+2	6.766900E+1	1.410000E+0
2.986500E+1	7.005743E-1	1.715039E+0	3.301310E+2	6.766900E+1	1.410000E+0
2.994700E+1	7.005817E-1	1.535056E+0	3.301310E+2	6.766900E+1	1.410000E+0
2.995600E+1	7.005817E-1	1.535056E+0	3.301310E+2	6.766900E+1	1.410000E+0
3.006900E+1	7.005712E-1	8.709925E-1	3.301310E+2	6.766900E+1	1.410000E+0
3.007800E+1	7.005712E-1	8.709925E-1	3.301310E+2	6.766900E+1	1.410000E+0
3.016300E+1	7.115157E-1	2.309788E+0	3.301310E+2	6.766900E+1	1.410000E+0
3.017100E+1	7.115157E-1	2.309788E+0	3.301310E+2	6.766900E+1	1.410000E+0
3.025600E+1	7.116043E-1	2.206549E+0	3.301310E+2	6.766900E+1	1.410000E+0
3.026500E+1	7.116043E-1	2.206549E+0	3.301310E+2	6.766900E+1	1.410000E+0
3.034600E+1	7.115903E-1	2.179217E+0	3.301310E+2	6.766900E+1	1.410000E+0
3.035500E+1	7.115903E-1	2.179217E+0	3.301310E+2	6.766900E+1	1.410000E+0
3.043600E+1	7.116055E-1	2.310165E+0	3.301310E+2	6.766900E+1	1.410000E+0
3.044500E+1	7.116055E-1	2.310165E+0	3.301310E+2	6.766900E+1	1.410000E+0
3.055700E+1	7.200047E-1	2.437753E+0	3.301310E+2	6.766900E+1	1.410000E+0
3.057000E+1	7.200047E-1	2.437753E+0	3.301310E+2	6.766900E+1	1.410000E+0
3.065500E+1	7.226275E-1	2.471492E+0	3.301310E+2	6.766900E+1	1.410000E+0
3.066400E+1	7.226275E-1	2.471492E+0	3.301310E+2	6.766900E+1	1.410000E+0
3.074500E+1	7.226319E-1	2.576491E+0	3.301310E+2	6.766900E+1	1.410000E+0
3.075400E+1	7.226319E-1	2.576491E+0	3.301310E+2	6.766900E+1	1.410000E+0
3.083500E+1	7.226475E-1	2.496678E+0	3.301310E+2	6.766900E+1	1.410000E+0
3.084400E+1	7.226475E-1	2.496678E+0	3.301310E+2	6.766900E+1	1.410000E+0
3.092500E+1	7.226279E-1	2.554292E+0	3.301310E+2	6.766900E+1	1.410000E+0
3.093400E+1	7.226279E-1	2.554292E+0	3.301310E+2	6.766900E+1	1.410000E+0
3.104500E+1	7.281142E-1	2.634413E+0	3.301310E+2	6.766900E+1	1.410000E+0
3.105500E+1	7.281142E-1	2.634413E+0	3.301310E+2	6.766900E+1	1.410000E+0
3.113400E+1	7.281318E-1	2.715552E+0	3.301310E+2	6.766900E+1	1.410000E+0
3.114300E+1	7.281318E-1	2.715552E+0	3.301310E+2	6.766900E+1	1.410000E+0
3.122400E+1	7.281340E-1	2.729253E+0	3.301310E+2	6.766900E+1	1.410000E+0
3.123300E+1	7.281340E-1	2.729253E+0	3.301310E+2	6.766900E+1	1.410000E+0
3.131400E+1	7.281206E-1	2.739072E+0	3.301310E+2	6.766900E+1	1.410000E+0
3.132300E+1	7.281206E-1	2.739072E+0	3.301310E+2	6.766900E+1	1.410000E+0
3.140400E+1	7.390335E-1	2.961081E+0	3.301310E+2	6.766900E+1	1.410000E+0
3.141200E+1	7.390335E-1	2.961081E+0	3.301310E+2	6.766900E+1	1.410000E+0
3.152500E+1	7.390541E-1	2.973380E+0	3.301310E+2	6.766900E+1	1.410000E+0
3.153900E+1	7.390541E-1	2.973380E+0	3.301310E+2	6.766900E+1	1.410000E+0
3.162300E+1	7.390591E-1	2.974864E+0	3.301310E+2	6.766900E+1	1.410000E+0
3.163100E+1	7.390591E-1	2.974864E+0	3.301310E+2	6.766900E+1	1.410000E+0
3.171300E+1	7.390676E-1	2.981289E+0	3.301310E+2	6.766900E+1	1.410000E+0
3.172200E+1	7.390676E-1	2.981289E+0	3.301310E+2	6.766900E+1	1.410000E+0
3.180300E+1	7.476877E-1	3.158082E+0	3.301310E+2	6.766900E+1	1.410000E+0
3.181300E+1	7.476877E-1	3.158082E+0	3.301310E+2	6.766900E+1	1.410000E+0
3.189400E+1	7.501166E-1	3.217900E+0	3.301310E+2	6.766900E+1	1.410000E+0
3.190200E+1	7.501166E-1	3.217900E+0	3.301310E+2	6.766900E+1	1.410000E+0
3.201300E+1	7.501063E-1	3.180537E+0	3.301310E+2	6.766900E+1	1.410000E+0
3.202200E+1	7.501063E-1	3.180537E+0	3.301310E+2	6.766900E+1	1.410000E+0
3.210300E+1	7.501067E-1	3.167442E+0	3.301310E+2	6.766900E+1	1.410000E+0
3.211200E+1	7.501067E-1	3.167442E+0	3.301310E+2	6.766900E+1	1.410000E+0
3.219300E+1	7.501206E-1	3.172716E+0	3.301310E+2	6.766900E+1	1.410000E+0
3.220200E+1	7.501206E-1	3.172716E+0	3.301310E+2	6.766900E+1	1.410000E+0
3.228300E+1	7.610783E-1	3.425685E+0	3.301310E+2	6.766900E+1	1.410000E+0
3.229300E+1	7.610783E-1	3.425685E+0	3.301310E+2	6.766900E+1	1.410000E+0
3.237300E+1	7.611373E-1	3.446218E+0	3.301310E+2	6.766900E+1	1.410000E+0
3.238200E+1	7.611373E-1	3.446218E+0	3.301310E+2	6.766900E+1	1.410000E+0
3.249300E+1	7.611387E-1	3.444136E+0	3.301310E+2	6.766900E+1	1.410000E+0
3.250100E+1	7.611387E-1	3.444136E+0	3.301310E+2	6.766900E+1	1.410000E+0
3.258200E+1	7.611441E-1	3.448273E+0	3.301310E+2	6.766900E+1	1.410000E+0
3.259500E+1	7.611441E-1	3.448273E+0	3.301310E+2	6.766900E+1	1.410000E+0
3.267800E+1	7.688514E-1	3.695162E+0	3.301310E+2	6.766900E+1	1.410000E+0
3.268800E+1	7.688514E-1	3.695162E+0	3.301310E+2	6.766900E+1	1.410000E+0
3.277100E+1	7.721913E-1	3.714927E+0	3.301310E+2	6.766900E+1	1.410000E+0
3.278000E+1	7.721913E-1	3.714927E+0	3.301310E+2	6.766900E+1	1.410000E+0
3.286200E+1	7.721829E-1	3.686064E+0	3.301310E+2	6.766900E+1	1.410000E+0
3.287000E+1	7.721829E-1	3.686064E+0	3.301310E+2	6.766900E+1	1.410000E+0
3.298200E+1	7.721855E-1	3.687064E+0	3.301310E+2	6.766900E+1	1.410000E+0
3.299100E+1	7.721855E-1	3.687064E+0	3.301310E+2	6.766900E+1	1.410000E+0
3.307100E+1	7.721931E-1	3.707060E+0	3.301310E+2	6.766900E+1	1.410000E+0
3.308000E+1	7.721931E-1	3.707060E+0	3.301310E+2	6.766900E+1	1.410000E+0
3.316000E+1	7.776992E-1	3.866810E+0	3.301310E+2	6.766900E+1	1.410000E+0
3.316900E+1	7.776992E-1	3.866810E+0	3.301310E+2	6.766900E+1	1.410000E+0
3.325100E+1	7.777201E-1	3.863076E+0	3.301310E+2	6.766900E+1	1.410000E+0
3.325900E+1	7.777201E-1	3.863076E+0	3.301310E+2	6.766900E+1	1.410000E+0
3.334100E+1	7.777075E-1	3.873537E+0	3.301310E+2	6.766900E+1	1.410000E+0
3.335000E+1	7.777075E-1	3.873537E+0	3.301310E+2	6.766900E+1	1.410000E+0
3.346200E+1	7.777055E-1	3.914421E+0	3.301310E+2	6.766900E+1	1.410000E+0
3.347100E+1	7.777055E-1	3.914421E+0	3.301310E+2	6.766900E+1	1.410000E+0
3.355000E+1	7.886608E-1	4.324281E+0	3.301310E+2	6.766900E+1	1.410000E+0
3.356300E+1	7.886608E-1	4.324281E+0	3.301310E+2	6.766900E+1	1.410000E+0
3.364500E+1	7.887073E-1	5.049740E+0	3.301310E+2	6.766900E+1	1.410000E+0
3.365400E+1	7.887073E-1	5.049740E+0	3.301310E+2	6.766900E+1	1.410000E+0
3.374000E+1	7.886953E-1	5.136595E+0	3.301310E+2	6.766900E+1	1.410000E+0
3.374800E+1	7.886953E-1	5.136595E+0	3.301310E+2	6.766900E+1	1.410000E+0
3.383000E+1	7.886947E-1	5.209386E+0	3.301310E+2	6.766900E+1	1.410000E+0
3.384000E+1	7.886947E-1	5.209386E+0	3.301310E+2	6.766900E+1	1.410000E+0
3.395100E+1	7.929051E-1	5.449217E+0	3.301310E+2	6.766900E+1	1.410000E+0
3.396000E+1	7.929051E-1	5.449217E+0	3.301310E+2	6.766900E+1	1.410000E+0
3.403800E+1	7.997271E-1	5.766559E+0	3.301310E+2	6.766900E+1	1.410000E+0
3.404700E+1	7.997271E-1	5.766559E+0	3.301310E+2	6.766900E+1	1.410000E+0
3.412800E+1	7.997245E-1	5.811168E+0	3.301310E+2	6.766900E+1	1.410000E+0
3.413700E+1	7.997245E-1	5.811168E+0	3.301310E+2	6.766900E+1	1.410000E+0
3.421900E+1	7.997411E-1	5.841787E+0	3.301310E+2	6.766900E+1	1.410000E+0
3.422800E+1	7.997411E-1	5.841787E+0	3.301310E+2	6.766900E+1	1.410000E+0
3.430900E+1	7.997345E-1	5.858086E+0	3.301310E+2	6.766900E+1	1.410000E+0
3.431900E+1	7.997345E-1	5.858086E+0	3.301310E+2	6.766900E+1	1.410000E+0
3.443100E+1	8.106714E-1	6.314212E+0	3.301310E+2	6.766900E+1	1.410000E+0
3.444100E+1	8.106714E-1	6.314212E+0	3.301310E+2	6.766900E+1	1.410000E+0
3.452400E+1	8.107464E-1	6.494200E+0	3.301310E+2	6.766900E+1	1.410000E+0
3.453700E+1	8.107464E-1	6.494200E+0	3.301310E+2	6.766900E+1	1.410000E+0
3.461800E+1	8.107458E-1	6.582895E+0	3.301310E+2	6.766900E+1	1.410000E+0
3.462700E+1	8.107458E-1	6.582895E+0	3.301310E+2	6.766900E+1	1.410000E+0
3.470800E+1	8.107460E-1	6.613602E+0	3.301310E+2	6.766900E+1	1.410000E+0
3.471700E+1	8.107460E-1	6.613602E+0	3.301310E+2	6.766900E+1	1.410000E+0
3.479700E+1	8.190690E-1	7.045599E+0	3.301310E+2	6.766900E+1	1.410000E+0
3.480600E+1	8.190690E-1	7.045599E+0	3.301310E+2	6.766900E+1	1.410000E+0
3.491900E+1	8.217571E-1	7.284639E+0	3.301310E+2	6.766900E+1	1.410000E+0
3.492800E+1	8.217571E-1	7.284639E+0	3.301310E+2	6.766900E+1	1.410000E+0
3.500700E+1	8.217822E-1	7.289882E+0	3.301310E+2	6.766900E+1	1.410000E+0
3.501600E+1	8.217822E-1	7.289882E+0	3.301310E+2	6.766900E+1	1.410000E+0
3.509700E+1	8.217848E-1	7.292815E+0	3.301310E+2	6.766900E+1	1.410000E+0
3.510600E+1	8.217848E-1	7.292815E+0	3.301310E+2	6.766900E+1	1.410000E+0
3.518600E+1	8.217806E-1	7.300702E+0	3.301310E+2	6.766900E+1	1.410000E+0
3.519500E+1	8.217806E-1	7.300702E+0	3.301310E+2	6.766900E+1	1.410000E+0
3.527800E+1	8.327225E-1	7.978668E+0	3.301310E+2	6.766900E+1	1.410000E+0
3.528700E+1	8.327225E-1	7.978668E+0	3.301310E+2	6.766900E+1	1.410000E+0
3.539700E+1	8.327678E-1	7.998819E+0	3.301310E+2	6.766900E+1	1.410000E+0
3.540600E+1	8.327678E-1	7.998819E+0	3.301310E+2	6.766900E+1	1.410000E+0
3.548600E+1	8.327664E-1	8.002662E+0	3.301310E+2	6.766900E+1	1.410000E+0
3.549500E+1	8.327664E-1	8.002662E+0	3.301310E+2	6.766900E+1	1.410000E+0
3.557600E+1	8.327728E-1	8.026264E+0	3.301310E+2	6.766900E+1	1.410000E+0
3.558900E+1	8.327728E-1	8.026264E+0	3.301310E+2	6.766900E+1	1.410000E+0
3.567300E+1	8.382535E-1	8.425570E+0	3.301310E+2	6.766900E+1	1.410000E+0
3.568200E+1	8.382535E-1	8.425570E+0	3.301310E+2	6.766900E+1	1.410000E+0
3.576300E+1	8.382756E-1	8.500842E+0	3.301310E+2	6.766900E+1	1.410000E+0
3.577200E+1	8.382756E-1	8.500842E+0	3.301310E+2	6.766900E+1	1.410000E+0
3.588700E+1	8.382585E-1	8.528600E+0	3.301310E+2	6.766900E+1	1.410000E+0
3.589600E+1	8.382585E-1	8.528600E+0	3.301310E+2	6.766900E+1	1.410000E+0
3.597600E+1	8.382631E-1	8.522983E+0	3.301310E+2	6.766900E+1	1.410000E+0
3.598500E+1	8.382631E-1	8.522983E+0	3.301310E+2	6.766900E+1	1.410000E+0
3.606600E+1	8.467000E-1	9.142187E+0	3.301310E+2	6.766900E+1	1.410000E+0
3.607400E+1	8.467000E-1	9.142187E+0	3.301310E+2	6.766900E+1	1.410000E+0
3.615400E+1	8.492927E-1	9.473517E+0	3.301310E+2	6.766900E+1	1.410000E+0
3.616300E+1	8.492927E-1	9.473517E+0	3.301310E+2	6.766900E+1	1.410000E+0
3.624500E+1	8.492809E-1	9.513263E+0	3.301310E+2	6.766900E+1	1.410000E+0
3.625400E+1	8.492809E-1	9.513263E+0	3.301310E+2	6.766900E+1	1.410000E+0
3.636500E+1	8.492919E-1	9.536295E+0	3.301310E+2	6.766900E+1	1.410000E+0
3.637400E+1	8.492919E-1	9.536295E+0	3.301310E+2	6.766900E+1	1.410000E+0
3.645400E+1	8.492821E-1	9.493565E+0	3.301310E+2	6.766900E+1	1.410000E+0
3.646300E+1	8.492821E-1	9.493565E+0	3.301310E+2	6.766900E+1	1.410000E+0
3.654500E+1	8.602320E-1	1.046943E+1	3.301310E+2	6.766900E+1	1.410000E+0
3.655800E+1	8.602320E-1	1.046943E+1	3.301310E+2	6.766900E+1	1.410000E+0
3.664100E+1	8.603210E-1	1.093435E+1	3.301310E+2	6.766900E+1	1.410000E+0
3.665000E+1	8.603210E-1	1.093435E+1	3.301310E+2	6.766900E+1	1.410000E+0
3.673400E+1	8.603244E-1	1.094035E+1	3.301310E+2	6.766900E+1	1.410000E+0
3.674400E+1	8.603244E-1	1.094035E+1	3.301310E+2	6.766900E+1	1.410000E+0
3.685700E+1	8.603244E-1	1.094736E+1	3.301310E+2	6.766900E+1	1.410000E+0
