Sample;s2(i2)
V-V length(cm);1.000000
Field (T);12.053899
Temp (K);4.200000
Angle (deg.);0.000000
Field(T)_memo;12.000000
Time(sec.)	Current(A)	Voltage(uV)	Temp.1(K)	Temp.2(K)	Temp.3(K)
0.000000E+0	7.017439E-4	6.025657E-6	3.301310E+2	6.766900E+1	1.410000E+0
5.100000E-2	6.666593E-4	-3.012828E-6	3.301310E+2	6.766900E+1	1.410000E+0
6.700000E-2	6.666593E-4	-3.012828E-6	3.301310E+2	6.766900E+1	1.410000E+0
1.430000E-1	6.568355E-4	1.506414E-5	3.301310E+2	6.766900E+1	1.410000E+0
1.520000E-1	6.568355E-4	1.506414E-5	3.301310E+2	6.766900E+1	1.410000E+0
2.330000E-1	9.216336E-3	8.938058E-5	3.301310E+2	6.766900E+1	1.410000E+0
2.420000E-1	9.216336E-3	8.938058E-5	3.301310E+2	6.766900E+1	1.410000E+0
3.230000E-1	1.166666E-2	-1.506414E-5	3.301310E+2	6.766900E+1	1.410000E+0
3.320000E-1	1.166666E-2	-1.506414E-5	3.301310E+2	6.766900E+1	1.410000E+0
4.130000E-1	1.167588E-2	2.912401E-5	3.301310E+2	6.766900E+1	1.410000E+0
4.210000E-1	1.167588E-2	2.912401E-5	3.301310E+2	6.766900E+1	1.410000E+0
5.330000E-1	2.052508E-2	7.983995E-5	3.301310E+2	6.766900E+1	1.410000E+0
5.420000E-1	2.052508E-2	7.983995E-5	3.301310E+2	6.766900E+1	1.410000E+0
6.230000E-1	2.272079E-2	2.209407E-5	3.301310E+2	6.766900E+1	1.410000E+0
6.320000E-1	2.272079E-2	2.209407E-5	3.301310E+2	6.766900E+1	1.410000E+0
7.130000E-1	2.271919E-2	3.514966E-5	3.301310E+2	6.766900E+1	1.410000E+0
7.220000E-1	2.271919E-2	3.514966E-5	3.301310E+2	6.766900E+1	1.410000E+0
8.020000E-1	2.270816E-2	-1.606842E-5	3.301310E+2	6.766900E+1	1.410000E+0
8.110000E-1	2.270816E-2	-1.606842E-5	3.301310E+2	6.766900E+1	1.410000E+0
8.940000E-1	2.821949E-2	1.255345E-5	3.301310E+2	6.766900E+1	1.410000E+0
9.030000E-1	2.821949E-2	1.255345E-5	3.301310E+2	6.766900E+1	1.410000E+0
1.013000E+0	2.821969E-2	2.309894E-5	3.301310E+2	6.766900E+1	1.410000E+0
1.026000E+0	2.821969E-2	2.309894E-5	3.301310E+2	6.766900E+1	1.410000E+0
1.109000E+0	2.822049E-2	1.255404E-5	3.301310E+2	6.766900E+1	1.410000E+0
1.118000E+0	2.822049E-2	1.255404E-5	3.301310E+2	6.766900E+1	1.410000E+0
1.203000E+0	3.726156E-2	6.427425E-5	3.301310E+2	6.766900E+1	1.410000E+0
1.212000E+0	3.726156E-2	6.427425E-5	3.301310E+2	6.766900E+1	1.410000E+0
1.293000E+0	3.917238E-2	2.209466E-5	3.301310E+2	6.766900E+1	1.410000E+0
1.302000E+0	3.917238E-2	2.209466E-5	3.301310E+2	6.766900E+1	1.410000E+0
1.383000E+0	3.917519E-2	1.004872E-6	3.301310E+2	6.766900E+1	1.410000E+0
1.392000E+0	3.917519E-2	1.004872E-6	3.301310E+2	6.766900E+1	1.410000E+0
1.504000E+0	4.772206E-2	5.975501E-5	3.301310E+2	6.766900E+1	1.410000E+0
1.513000E+0	4.772206E-2	5.975501E-5	3.301310E+2	6.766900E+1	1.410000E+0
1.592000E+0	5.021328E-2	8.034803E-6	3.301310E+2	6.766900E+1	1.410000E+0
1.601000E+0	5.021328E-2	8.034803E-6	3.301310E+2	6.766900E+1	1.410000E+0
1.683000E+0	5.021448E-2	1.205191E-5	3.301310E+2	6.766900E+1	1.410000E+0
1.692000E+0	5.021448E-2	1.205191E-5	3.301310E+2	6.766900E+1	1.410000E+0
1.774000E+0	5.021027E-2	8.034803E-6	3.301310E+2	6.766900E+1	1.410000E+0
1.782000E+0	5.021027E-2	8.034803E-6	3.301310E+2	6.766900E+1	1.410000E+0
1.863000E+0	6.121830E-2	8.034803E-6	3.301310E+2	6.766900E+1	1.410000E+0
1.872000E+0	6.121830E-2	8.034803E-6	3.301310E+2	6.766900E+1	1.410000E+0
1.984000E+0	6.122471E-2	1.305618E-5	3.301310E+2	6.766900E+1	1.410000E+0
1.993000E+0	6.122471E-2	1.305618E-5	3.301310E+2	6.766900E+1	1.410000E+0
2.077000E+0	6.122712E-2	1.205191E-5	3.301310E+2	6.766900E+1	1.410000E+0
2.093000E+0	6.122712E-2	1.205191E-5	3.301310E+2	6.766900E+1	1.410000E+0
2.169000E+0	7.224436E-2	4.017700E-6	3.301310E+2	6.766900E+1	1.410000E+0
2.179000E+0	7.224436E-2	4.017700E-6	3.301310E+2	6.766900E+1	1.410000E+0
2.264000E+0	7.225398E-2	3.615453E-5	3.301310E+2	6.766900E+1	1.410000E+0
2.273000E+0	7.225398E-2	3.615453E-5	3.301310E+2	6.766900E+1	1.410000E+0
2.354000E+0	7.224857E-2	2.511286E-6	3.301310E+2	6.766900E+1	1.410000E+0
2.363000E+0	7.224857E-2	2.511286E-6	3.301310E+2	6.766900E+1	1.410000E+0
2.475000E+0	7.622098E-2	7.481915E-5	3.301310E+2	6.766900E+1	1.410000E+0
2.484000E+0	7.622098E-2	7.481915E-5	3.301310E+2	6.766900E+1	1.410000E+0
2.564000E+0	7.772040E-2	1.205191E-5	3.301310E+2	6.766900E+1	1.410000E+0
2.573000E+0	7.772040E-2	1.205191E-5	3.301310E+2	6.766900E+1	1.410000E+0
2.654000E+0	7.771900E-2	2.209466E-5	3.301310E+2	6.766900E+1	1.410000E+0
2.663000E+0	7.771900E-2	2.209466E-5	3.301310E+2	6.766900E+1	1.410000E+0
2.744000E+0	7.772141E-2	1.807756E-5	3.301310E+2	6.766900E+1	1.410000E+0
2.753000E+0	7.772141E-2	1.807756E-5	3.301310E+2	6.766900E+1	1.410000E+0
2.835000E+0	8.874707E-2	1.506473E-5	3.301310E+2	6.766900E+1	1.410000E+0
2.843000E+0	8.874707E-2	1.506473E-5	3.301310E+2	6.766900E+1	1.410000E+0
2.955000E+0	8.876752E-2	2.510749E-5	3.301310E+2	6.766900E+1	1.410000E+0
2.964000E+0	8.876752E-2	2.510749E-5	3.301310E+2	6.766900E+1	1.410000E+0
3.044000E+0	8.876231E-2	3.013424E-6	3.301310E+2	6.766900E+1	1.410000E+0
3.057000E+0	8.876231E-2	3.013424E-6	3.301310E+2	6.766900E+1	1.410000E+0
3.140000E+0	9.977474E-2	3.515025E-5	3.301310E+2	6.766900E+1	1.410000E+0
3.149000E+0	9.977474E-2	3.515025E-5	3.301310E+2	6.766900E+1	1.410000E+0
3.235000E+0	9.978757E-2	1.255404E-5	3.301310E+2	6.766900E+1	1.410000E+0
3.244000E+0	9.978757E-2	1.255404E-5	3.301310E+2	6.766900E+1	1.410000E+0
3.324000E+0	9.979098E-2	1.807756E-5	3.301310E+2	6.766900E+1	1.410000E+0
3.334000E+0	9.979098E-2	1.807756E-5	3.301310E+2	6.766900E+1	1.410000E+0
3.446000E+0	1.086682E-1	9.339825E-5	3.301310E+2	6.766900E+1	1.410000E+0
3.454000E+0	1.086682E-1	9.339825E-5	3.301310E+2	6.766900E+1	1.410000E+0
3.534000E+0	1.108080E-1	-2.007955E-6	3.301310E+2	6.766900E+1	1.410000E+0
3.543000E+0	1.108080E-1	-2.007955E-6	3.301310E+2	6.766900E+1	1.410000E+0
3.624000E+0	1.108164E-1	2.912460E-5	3.301310E+2	6.766900E+1	1.410000E+0
3.633000E+0	1.108164E-1	2.912460E-5	3.301310E+2	6.766900E+1	1.410000E+0
3.715000E+0	1.195881E-1	1.104709E-4	3.301310E+2	6.766900E+1	1.410000E+0
3.724000E+0	1.195881E-1	1.104709E-4	3.301310E+2	6.766900E+1	1.410000E+0
3.804000E+0	1.217922E-1	2.309894E-5	3.301310E+2	6.766900E+1	1.410000E+0
3.813000E+0	1.217922E-1	2.309894E-5	3.301310E+2	6.766900E+1	1.410000E+0
3.926000E+0	1.217912E-1	3.464811E-5	3.301310E+2	6.766900E+1	1.410000E+0
3.935000E+0	1.217912E-1	3.464811E-5	3.301310E+2	6.766900E+1	1.410000E+0
4.014000E+0	1.217846E-1	6.026251E-6	3.301310E+2	6.766900E+1	1.410000E+0
4.027000E+0	1.217846E-1	6.026251E-6	3.301310E+2	6.766900E+1	1.410000E+0
4.111000E+0	1.328158E-1	1.406046E-5	3.301310E+2	6.766900E+1	1.410000E+0
4.120000E+0	1.328158E-1	1.406046E-5	3.301310E+2	6.766900E+1	1.410000E+0
4.204000E+0	1.328259E-1	2.410322E-5	3.301310E+2	6.766900E+1	1.410000E+0
4.213000E+0	1.328259E-1	2.410322E-5	3.301310E+2	6.766900E+1	1.410000E+0
4.294000E+0	1.328309E-1	4.268232E-5	3.301310E+2	6.766900E+1	1.410000E+0
4.304000E+0	1.328309E-1	4.268232E-5	3.301310E+2	6.766900E+1	1.410000E+0
4.417000E+0	1.371329E-1	6.527853E-5	3.301310E+2	6.766900E+1	1.410000E+0
4.426000E+0	1.371329E-1	6.527853E-5	3.301310E+2	6.766900E+1	1.410000E+0
4.504000E+0	1.383601E-1	3.866522E-5	3.301310E+2	6.766900E+1	1.410000E+0
4.512000E+0	1.383601E-1	3.866522E-5	3.301310E+2	6.766900E+1	1.410000E+0
4.595000E+0	1.383599E-1	4.669942E-5	3.301310E+2	6.766900E+1	1.410000E+0
4.604000E+0	1.383599E-1	4.669942E-5	3.301310E+2	6.766900E+1	1.410000E+0
4.684000E+0	1.471960E-1	1.094667E-4	3.301310E+2	6.766900E+1	1.410000E+0
4.693000E+0	1.471960E-1	1.094667E-4	3.301310E+2	6.766900E+1	1.410000E+0
4.775000E+0	1.493803E-1	4.971225E-5	3.301310E+2	6.766900E+1	1.410000E+0
4.784000E+0	1.493803E-1	4.971225E-5	3.301310E+2	6.766900E+1	1.410000E+0
4.896000E+0	1.493717E-1	2.209466E-5	3.301310E+2	6.766900E+1	1.410000E+0
4.905000E+0	1.493717E-1	2.209466E-5	3.301310E+2	6.766900E+1	1.410000E+0
4.984000E+0	1.493585E-1	2.761818E-5	3.301310E+2	6.766900E+1	1.410000E+0
4.993000E+0	1.493585E-1	2.761818E-5	3.301310E+2	6.766900E+1	1.410000E+0
5.079000E+0	1.603979E-1	4.268232E-5	3.301310E+2	6.766900E+1	1.410000E+0
5.096000E+0	1.603979E-1	4.268232E-5	3.301310E+2	6.766900E+1	1.410000E+0
5.181000E+0	1.604046E-1	2.460535E-5	3.301310E+2	6.766900E+1	1.410000E+0
5.190000E+0	1.604046E-1	2.460535E-5	3.301310E+2	6.766900E+1	1.410000E+0
5.275000E+0	1.604062E-1	6.728708E-5	3.301310E+2	6.766900E+1	1.410000E+0
5.284000E+0	1.604062E-1	6.728708E-5	3.301310E+2	6.766900E+1	1.410000E+0
5.396000E+0	1.713759E-1	5.724432E-5	3.301310E+2	6.766900E+1	1.410000E+0
5.405000E+0	1.713759E-1	5.724432E-5	3.301310E+2	6.766900E+1	1.410000E+0
5.485000E+0	1.713911E-1	4.368660E-5	3.301310E+2	6.766900E+1	1.410000E+0
5.493000E+0	1.713911E-1	4.368660E-5	3.301310E+2	6.766900E+1	1.410000E+0
5.576000E+0	1.713961E-1	4.519301E-5	3.301310E+2	6.766900E+1	1.410000E+0
5.584000E+0	1.713961E-1	4.519301E-5	3.301310E+2	6.766900E+1	1.410000E+0
5.666000E+0	1.794861E-1	1.230244E-4	3.301310E+2	6.766900E+1	1.410000E+0
5.675000E+0	1.794861E-1	1.230244E-4	3.301310E+2	6.766900E+1	1.410000E+0
5.755000E+0	1.824320E-1	4.971225E-5	3.301310E+2	6.766900E+1	1.410000E+0
5.763000E+0	1.824320E-1	4.971225E-5	3.301310E+2	6.766900E+1	1.410000E+0
5.876000E+0	1.824130E-1	5.021439E-5	3.301310E+2	6.766900E+1	1.410000E+0
5.885000E+0	1.824130E-1	5.021439E-5	3.301310E+2	6.766900E+1	1.410000E+0
5.966000E+0	1.824222E-1	3.113315E-5	3.301310E+2	6.766900E+1	1.410000E+0
5.975000E+0	1.824222E-1	3.113315E-5	3.301310E+2	6.766900E+1	1.410000E+0
6.056000E+0	1.879075E-1	6.226570E-5	3.301310E+2	6.766900E+1	1.410000E+0
6.069000E+0	1.879075E-1	6.226570E-5	3.301310E+2	6.766900E+1	1.410000E+0
6.152000E+0	1.879047E-1	4.921011E-5	3.301310E+2	6.766900E+1	1.410000E+0
6.160000E+0	1.879047E-1	4.921011E-5	3.301310E+2	6.766900E+1	1.410000E+0
6.246000E+0	1.879123E-1	4.569515E-5	3.301310E+2	6.766900E+1	1.410000E+0
6.254000E+0	1.879123E-1	4.569515E-5	3.301310E+2	6.766900E+1	1.410000E+0
6.367000E+0	1.989333E-1	8.486190E-5	3.301310E+2	6.766900E+1	1.410000E+0
6.376000E+0	1.989333E-1	8.486190E-5	3.301310E+2	6.766900E+1	1.410000E+0
6.456000E+0	1.989259E-1	5.824860E-5	3.301310E+2	6.766900E+1	1.410000E+0
6.465000E+0	1.989259E-1	5.824860E-5	3.301310E+2	6.766900E+1	1.410000E+0
6.546000E+0	1.989339E-1	6.377211E-5	3.301310E+2	6.766900E+1	1.410000E+0
6.555000E+0	1.989339E-1	6.377211E-5	3.301310E+2	6.766900E+1	1.410000E+0
6.635000E+0	2.062745E-1	9.339825E-5	3.301310E+2	6.766900E+1	1.410000E+0
6.644000E+0	2.062745E-1	9.339825E-5	3.301310E+2	6.766900E+1	1.410000E+0
6.726000E+0	2.098662E-1	6.025715E-5	3.301310E+2	6.766900E+1	1.410000E+0
6.735000E+0	2.098662E-1	6.025715E-5	3.301310E+2	6.766900E+1	1.410000E+0
6.849000E+0	2.098596E-1	6.678494E-5	3.301310E+2	6.766900E+1	1.410000E+0
6.858000E+0	2.098596E-1	6.678494E-5	3.301310E+2	6.766900E+1	1.410000E+0
6.936000E+0	2.176364E-1	1.265394E-4	3.301310E+2	6.766900E+1	1.410000E+0
6.945000E+0	2.176364E-1	1.265394E-4	3.301310E+2	6.766900E+1	1.410000E+0
7.026000E+0	2.208961E-1	7.431701E-5	3.301310E+2	6.766900E+1	1.410000E+0
7.039000E+0	2.208961E-1	7.431701E-5	3.301310E+2	6.766900E+1	1.410000E+0
7.123000E+0	2.208852E-1	7.080204E-5	3.301310E+2	6.766900E+1	1.410000E+0
7.132000E+0	2.208852E-1	7.080204E-5	3.301310E+2	6.766900E+1	1.410000E+0
7.216000E+0	2.208973E-1	7.029991E-5	3.301310E+2	6.766900E+1	1.410000E+0
7.225000E+0	2.208973E-1	7.029991E-5	3.301310E+2	6.766900E+1	1.410000E+0
7.337000E+0	2.318951E-1	7.230846E-5	3.301310E+2	6.766900E+1	1.410000E+0
7.347000E+0	2.318951E-1	7.230846E-5	3.301310E+2	6.766900E+1	1.410000E+0
7.426000E+0	2.319131E-1	8.887901E-5	3.301310E+2	6.766900E+1	1.410000E+0
7.435000E+0	2.319131E-1	8.887901E-5	3.301310E+2	6.766900E+1	1.410000E+0
7.516000E+0	2.319041E-1	5.824860E-5	3.301310E+2	6.766900E+1	1.410000E+0
7.525000E+0	2.319041E-1	5.824860E-5	3.301310E+2	6.766900E+1	1.410000E+0
7.606000E+0	2.362905E-1	1.195094E-4	3.301310E+2	6.766900E+1	1.410000E+0
7.615000E+0	2.362905E-1	1.195094E-4	3.301310E+2	6.766900E+1	1.410000E+0
7.697000E+0	2.374228E-1	7.984053E-5	3.301310E+2	6.766900E+1	1.410000E+0
7.706000E+0	2.374228E-1	7.984053E-5	3.301310E+2	6.766900E+1	1.410000E+0
7.818000E+0	2.374252E-1	8.385763E-5	3.301310E+2	6.766900E+1	1.410000E+0
7.827000E+0	2.374252E-1	8.385763E-5	3.301310E+2	6.766900E+1	1.410000E+0
7.907000E+0	2.460804E-1	1.205137E-4	3.301310E+2	6.766900E+1	1.410000E+0
7.916000E+0	2.460804E-1	1.205137E-4	3.301310E+2	6.766900E+1	1.410000E+0
7.996000E+0	2.484651E-1	6.276784E-5	3.301310E+2	6.766900E+1	1.410000E+0
8.009000E+0	2.484651E-1	6.276784E-5	3.301310E+2	6.766900E+1	1.410000E+0
8.093000E+0	2.484742E-1	4.669942E-5	3.301310E+2	6.766900E+1	1.410000E+0
8.102000E+0	2.484742E-1	4.669942E-5	3.301310E+2	6.766900E+1	1.410000E+0
8.186000E+0	2.484643E-1	5.875073E-5	3.301310E+2	6.766900E+1	1.410000E+0
8.195000E+0	2.484643E-1	5.875073E-5	3.301310E+2	6.766900E+1	1.410000E+0
8.307000E+0	2.594479E-1	8.184908E-5	3.301310E+2	6.766900E+1	1.410000E+0
8.316000E+0	2.594479E-1	8.184908E-5	3.301310E+2	6.766900E+1	1.410000E+0
8.397000E+0	2.594583E-1	6.678494E-5	3.301310E+2	6.766900E+1	1.410000E+0
8.405000E+0	2.594583E-1	6.678494E-5	3.301310E+2	6.766900E+1	1.410000E+0
8.487000E+0	2.594669E-1	5.624004E-5	3.301310E+2	6.766900E+1	1.410000E+0
8.495000E+0	2.594669E-1	5.624004E-5	3.301310E+2	6.766900E+1	1.410000E+0
8.577000E+0	2.704928E-1	7.281059E-5	3.301310E+2	6.766900E+1	1.410000E+0
8.586000E+0	2.704928E-1	7.281059E-5	3.301310E+2	6.766900E+1	1.410000E+0
8.667000E+0	2.704962E-1	5.925287E-5	3.301310E+2	6.766900E+1	1.410000E+0
8.676000E+0	2.704962E-1	5.925287E-5	3.301310E+2	6.766900E+1	1.410000E+0
8.789000E+0	2.705016E-1	6.276784E-5	3.301310E+2	6.766900E+1	1.410000E+0
8.797000E+0	2.705016E-1	6.276784E-5	3.301310E+2	6.766900E+1	1.410000E+0
8.877000E+0	2.777211E-1	1.360800E-4	3.301310E+2	6.766900E+1	1.410000E+0
8.885000E+0	2.777211E-1	1.360800E-4	3.301310E+2	6.766900E+1	1.410000E+0
8.967000E+0	2.815175E-1	6.276784E-5	3.301310E+2	6.766900E+1	1.410000E+0
8.977000E+0	2.815175E-1	6.276784E-5	3.301310E+2	6.766900E+1	1.410000E+0
9.057000E+0	2.815227E-1	5.674218E-5	3.301310E+2	6.766900E+1	1.410000E+0
9.070000E+0	2.815227E-1	5.674218E-5	3.301310E+2	6.766900E+1	1.410000E+0
9.153000E+0	2.815279E-1	6.126142E-5	3.301310E+2	6.766900E+1	1.410000E+0
9.162000E+0	2.815279E-1	6.126142E-5	3.301310E+2	6.766900E+1	1.410000E+0
9.278000E+0	2.925519E-1	5.272508E-5	3.301310E+2	6.766900E+1	1.410000E+0
9.287000E+0	2.925519E-1	5.272508E-5	3.301310E+2	6.766900E+1	1.410000E+0
9.367000E+0	2.925654E-1	6.326997E-5	3.301310E+2	6.766900E+1	1.410000E+0
9.376000E+0	2.925654E-1	6.326997E-5	3.301310E+2	6.766900E+1	1.410000E+0
9.458000E+0	2.925674E-1	5.473363E-5	3.301310E+2	6.766900E+1	1.410000E+0
9.467000E+0	2.925674E-1	5.473363E-5	3.301310E+2	6.766900E+1	1.410000E+0
9.547000E+0	2.982038E-1	3.665666E-5	3.301310E+2	6.766900E+1	1.410000E+0
9.556000E+0	2.982038E-1	3.665666E-5	3.301310E+2	6.766900E+1	1.410000E+0
9.638000E+0	2.982060E-1	6.578066E-5	3.301310E+2	6.766900E+1	1.410000E+0
9.647000E+0	2.982060E-1	6.578066E-5	3.301310E+2	6.766900E+1	1.410000E+0
9.761000E+0	2.982065E-1	5.875073E-5	3.301310E+2	6.766900E+1	1.410000E+0
9.769000E+0	2.982065E-1	5.875073E-5	3.301310E+2	6.766900E+1	1.410000E+0
9.855000E+0	3.058233E-1	1.159945E-4	3.301310E+2	6.766900E+1	1.410000E+0
9.864000E+0	3.058233E-1	1.159945E-4	3.301310E+2	6.766900E+1	1.410000E+0
9.948000E+0	3.093001E-1	6.326997E-5	3.301310E+2	6.766900E+1	1.410000E+0
9.957000E+0	3.093001E-1	6.326997E-5	3.301310E+2	6.766900E+1	1.410000E+0
1.003700E+1	3.092975E-1	7.180632E-5	3.301310E+2	6.766900E+1	1.410000E+0
1.005000E+1	3.092975E-1	7.180632E-5	3.301310E+2	6.766900E+1	1.410000E+0
1.013400E+1	3.167846E-1	1.109731E-4	3.301310E+2	6.766900E+1	1.410000E+0
1.014300E+1	3.167846E-1	1.109731E-4	3.301310E+2	6.766900E+1	1.410000E+0
1.025900E+1	3.203308E-1	6.377187E-5	3.301310E+2	6.766900E+1	1.410000E+0
1.026700E+1	3.203308E-1	6.377187E-5	3.301310E+2	6.766900E+1	1.410000E+0
1.034700E+1	3.203282E-1	5.724407E-5	3.301310E+2	6.766900E+1	1.410000E+0
1.035700E+1	3.203282E-1	5.724407E-5	3.301310E+2	6.766900E+1	1.410000E+0
1.043800E+1	3.203440E-1	4.519276E-5	3.301310E+2	6.766900E+1	1.410000E+0
1.044700E+1	3.203440E-1	4.519276E-5	3.301310E+2	6.766900E+1	1.410000E+0
1.052800E+1	3.313769E-1	6.678469E-5	3.301310E+2	6.766900E+1	1.410000E+0
1.053700E+1	3.313769E-1	6.678469E-5	3.301310E+2	6.766900E+1	1.410000E+0
1.061800E+1	3.313829E-1	4.669918E-5	3.301310E+2	6.766900E+1	1.410000E+0
1.062700E+1	3.313829E-1	4.669918E-5	3.301310E+2	6.766900E+1	1.410000E+0
1.073800E+1	3.313887E-1	4.368635E-5	3.301310E+2	6.766900E+1	1.410000E+0
1.074700E+1	3.313887E-1	4.368635E-5	3.301310E+2	6.766900E+1	1.410000E+0
1.082700E+1	3.400926E-1	9.641084E-5	3.301310E+2	6.766900E+1	1.410000E+0
1.083600E+1	3.400926E-1	9.641084E-5	3.301310E+2	6.766900E+1	1.410000E+0
1.091800E+1	3.423721E-1	5.925262E-5	3.301310E+2	6.766900E+1	1.410000E+0
1.092700E+1	3.423721E-1	5.925262E-5	3.301310E+2	6.766900E+1	1.410000E+0
1.100700E+1	3.423729E-1	5.674193E-5	3.301310E+2	6.766900E+1	1.410000E+0
1.102000E+1	3.423729E-1	5.674193E-5	3.301310E+2	6.766900E+1	1.410000E+0
1.110500E+1	3.468804E-1	3.263931E-5	3.301310E+2	6.766900E+1	1.410000E+0
1.111300E+1	3.468804E-1	3.263931E-5	3.301310E+2	6.766900E+1	1.410000E+0
1.122800E+1	3.479229E-1	5.172055E-5	3.301310E+2	6.766900E+1	1.410000E+0
1.123700E+1	3.479229E-1	5.172055E-5	3.301310E+2	6.766900E+1	1.410000E+0
1.131800E+1	3.479125E-1	3.263931E-5	3.301310E+2	6.766900E+1	1.410000E+0
1.132700E+1	3.479125E-1	3.263931E-5	3.301310E+2	6.766900E+1	1.410000E+0
1.140900E+1	3.479211E-1	3.715855E-5	3.301310E+2	6.766900E+1	1.410000E+0
1.141800E+1	3.479211E-1	3.715855E-5	3.301310E+2	6.766900E+1	1.410000E+0
1.149900E+1	3.589502E-1	5.372911E-5	3.301310E+2	6.766900E+1	1.410000E+0
1.150800E+1	3.589502E-1	5.372911E-5	3.301310E+2	6.766900E+1	1.410000E+0
1.158800E+1	3.589560E-1	4.971200E-5	3.301310E+2	6.766900E+1	1.410000E+0
1.159700E+1	3.589560E-1	4.971200E-5	3.301310E+2	6.766900E+1	1.410000E+0
1.171000E+1	3.589558E-1	5.724407E-5	3.301310E+2	6.766900E+1	1.410000E+0
1.171800E+1	3.589558E-1	5.724407E-5	3.301310E+2	6.766900E+1	1.410000E+0
1.179900E+1	3.672982E-1	1.119771E-4	3.301310E+2	6.766900E+1	1.410000E+0
1.180700E+1	3.672982E-1	1.119771E-4	3.301310E+2	6.766900E+1	1.410000E+0
1.188900E+1	3.699657E-1	5.021414E-5	3.301310E+2	6.766900E+1	1.410000E+0
1.189700E+1	3.699657E-1	5.021414E-5	3.301310E+2	6.766900E+1	1.410000E+0
1.197800E+1	3.699771E-1	3.916711E-5	3.301310E+2	6.766900E+1	1.410000E+0
1.198800E+1	3.699771E-1	3.916711E-5	3.301310E+2	6.766900E+1	1.410000E+0
1.206800E+1	3.790947E-1	7.180607E-5	3.301310E+2	6.766900E+1	1.410000E+0
1.208100E+1	3.790947E-1	7.180607E-5	3.301310E+2	6.766900E+1	1.410000E+0
1.219600E+1	3.809837E-1	5.021414E-5	3.301310E+2	6.766900E+1	1.410000E+0
1.220600E+1	3.809837E-1	5.021414E-5	3.301310E+2	6.766900E+1	1.410000E+0
1.228900E+1	3.809809E-1	2.510724E-5	3.301310E+2	6.766900E+1	1.410000E+0
1.229800E+1	3.809809E-1	2.510724E-5	3.301310E+2	6.766900E+1	1.410000E+0
1.237900E+1	3.809877E-1	2.611152E-5	3.301310E+2	6.766900E+1	1.410000E+0
1.238900E+1	3.809877E-1	2.611152E-5	3.301310E+2	6.766900E+1	1.410000E+0
1.246900E+1	3.919128E-1	4.870773E-5	3.301310E+2	6.766900E+1	1.410000E+0
1.247800E+1	3.919128E-1	4.870773E-5	3.301310E+2	6.766900E+1	1.410000E+0
1.255900E+1	3.919276E-1	6.628256E-5	3.301310E+2	6.766900E+1	1.410000E+0
1.256800E+1	3.919276E-1	6.628256E-5	3.301310E+2	6.766900E+1	1.410000E+0
1.268000E+1	3.919126E-1	5.875049E-5	3.301310E+2	6.766900E+1	1.410000E+0
1.268900E+1	3.919126E-1	5.875049E-5	3.301310E+2	6.766900E+1	1.410000E+0
1.276800E+1	4.029378E-1	4.619704E-5	3.301310E+2	6.766900E+1	1.410000E+0
1.277700E+1	4.029378E-1	4.619704E-5	3.301310E+2	6.766900E+1	1.410000E+0
1.285800E+1	4.029763E-1	6.678469E-5	3.301310E+2	6.766900E+1	1.410000E+0
1.286700E+1	4.029763E-1	6.678469E-5	3.301310E+2	6.766900E+1	1.410000E+0
1.294900E+1	4.029707E-1	4.720131E-5	3.301310E+2	6.766900E+1	1.410000E+0
1.295800E+1	4.029707E-1	4.720131E-5	3.301310E+2	6.766900E+1	1.410000E+0
1.303800E+1	4.061630E-1	4.971200E-5	3.301310E+2	6.766900E+1	1.410000E+0
1.305200E+1	4.061630E-1	4.971200E-5	3.301310E+2	6.766900E+1	1.410000E+0
1.316800E+1	4.084608E-1	6.879325E-5	3.301310E+2	6.766900E+1	1.410000E+0
1.317700E+1	4.084608E-1	6.879325E-5	3.301310E+2	6.766900E+1	1.410000E+0
1.325900E+1	4.084592E-1	5.021414E-5	3.301310E+2	6.766900E+1	1.410000E+0
1.326800E+1	4.084592E-1	5.021414E-5	3.301310E+2	6.766900E+1	1.410000E+0
1.334900E+1	4.176021E-1	8.988304E-5	3.301310E+2	6.766900E+1	1.410000E+0
1.335800E+1	4.176021E-1	8.988304E-5	3.301310E+2	6.766900E+1	1.410000E+0
1.343900E+1	4.194959E-1	3.766069E-5	3.301310E+2	6.766900E+1	1.410000E+0
1.344800E+1	4.194959E-1	3.766069E-5	3.301310E+2	6.766900E+1	1.410000E+0
1.352900E+1	4.194939E-1	4.268207E-5	3.301310E+2	6.766900E+1	1.410000E+0
1.353800E+1	4.194939E-1	4.268207E-5	3.301310E+2	6.766900E+1	1.410000E+0
1.365100E+1	4.194961E-1	3.364359E-5	3.301310E+2	6.766900E+1	1.410000E+0
1.365900E+1	4.194961E-1	3.364359E-5	3.301310E+2	6.766900E+1	1.410000E+0
1.374000E+1	4.304634E-1	6.578042E-5	3.301310E+2	6.766900E+1	1.410000E+0
1.374900E+1	4.304634E-1	6.578042E-5	3.301310E+2	6.766900E+1	1.410000E+0
1.382800E+1	4.304857E-1	3.715855E-5	3.301310E+2	6.766900E+1	1.410000E+0
1.383700E+1	4.304857E-1	3.715855E-5	3.301310E+2	6.766900E+1	1.410000E+0
1.391900E+1	4.304762E-1	3.665642E-5	3.301310E+2	6.766900E+1	1.410000E+0
1.392900E+1	4.304762E-1	3.665642E-5	3.301310E+2	6.766900E+1	1.410000E+0
1.400900E+1	4.379822E-1	1.079600E-4	3.301310E+2	6.766900E+1	1.410000E+0
1.402200E+1	4.379822E-1	1.079600E-4	3.301310E+2	6.766900E+1	1.410000E+0
1.413800E+1	4.415073E-1	6.527828E-5	3.301310E+2	6.766900E+1	1.410000E+0
1.414700E+1	4.415073E-1	6.527828E-5	3.301310E+2	6.766900E+1	1.410000E+0
1.422900E+1	4.415059E-1	6.778897E-5	3.301310E+2	6.766900E+1	1.410000E+0
1.423800E+1	4.415059E-1	6.778897E-5	3.301310E+2	6.766900E+1	1.410000E+0
1.432000E+1	4.504528E-1	8.034242E-5	3.301310E+2	6.766900E+1	1.410000E+0
1.433000E+1	4.504528E-1	8.034242E-5	3.301310E+2	6.766900E+1	1.410000E+0
1.441000E+1	4.525254E-1	5.473338E-5	3.301310E+2	6.766900E+1	1.410000E+0
1.441900E+1	4.525254E-1	5.473338E-5	3.301310E+2	6.766900E+1	1.410000E+0
1.450000E+1	4.525346E-1	4.569490E-5	3.301310E+2	6.766900E+1	1.410000E+0
1.450900E+1	4.525346E-1	4.569490E-5	3.301310E+2	6.766900E+1	1.410000E+0
1.462100E+1	4.525306E-1	4.318421E-5	3.301310E+2	6.766900E+1	1.410000E+0
1.463000E+1	4.525306E-1	4.318421E-5	3.301310E+2	6.766900E+1	1.410000E+0
1.471100E+1	4.580423E-1	4.569490E-5	3.301310E+2	6.766900E+1	1.410000E+0
1.472000E+1	4.580423E-1	4.569490E-5	3.301310E+2	6.766900E+1	1.410000E+0
1.480000E+1	4.580409E-1	3.113290E-5	3.301310E+2	6.766900E+1	1.410000E+0
1.480900E+1	4.580409E-1	3.113290E-5	3.301310E+2	6.766900E+1	1.410000E+0
1.489100E+1	4.580427E-1	4.920986E-5	3.301310E+2	6.766900E+1	1.410000E+0
1.489900E+1	4.580427E-1	4.920986E-5	3.301310E+2	6.766900E+1	1.410000E+0
1.498000E+1	4.690568E-1	6.578042E-5	3.301310E+2	6.766900E+1	1.410000E+0
1.498900E+1	4.690568E-1	6.578042E-5	3.301310E+2	6.766900E+1	1.410000E+0
1.510200E+1	4.690762E-1	6.276759E-5	3.301310E+2	6.766900E+1	1.410000E+0
1.511500E+1	4.690762E-1	6.276759E-5	3.301310E+2	6.766900E+1	1.410000E+0
1.519700E+1	4.690628E-1	6.276759E-5	3.301310E+2	6.766900E+1	1.410000E+0
1.520600E+1	4.690628E-1	6.276759E-5	3.301310E+2	6.766900E+1	1.410000E+0
1.529000E+1	4.745529E-1	4.418849E-5	3.301310E+2	6.766900E+1	1.410000E+0
1.529900E+1	4.745529E-1	4.418849E-5	3.301310E+2	6.766900E+1	1.410000E+0
1.538000E+1	4.800412E-1	5.272483E-5	3.301310E+2	6.766900E+1	1.410000E+0
1.538900E+1	4.800412E-1	5.272483E-5	3.301310E+2	6.766900E+1	1.410000E+0
1.547000E+1	4.800512E-1	5.222269E-5	3.301310E+2	6.766900E+1	1.410000E+0
1.547900E+1	4.800512E-1	5.222269E-5	3.301310E+2	6.766900E+1	1.410000E+0
1.559100E+1	4.800484E-1	6.075904E-5	3.301310E+2	6.766900E+1	1.410000E+0
1.560100E+1	4.800484E-1	6.075904E-5	3.301310E+2	6.766900E+1	1.410000E+0
1.568100E+1	4.910153E-1	9.942366E-5	3.301310E+2	6.766900E+1	1.410000E+0
1.569000E+1	4.910153E-1	9.942366E-5	3.301310E+2	6.766900E+1	1.410000E+0
1.577000E+1	4.910893E-1	5.523552E-5	3.301310E+2	6.766900E+1	1.410000E+0
1.577900E+1	4.910893E-1	5.523552E-5	3.301310E+2	6.766900E+1	1.410000E+0
1.586000E+1	4.910879E-1	6.829111E-5	3.301310E+2	6.766900E+1	1.410000E+0
1.586900E+1	4.910879E-1	6.829111E-5	3.301310E+2	6.766900E+1	1.410000E+0
1.595100E+1	5.020849E-1	6.678469E-5	3.301310E+2	6.766900E+1	1.410000E+0
1.595900E+1	5.020849E-1	6.678469E-5	3.301310E+2	6.766900E+1	1.410000E+0
1.607100E+1	5.021069E-1	4.619704E-5	3.301310E+2	6.766900E+1	1.410000E+0
1.608500E+1	5.021069E-1	4.619704E-5	3.301310E+2	6.766900E+1	1.410000E+0
1.616700E+1	5.021053E-1	6.578042E-5	3.301310E+2	6.766900E+1	1.410000E+0
1.617600E+1	5.021053E-1	6.578042E-5	3.301310E+2	6.766900E+1	1.410000E+0
1.626100E+1	5.068981E-1	7.833387E-5	3.301310E+2	6.766900E+1	1.410000E+0
1.626900E+1	5.068981E-1	7.833387E-5	3.301310E+2	6.766900E+1	1.410000E+0
1.635000E+1	5.076012E-1	7.080180E-5	3.301310E+2	6.766900E+1	1.410000E+0
1.635900E+1	5.076012E-1	7.080180E-5	3.301310E+2	6.766900E+1	1.410000E+0
1.644100E+1	5.076133E-1	5.071628E-5	3.301310E+2	6.766900E+1	1.410000E+0
1.645000E+1	5.076133E-1	5.071628E-5	3.301310E+2	6.766900E+1	1.410000E+0
1.656300E+1	5.159995E-1	1.014322E-4	3.301310E+2	6.766900E+1	1.410000E+0
1.657200E+1	5.159995E-1	1.014322E-4	3.301310E+2	6.766900E+1	1.410000E+0
1.665100E+1	5.186087E-1	6.276759E-5	3.301310E+2	6.766900E+1	1.410000E+0
1.666000E+1	5.186087E-1	6.276759E-5	3.301310E+2	6.766900E+1	1.410000E+0
1.674200E+1	5.186018E-1	6.075904E-5	3.301310E+2	6.766900E+1	1.410000E+0
1.675000E+1	5.186018E-1	6.075904E-5	3.301310E+2	6.766900E+1	1.410000E+0
1.683100E+1	5.185990E-1	5.875049E-5	3.301310E+2	6.766900E+1	1.410000E+0
1.683900E+1	5.185990E-1	5.875049E-5	3.301310E+2	6.766900E+1	1.410000E+0
1.692100E+1	5.296289E-1	6.326973E-5	3.301310E+2	6.766900E+1	1.410000E+0
1.693000E+1	5.296289E-1	6.326973E-5	3.301310E+2	6.766900E+1	1.410000E+0
1.704200E+1	5.296199E-1	6.025690E-5	3.301310E+2	6.766900E+1	1.410000E+0
1.705500E+1	5.296199E-1	6.025690E-5	3.301310E+2	6.766900E+1	1.410000E+0
1.713800E+1	5.296395E-1	6.075904E-5	3.301310E+2	6.766900E+1	1.410000E+0
1.714700E+1	5.296395E-1	6.075904E-5	3.301310E+2	6.766900E+1	1.410000E+0
1.723200E+1	5.395102E-1	1.134835E-4	3.301310E+2	6.766900E+1	1.410000E+0
1.724100E+1	5.395102E-1	1.134835E-4	3.301310E+2	6.766900E+1	1.410000E+0
1.732100E+1	5.406574E-1	7.481890E-5	3.301310E+2	6.766900E+1	1.410000E+0
1.732900E+1	5.406574E-1	7.481890E-5	3.301310E+2	6.766900E+1	1.410000E+0
1.741100E+1	5.406486E-1	6.678469E-5	3.301310E+2	6.766900E+1	1.410000E+0
1.742000E+1	5.406486E-1	6.678469E-5	3.301310E+2	6.766900E+1	1.410000E+0
1.753200E+1	5.487820E-1	1.074579E-4	3.301310E+2	6.766900E+1	1.410000E+0
1.754100E+1	5.487820E-1	1.074579E-4	3.301310E+2	6.766900E+1	1.410000E+0
1.762100E+1	5.516935E-1	8.737235E-5	3.301310E+2	6.766900E+1	1.410000E+0
1.763100E+1	5.516935E-1	8.737235E-5	3.301310E+2	6.766900E+1	1.410000E+0
1.771200E+1	5.516911E-1	7.130394E-5	3.301310E+2	6.766900E+1	1.410000E+0
1.772100E+1	5.516911E-1	7.130394E-5	3.301310E+2	6.766900E+1	1.410000E+0
1.780100E+1	5.516819E-1	5.523552E-5	3.301310E+2	6.766900E+1	1.410000E+0
1.781000E+1	5.516819E-1	5.523552E-5	3.301310E+2	6.766900E+1	1.410000E+0
1.789100E+1	5.626175E-1	7.381463E-5	3.301310E+2	6.766900E+1	1.410000E+0
1.790100E+1	5.626175E-1	7.381463E-5	3.301310E+2	6.766900E+1	1.410000E+0
1.801300E+1	5.626115E-1	6.879325E-5	3.301310E+2	6.766900E+1	1.410000E+0
1.802600E+1	5.626115E-1	6.879325E-5	3.301310E+2	6.766900E+1	1.410000E+0
1.810900E+1	5.626077E-1	8.235097E-5	3.301310E+2	6.766900E+1	1.410000E+0
1.811700E+1	5.626077E-1	8.235097E-5	3.301310E+2	6.766900E+1	1.410000E+0
1.820100E+1	5.681291E-1	9.038518E-5	3.301310E+2	6.766900E+1	1.410000E+0
1.821000E+1	5.681291E-1	9.038518E-5	3.301310E+2	6.766900E+1	1.410000E+0
1.829100E+1	5.681467E-1	8.486166E-5	3.301310E+2	6.766900E+1	1.410000E+0
1.830000E+1	5.681467E-1	8.486166E-5	3.301310E+2	6.766900E+1	1.410000E+0
1.838200E+1	5.681473E-1	8.687021E-5	3.301310E+2	6.766900E+1	1.410000E+0
1.839100E+1	5.681473E-1	8.687021E-5	3.301310E+2	6.766900E+1	1.410000E+0
1.850300E+1	5.771304E-1	1.190070E-4	3.301310E+2	6.766900E+1	1.410000E+0
1.851200E+1	5.771304E-1	1.190070E-4	3.301310E+2	6.766900E+1	1.410000E+0
1.859200E+1	5.791782E-1	7.381463E-5	3.301310E+2	6.766900E+1	1.410000E+0
1.860100E+1	5.791782E-1	7.381463E-5	3.301310E+2	6.766900E+1	1.410000E+0
1.868100E+1	5.791712E-1	6.527828E-5	3.301310E+2	6.766900E+1	1.410000E+0
1.869000E+1	5.791712E-1	6.527828E-5	3.301310E+2	6.766900E+1	1.410000E+0
1.877100E+1	5.791593E-1	7.331249E-5	3.301310E+2	6.766900E+1	1.410000E+0
1.878100E+1	5.791593E-1	7.331249E-5	3.301310E+2	6.766900E+1	1.410000E+0
1.886200E+1	5.901632E-1	8.034242E-5	3.301310E+2	6.766900E+1	1.410000E+0
1.887200E+1	5.901632E-1	8.034242E-5	3.301310E+2	6.766900E+1	1.410000E+0
1.898200E+1	5.901784E-1	9.641084E-5	3.301310E+2	6.766900E+1	1.410000E+0
1.899100E+1	5.901784E-1	9.641084E-5	3.301310E+2	6.766900E+1	1.410000E+0
1.907700E+1	5.901804E-1	6.628256E-5	3.301310E+2	6.766900E+1	1.410000E+0
1.909400E+1	5.901804E-1	6.628256E-5	3.301310E+2	6.766900E+1	1.410000E+0
1.917200E+1	6.012257E-1	8.084456E-5	3.301310E+2	6.766900E+1	1.410000E+0
1.918100E+1	6.012257E-1	8.084456E-5	3.301310E+2	6.766900E+1	1.410000E+0
1.926200E+1	6.012197E-1	8.536380E-5	3.301310E+2	6.766900E+1	1.410000E+0
1.927100E+1	6.012197E-1	8.536380E-5	3.301310E+2	6.766900E+1	1.410000E+0
1.935200E+1	6.012159E-1	1.099686E-4	3.301310E+2	6.766900E+1	1.410000E+0
1.936100E+1	6.012159E-1	1.099686E-4	3.301310E+2	6.766900E+1	1.410000E+0
1.947500E+1	6.094071E-1	1.129814E-4	3.301310E+2	6.766900E+1	1.410000E+0
1.948400E+1	6.094071E-1	1.129814E-4	3.301310E+2	6.766900E+1	1.410000E+0
1.956900E+1	6.122288E-1	8.787449E-5	3.301310E+2	6.766900E+1	1.410000E+0
1.957800E+1	6.122288E-1	8.787449E-5	3.301310E+2	6.766900E+1	1.410000E+0
1.966300E+1	6.122194E-1	7.582318E-5	3.301310E+2	6.766900E+1	1.410000E+0
1.967100E+1	6.122194E-1	7.582318E-5	3.301310E+2	6.766900E+1	1.410000E+0
1.975200E+1	6.166212E-1	1.330669E-4	3.301310E+2	6.766900E+1	1.410000E+0
1.976100E+1	6.166212E-1	1.330669E-4	3.301310E+2	6.766900E+1	1.410000E+0
1.984200E+1	6.177343E-1	1.240284E-4	3.301310E+2	6.766900E+1	1.410000E+0
1.985100E+1	6.177343E-1	1.240284E-4	3.301310E+2	6.766900E+1	1.410000E+0
1.996300E+1	6.177339E-1	9.189092E-5	3.301310E+2	6.766900E+1	1.410000E+0
1.997200E+1	6.177339E-1	9.189092E-5	3.301310E+2	6.766900E+1	1.410000E+0
2.005200E+1	6.177335E-1	9.841871E-5	3.301310E+2	6.766900E+1	1.410000E+0
2.006600E+1	6.177335E-1	9.841871E-5	3.301310E+2	6.766900E+1	1.410000E+0
2.014900E+1	6.287514E-1	1.054486E-4	3.301310E+2	6.766900E+1	1.410000E+0
2.015700E+1	6.287514E-1	1.054486E-4	3.301310E+2	6.766900E+1	1.410000E+0
2.024200E+1	6.287552E-1	1.014315E-4	3.301310E+2	6.766900E+1	1.410000E+0
2.025100E+1	6.287552E-1	1.014315E-4	3.301310E+2	6.766900E+1	1.410000E+0
2.033200E+1	6.287590E-1	9.841871E-5	3.301310E+2	6.766900E+1	1.410000E+0
2.034200E+1	6.287590E-1	9.841871E-5	3.301310E+2	6.766900E+1	1.410000E+0
2.045300E+1	6.374193E-1	1.536539E-4	3.301310E+2	6.766900E+1	1.410000E+0
2.046200E+1	6.374193E-1	1.536539E-4	3.301310E+2	6.766900E+1	1.410000E+0
2.054200E+1	6.397973E-1	1.159935E-4	3.301310E+2	6.766900E+1	1.410000E+0
2.055100E+1	6.397973E-1	1.159935E-4	3.301310E+2	6.766900E+1	1.410000E+0
2.063300E+1	6.398005E-1	1.164957E-4	3.301310E+2	6.766900E+1	1.410000E+0
2.064200E+1	6.398005E-1	1.164957E-4	3.301310E+2	6.766900E+1	1.410000E+0
2.072200E+1	6.487694E-1	1.968378E-4	3.301310E+2	6.766900E+1	1.410000E+0
2.073000E+1	6.487694E-1	1.968378E-4	3.301310E+2	6.766900E+1	1.410000E+0
2.081300E+1	6.508240E-1	1.365812E-4	3.301310E+2	6.766900E+1	1.410000E+0
2.082200E+1	6.508240E-1	1.365812E-4	3.301310E+2	6.766900E+1	1.410000E+0
2.093400E+1	6.508214E-1	1.747437E-4	3.301310E+2	6.766900E+1	1.410000E+0
2.094200E+1	6.508214E-1	1.747437E-4	3.301310E+2	6.766900E+1	1.410000E+0
2.102300E+1	6.508268E-1	1.446154E-4	3.301310E+2	6.766900E+1	1.410000E+0
2.103600E+1	6.508268E-1	1.446154E-4	3.301310E+2	6.766900E+1	1.410000E+0
2.112000E+1	6.618887E-1	1.842843E-4	3.301310E+2	6.766900E+1	1.410000E+0
2.112900E+1	6.618887E-1	1.842843E-4	3.301310E+2	6.766900E+1	1.410000E+0
2.121300E+1	6.618934E-1	1.953314E-4	3.301310E+2	6.766900E+1	1.410000E+0
2.122000E+1	6.618934E-1	1.953314E-4	3.301310E+2	6.766900E+1	1.410000E+0
2.130200E+1	6.618906E-1	1.862929E-4	3.301310E+2	6.766900E+1	1.410000E+0
2.131200E+1	6.618906E-1	1.862929E-4	3.301310E+2	6.766900E+1	1.410000E+0
2.142400E+1	6.729076E-1	2.545837E-4	3.301310E+2	6.766900E+1	1.410000E+0
2.143300E+1	6.729076E-1	2.545837E-4	3.301310E+2	6.766900E+1	1.410000E+0
2.151400E+1	6.729255E-1	2.269661E-4	3.301310E+2	6.766900E+1	1.410000E+0
2.152200E+1	6.729255E-1	2.269661E-4	3.301310E+2	6.766900E+1	1.410000E+0
2.160400E+1	6.729333E-1	2.631200E-4	3.301310E+2	6.766900E+1	1.410000E+0
2.161200E+1	6.729333E-1	2.631200E-4	3.301310E+2	6.766900E+1	1.410000E+0
2.169300E+1	6.768153E-1	2.967633E-4	3.301310E+2	6.766900E+1	1.410000E+0
2.170300E+1	6.768153E-1	2.967633E-4	3.301310E+2	6.766900E+1	1.410000E+0
2.178300E+1	6.784590E-1	2.857162E-4	3.301310E+2	6.766900E+1	1.410000E+0
2.179200E+1	6.784590E-1	2.857162E-4	3.301310E+2	6.766900E+1	1.410000E+0
2.190400E+1	6.784574E-1	2.811970E-4	3.301310E+2	6.766900E+1	1.410000E+0
2.191300E+1	6.784574E-1	2.811970E-4	3.301310E+2	6.766900E+1	1.410000E+0
2.199300E+1	6.784480E-1	3.153424E-4	3.301310E+2	6.766900E+1	1.410000E+0
2.200600E+1	6.784480E-1	3.153424E-4	3.301310E+2	6.766900E+1	1.410000E+0
2.208900E+1	6.894853E-1	3.766033E-4	3.301310E+2	6.766900E+1	1.410000E+0
2.209800E+1	6.894853E-1	3.766033E-4	3.301310E+2	6.766900E+1	1.410000E+0
2.218400E+1	6.894986E-1	3.936759E-4	3.301310E+2	6.766900E+1	1.410000E+0
2.219200E+1	6.894986E-1	3.936759E-4	3.301310E+2	6.766900E+1	1.410000E+0
2.227400E+1	6.895076E-1	3.811225E-4	3.301310E+2	6.766900E+1	1.410000E+0
2.228300E+1	6.895076E-1	3.811225E-4	3.301310E+2	6.766900E+1	1.410000E+0
2.239400E+1	7.005054E-1	5.101720E-4	3.301310E+2	6.766900E+1	1.410000E+0
2.240400E+1	7.005054E-1	5.101720E-4	3.301310E+2	6.766900E+1	1.410000E+0
2.248300E+1	7.005198E-1	5.026399E-4	3.301310E+2	6.766900E+1	1.410000E+0
2.249200E+1	7.005198E-1	5.026399E-4	3.301310E+2	6.766900E+1	1.410000E+0
2.257400E+1	7.005132E-1	5.182062E-4	3.301310E+2	6.766900E+1	1.410000E+0
2.258200E+1	7.005132E-1	5.182062E-4	3.301310E+2	6.766900E+1	1.410000E+0
2.266300E+1	7.087191E-1	6.628220E-4	3.301310E+2	6.766900E+1	1.410000E+0
2.267200E+1	7.087191E-1	6.628220E-4	3.301310E+2	6.766900E+1	1.410000E+0
2.275200E+1	7.115591E-1	6.783883E-4	3.301310E+2	6.766900E+1	1.410000E+0
2.276100E+1	7.115591E-1	6.783883E-4	3.301310E+2	6.766900E+1	1.410000E+0
2.287400E+1	7.115489E-1	6.959631E-4	3.301310E+2	6.766900E+1	1.410000E+0
2.288300E+1	7.115489E-1	6.959631E-4	3.301310E+2	6.766900E+1	1.410000E+0
2.296300E+1	7.203604E-1	9.264445E-4	3.301310E+2	6.766900E+1	1.410000E+0
2.297200E+1	7.203604E-1	9.264445E-4	3.301310E+2	6.766900E+1	1.410000E+0
2.305400E+1	7.225726E-1	9.234317E-4	3.301310E+2	6.766900E+1	1.410000E+0
2.306700E+1	7.225726E-1	9.234317E-4	3.301310E+2	6.766900E+1	1.410000E+0
2.315100E+1	7.225804E-1	9.199167E-4	3.301310E+2	6.766900E+1	1.410000E+0
2.315900E+1	7.225804E-1	9.199167E-4	3.301310E+2	6.766900E+1	1.410000E+0
2.324100E+1	7.225768E-1	9.289552E-4	3.301310E+2	6.766900E+1	1.410000E+0
2.325000E+1	7.225768E-1	9.289552E-4	3.301310E+2	6.766900E+1	1.410000E+0
2.336600E+1	7.280775E-1	1.070558E-3	3.301310E+2	6.766900E+1	1.410000E+0
2.337500E+1	7.280775E-1	1.070558E-3	3.301310E+2	6.766900E+1	1.410000E+0
2.345900E+1	7.280769E-1	1.057000E-3	3.301310E+2	6.766900E+1	1.410000E+0
2.346800E+1	7.280769E-1	1.057000E-3	3.301310E+2	6.766900E+1	1.410000E+0
2.355300E+1	7.280895E-1	1.071060E-3	3.301310E+2	6.766900E+1	1.410000E+0
2.356200E+1	7.280895E-1	1.071060E-3	3.301310E+2	6.766900E+1	1.410000E+0
2.364300E+1	7.369145E-1	1.406991E-3	3.301310E+2	6.766900E+1	1.410000E+0
2.365200E+1	7.369145E-1	1.406991E-3	3.301310E+2	6.766900E+1	1.410000E+0
2.373400E+1	7.390182E-1	1.448668E-3	3.301310E+2	6.766900E+1	1.410000E+0
2.374300E+1	7.390182E-1	1.448668E-3	3.301310E+2	6.766900E+1	1.410000E+0
2.385700E+1	7.390136E-1	1.435613E-3	3.301310E+2	6.766900E+1	1.410000E+0
2.386600E+1	7.390136E-1	1.435613E-3	3.301310E+2	6.766900E+1	1.410000E+0
2.395000E+1	7.445063E-1	1.742921E-3	3.301310E+2	6.766900E+1	1.410000E+0
2.396000E+1	7.445063E-1	1.742921E-3	3.301310E+2	6.766900E+1	1.410000E+0
2.404400E+1	7.500463E-1	1.946287E-3	3.301310E+2	6.766900E+1	1.410000E+0
2.405700E+1	7.500463E-1	1.946287E-3	3.301310E+2	6.766900E+1	1.410000E+0
2.414100E+1	7.500635E-1	1.946287E-3	3.301310E+2	6.766900E+1	1.410000E+0
2.415000E+1	7.500635E-1	1.946287E-3	3.301310E+2	6.766900E+1	1.410000E+0
2.423400E+1	7.500511E-1	1.945283E-3	3.301310E+2	6.766900E+1	1.410000E+0
2.424400E+1	7.500511E-1	1.945283E-3	3.301310E+2	6.766900E+1	1.410000E+0
2.435500E+1	7.609426E-1	2.586012E-3	3.301310E+2	6.766900E+1	1.410000E+0
2.436400E+1	7.609426E-1	2.586012E-3	3.301310E+2	6.766900E+1	1.410000E+0
2.444400E+1	7.610772E-1	2.601077E-3	3.301310E+2	6.766900E+1	1.410000E+0
2.445200E+1	7.610772E-1	2.601077E-3	3.301310E+2	6.766900E+1	1.410000E+0
2.453300E+1	7.610684E-1	2.612626E-3	3.301310E+2	6.766900E+1	1.410000E+0
2.454200E+1	7.610684E-1	2.612626E-3	3.301310E+2	6.766900E+1	1.410000E+0
2.462400E+1	7.721000E-1	3.431113E-3	3.301310E+2	6.766900E+1	1.410000E+0
2.463200E+1	7.721000E-1	3.431113E-3	3.301310E+2	6.766900E+1	1.410000E+0
2.471400E+1	7.720960E-1	3.472288E-3	3.301310E+2	6.766900E+1	1.410000E+0
2.472300E+1	7.720960E-1	3.472288E-3	3.301310E+2	6.766900E+1	1.410000E+0
2.483500E+1	7.720916E-1	3.488859E-3	3.301310E+2	6.766900E+1	1.410000E+0
2.484400E+1	7.720916E-1	3.488859E-3	3.301310E+2	6.766900E+1	1.410000E+0
2.492400E+1	7.759474E-1	3.842867E-3	3.301310E+2	6.766900E+1	1.410000E+0
2.493300E+1	7.759474E-1	3.842867E-3	3.301310E+2	6.766900E+1	1.410000E+0
2.501500E+1	7.776260E-1	4.053766E-3	3.301310E+2	6.766900E+1	1.410000E+0
2.502800E+1	7.776260E-1	4.053766E-3	3.301310E+2	6.766900E+1	1.410000E+0
2.511100E+1	7.776296E-1	4.034182E-3	3.301310E+2	6.766900E+1	1.410000E+0
2.511900E+1	7.776296E-1	4.034182E-3	3.301310E+2	6.766900E+1	1.410000E+0
2.520400E+1	7.776383E-1	4.026650E-3	3.301310E+2	6.766900E+1	1.410000E+0
2.521300E+1	7.776383E-1	4.026650E-3	3.301310E+2	6.766900E+1	1.410000E+0
2.532500E+1	7.886148E-1	5.306102E-3	3.301310E+2	6.766900E+1	1.410000E+0
2.533400E+1	7.886148E-1	5.306102E-3	3.301310E+2	6.766900E+1	1.410000E+0
2.541400E+1	7.886174E-1	5.373890E-3	3.301310E+2	6.766900E+1	1.410000E+0
2.542400E+1	7.886174E-1	5.373890E-3	3.301310E+2	6.766900E+1	1.410000E+0
2.550400E+1	7.886226E-1	5.382427E-3	3.301310E+2	6.766900E+1	1.410000E+0
2.551300E+1	7.886226E-1	5.382427E-3	3.301310E+2	6.766900E+1	1.410000E+0
2.559400E+1	7.995547E-1	7.012873E-3	3.301310E+2	6.766900E+1	1.410000E+0
2.560300E+1	7.995547E-1	7.012873E-3	3.301310E+2	6.766900E+1	1.410000E+0
2.568400E+1	7.996621E-1	7.132383E-3	3.301310E+2	6.766900E+1	1.410000E+0
2.569300E+1	7.996621E-1	7.132383E-3	3.301310E+2	6.766900E+1	1.410000E+0
2.580600E+1	7.996710E-1	7.193142E-3	3.301310E+2	6.766900E+1	1.410000E+0
2.581500E+1	7.996710E-1	7.193142E-3	3.301310E+2	6.766900E+1	1.410000E+0
2.589400E+1	8.084568E-1	8.968204E-3	3.301310E+2	6.766900E+1	1.410000E+0
2.590300E+1	8.084568E-1	8.968204E-3	3.301310E+2	6.766900E+1	1.410000E+0
2.598400E+1	8.106748E-1	9.591862E-3	3.301310E+2	6.766900E+1	1.410000E+0
2.599300E+1	8.106748E-1	9.591862E-3	3.301310E+2	6.766900E+1	1.410000E+0
2.609100E+1	8.106658E-1	9.683251E-3	3.301310E+2	6.766900E+1	1.410000E+0
2.610700E+1	8.106658E-1	9.683251E-3	3.301310E+2	6.766900E+1	1.410000E+0
2.619100E+1	8.199827E-1	1.254293E-2	3.301310E+2	6.766900E+1	1.410000E+0
2.619900E+1	8.199827E-1	1.254293E-2	3.301310E+2	6.766900E+1	1.410000E+0
2.628100E+1	8.216967E-1	1.294364E-2	3.301310E+2	6.766900E+1	1.410000E+0
2.628900E+1	8.216967E-1	1.294364E-2	3.301310E+2	6.766900E+1	1.410000E+0
2.637400E+1	8.217029E-1	1.265240E-2	3.301310E+2	6.766900E+1	1.410000E+0
2.638300E+1	8.217029E-1	1.265240E-2	3.301310E+2	6.766900E+1	1.410000E+0
2.646400E+1	8.217037E-1	1.110983E-2	3.301310E+2	6.766900E+1	1.410000E+0
2.647200E+1	8.217037E-1	1.110983E-2	3.301310E+2	6.766900E+1	1.410000E+0
2.658500E+1	8.326700E-1	1.417639E-2	3.301310E+2	6.766900E+1	1.410000E+0
2.659300E+1	8.326700E-1	1.417639E-2	3.301310E+2	6.766900E+1	1.410000E+0
2.667400E+1	8.326728E-1	1.435566E-2	3.301310E+2	6.766900E+1	1.410000E+0
2.668300E+1	8.326728E-1	1.435566E-2	3.301310E+2	6.766900E+1	1.410000E+0
2.676400E+1	8.326823E-1	1.445558E-2	3.301310E+2	6.766900E+1	1.410000E+0
2.677300E+1	8.326823E-1	1.445558E-2	3.301310E+2	6.766900E+1	1.410000E+0
2.685500E+1	8.371809E-1	1.611767E-2	3.301310E+2	6.766900E+1	1.410000E+0
2.686400E+1	8.371809E-1	1.611767E-2	3.301310E+2	6.766900E+1	1.410000E+0
2.694500E+1	8.381798E-1	1.676794E-2	3.301310E+2	6.766900E+1	1.410000E+0
2.695400E+1	8.381798E-1	1.676794E-2	3.301310E+2	6.766900E+1	1.410000E+0
2.706500E+1	8.381773E-1	1.720781E-2	3.301310E+2	6.766900E+1	1.410000E+0
2.707800E+1	8.381773E-1	1.720781E-2	3.301310E+2	6.766900E+1	1.410000E+0
2.716100E+1	8.469075E-1	2.293371E-2	3.301310E+2	6.766900E+1	1.410000E+0
2.716900E+1	8.469075E-1	2.293371E-2	3.301310E+2	6.766900E+1	1.410000E+0
2.725500E+1	8.492098E-1	2.460633E-2	3.301310E+2	6.766900E+1	1.410000E+0
2.726300E+1	8.492098E-1	2.460633E-2	3.301310E+2	6.766900E+1	1.410000E+0
2.734400E+1	8.492078E-1	2.505173E-2	3.301310E+2	6.766900E+1	1.410000E+0
2.735300E+1	8.492078E-1	2.505173E-2	3.301310E+2	6.766900E+1	1.410000E+0
2.743500E+1	8.492189E-1	2.526865E-2	3.301310E+2	6.766900E+1	1.410000E+0
2.744500E+1	8.492189E-1	2.526865E-2	3.301310E+2	6.766900E+1	1.410000E+0
2.755500E+1	8.602347E-1	3.438098E-2	3.301310E+2	6.766900E+1	1.410000E+0
2.756400E+1	8.602347E-1	3.438098E-2	3.301310E+2	6.766900E+1	1.410000E+0
2.764400E+1	8.602726E-1	4.144809E-2	3.301310E+2	6.766900E+1	1.410000E+0
2.765200E+1	8.602726E-1	4.144809E-2	3.301310E+2	6.766900E+1	1.410000E+0
2.773500E+1	8.602684E-1	4.352946E-2	3.301310E+2	6.766900E+1	1.410000E+0
2.774400E+1	8.602684E-1	4.352946E-2	3.301310E+2	6.766900E+1	1.410000E+0
2.782500E+1	8.711912E-1	4.940093E-1	3.301310E+2	6.766900E+1	1.410000E+0
2.783400E+1	8.711912E-1	4.940093E-1	3.301310E+2	6.766900E+1	1.410000E+0
2.791400E+1	8.712638E-1	9.088583E-1	3.301310E+2	6.766900E+1	1.410000E+0
2.792300E+1	8.712638E-1	9.088583E-1	3.301310E+2	6.766900E+1	1.410000E+0
2.803500E+1	8.712877E-1	9.204768E-1	3.301310E+2	6.766900E+1	1.410000E+0
2.804800E+1	8.712877E-1	9.204768E-1	3.301310E+2	6.766900E+1	1.410000E+0
2.813000E+1	8.802724E-1	1.002162E+0	3.301310E+2	6.766900E+1	1.410000E+0
2.813800E+1	8.802724E-1	1.002162E+0	3.301310E+2	6.766900E+1	1.410000E+0
2.822000E+1	8.823174E-1	1.008898E+0	3.301310E+2	6.766900E+1	1.410000E+0
2.822900E+1	8.823174E-1	1.008898E+0	3.301310E+2	6.766900E+1	1.410000E+0
2.831500E+1	8.823065E-1	1.011992E+0	3.301310E+2	6.766900E+1	1.410000E+0
2.832400E+1	8.823065E-1	1.011992E+0	3.301310E+2	6.766900E+1	1.410000E+0
2.840600E+1	8.823206E-1	1.008333E+0	3.301310E+2	6.766900E+1	1.410000E+0
2.841500E+1	8.823206E-1	1.008333E+0	3.301310E+2	6.766900E+1	1.410000E+0
2.852600E+1	8.870518E-1	1.044965E+0	3.301310E+2	6.766900E+1	1.410000E+0
2.853500E+1	8.870518E-1	1.044965E+0	3.301310E+2	6.766900E+1	1.410000E+0
2.861600E+1	8.878133E-1	1.048016E+0	3.301310E+2	6.766900E+1	1.410000E+0
2.862600E+1	8.878133E-1	1.048016E+0	3.301310E+2	6.766900E+1	1.410000E+0
2.870500E+1	8.878175E-1	1.056597E+0	3.301310E+2	6.766900E+1	1.410000E+0
2.871400E+1	8.878175E-1	1.056597E+0	3.301310E+2	6.766900E+1	1.410000E+0
2.879400E+1	8.988183E-1	1.126283E+0	3.301310E+2	6.766900E+1	1.410000E+0
2.880300E+1	8.988183E-1	1.126283E+0	3.301310E+2	6.766900E+1	1.410000E+0
2.888400E+1	8.988341E-1	1.131243E+0	3.301310E+2	6.766900E+1	1.410000E+0
2.889300E+1	8.988341E-1	1.131243E+0	3.301310E+2	6.766900E+1	1.410000E+0
2.900900E+1	8.988353E-1	1.133576E+0	3.301310E+2	6.766900E+1	1.410000E+0
2.902200E+1	8.988353E-1	1.133576E+0	3.301310E+2	6.766900E+1	1.410000E+0
2.910500E+1	9.043422E-1	1.163310E+0	3.301310E+2	6.766900E+1	1.410000E+0
2.911400E+1	9.043422E-1	1.163310E+0	3.301310E+2	6.766900E+1	1.410000E+0
2.919500E+1	9.098758E-1	1.199193E+0	3.301310E+2	6.766900E+1	1.410000E+0
2.920400E+1	9.098758E-1	1.199193E+0	3.301310E+2	6.766900E+1	1.410000E+0
2.928500E+1	9.098782E-1	1.201224E+0	3.301310E+2	6.766900E+1	1.410000E+0
2.929400E+1	9.098782E-1	1.201224E+0	3.301310E+2	6.766900E+1	1.410000E+0
2.937500E+1	9.184664E-1	1.256845E+0	3.301310E+2	6.766900E+1	1.410000E+0
2.938400E+1	9.184664E-1	1.256845E+0	3.301310E+2	6.766900E+1	1.410000E+0
2.949700E+1	9.208127E-1	1.273959E+0	3.301310E+2	6.766900E+1	1.410000E+0
2.950500E+1	9.208127E-1	1.273959E+0	3.301310E+2	6.766900E+1	1.410000E+0
2.958500E+1	9.208054E-1	1.274335E+0	3.301310E+2	6.766900E+1	1.410000E+0
2.959400E+1	9.208054E-1	1.274335E+0	3.301310E+2	6.766900E+1	1.410000E+0
2.967600E+1	9.208060E-1	1.275427E+0	3.301310E+2	6.766900E+1	1.410000E+0
2.968500E+1	9.208060E-1	1.275427E+0	3.301310E+2	6.766900E+1	1.410000E+0
2.976500E+1	9.318195E-1	1.346907E+0	3.301310E+2	6.766900E+1	1.410000E+0
2.977500E+1	9.318195E-1	1.346907E+0	3.301310E+2	6.766900E+1	1.410000E+0
2.985500E+1	9.318375E-1	1.348712E+0	3.301310E+2	6.766900E+1	1.410000E+0
2.986400E+1	9.318375E-1	1.348712E+0	3.301310E+2	6.766900E+1	1.410000E+0
2.997600E+1	9.318496E-1	1.349105E+0	3.301310E+2	6.766900E+1	1.410000E+0
2.998500E+1	9.318496E-1	1.349105E+0	3.301310E+2	6.766900E+1	1.410000E+0
3.006500E+1	9.395173E-1	1.403871E+0	3.301310E+2	6.766900E+1	1.410000E+0
3.007800E+1	9.395173E-1	1.403871E+0	3.301310E+2	6.766900E+1	1.410000E+0
3.016200E+1	9.428510E-1	1.442337E+0	3.301310E+2	6.766900E+1	1.410000E+0
3.017100E+1	9.428510E-1	1.442337E+0	3.301310E+2	6.766900E+1	1.410000E+0
3.025500E+1	9.428608E-1	1.445264E+0	3.301310E+2	6.766900E+1	1.410000E+0
3.026400E+1	9.428608E-1	1.445264E+0	3.301310E+2	6.766900E+1	1.410000E+0
3.034500E+1	9.463052E-1	1.462800E+0	3.301310E+2	6.766900E+1	1.410000E+0
3.035400E+1	9.463052E-1	1.462800E+0	3.301310E+2	6.766900E+1	1.410000E+0
3.046600E+1	9.480544E-1	2.324384E+0	3.301310E+2	6.766900E+1	1.410000E+0
3.047400E+1	9.480544E-1	2.324384E+0	3.301310E+2	6.766900E+1	1.410000E+0
3.055500E+1	9.483766E-1	4.242032E+0	3.301310E+2	6.766900E+1	1.410000E+0
3.056400E+1	9.483766E-1	4.242032E+0	3.301310E+2	6.766900E+1	1.410000E+0
3.064500E+1	9.483800E-1	4.255694E+0	3.301310E+2	6.766900E+1	1.410000E+0
3.065400E+1	9.483800E-1	4.255694E+0	3.301310E+2	6.766900E+1	1.410000E+0
3.073600E+1	9.593247E-1	4.431548E+0	3.301310E+2	6.766900E+1	1.410000E+0
3.074400E+1	9.593247E-1	4.431548E+0	3.301310E+2	6.766900E+1	1.410000E+0
3.082600E+1	9.593750E-1	4.425220E+0	3.301310E+2	6.766900E+1	1.410000E+0
3.083500E+1	9.593750E-1	4.425220E+0	3.301310E+2	6.766900E+1	1.410000E+0
3.094600E+1	9.593613E-1	4.434522E+0	3.301310E+2	6.766900E+1	1.410000E+0
3.095500E+1	9.593613E-1	4.434522E+0	3.301310E+2	6.766900E+1	1.410000E+0
3.103500E+1	9.703852E-1	4.607051E+0	3.301310E+2	6.766900E+1	1.410000E+0
3.104800E+1	9.703852E-1	4.607051E+0	3.301310E+2	6.766900E+1	1.410000E+0
3.113100E+1	9.704043E-1	4.610845E+0	3.301310E+2	6.766900E+1	1.410000E+0
3.114000E+1	9.704043E-1	4.610845E+0	3.301310E+2	6.766900E+1	1.410000E+0
3.122200E+1	9.704129E-1	4.612050E+0	3.301310E+2	6.766900E+1	1.410000E+0
3.123100E+1	9.704129E-1	4.612050E+0	3.301310E+2	6.766900E+1	1.410000E+0
3.131500E+1	9.801142E-1	4.749136E+0	3.301310E+2	6.766900E+1	1.410000E+0
3.132300E+1	9.801142E-1	4.749136E+0	3.301310E+2	6.766900E+1	1.410000E+0
3.143600E+1	9.814151E-1	4.775010E+0	3.301310E+2	6.766900E+1	1.410000E+0
3.144500E+1	9.814151E-1	4.775010E+0	3.301310E+2	6.766900E+1	1.410000E+0
3.152500E+1	9.814516E-1	4.781769E+0	3.301310E+2	6.766900E+1	1.410000E+0
3.153300E+1	9.814516E-1	4.781769E+0	3.301310E+2	6.766900E+1	1.410000E+0
3.161500E+1	9.814344E-1	4.779560E+0	3.301310E+2	6.766900E+1	1.410000E+0
3.162400E+1	9.814344E-1	4.779560E+0	3.301310E+2	6.766900E+1	1.410000E+0
3.170600E+1	9.924743E-1	4.931987E+0	3.301310E+2	6.766900E+1	1.410000E+0
3.171500E+1	9.924743E-1	4.931987E+0	3.301310E+2	6.766900E+1	1.410000E+0
3.179500E+1	9.924695E-1	4.938959E+0	3.301310E+2	6.766900E+1	1.410000E+0
3.180300E+1	9.924695E-1	4.938959E+0	3.301310E+2	6.766900E+1	1.410000E+0
3.191700E+1	9.924646E-1	4.942153E+0	3.301310E+2	6.766900E+1	1.410000E+0
3.192600E+1	9.924646E-1	4.942153E+0	3.301310E+2	6.766900E+1	1.410000E+0
3.200600E+1	9.979826E-1	5.002485E+0	3.301310E+2	6.766900E+1	1.410000E+0
