Sample;s2(i2)
V-V length(cm);1.000000
Field (T);14.063606
Temp (K);4.200000
Angle (deg.);0.000000
Field(T)_memo;14.000000
Time(sec.)	Current(A)	Voltage(uV)	Temp.1(K)	Temp.2(K)	Temp.3(K)
0.000000E+0	7.226032E-4	3.514990E-6	3.301310E+2	6.766900E+1	1.410000E+0
8.300000E-2	7.189944E-4	-2.510707E-6	3.301310E+2	6.766900E+1	1.410000E+0
9.200000E-2	7.189944E-4	-2.510707E-6	3.301310E+2	6.766900E+1	1.410000E+0
2.040000E-1	7.282168E-4	-9.038545E-6	3.301310E+2	6.766900E+1	1.410000E+0
2.130000E-1	7.282168E-4	-9.038545E-6	3.301310E+2	6.766900E+1	1.410000E+0
2.930000E-1	7.236056E-4	-1.405996E-5	3.301310E+2	6.766900E+1	1.410000E+0
3.020000E-1	7.236056E-4	-1.405996E-5	3.301310E+2	6.766900E+1	1.410000E+0
3.840000E-1	5.849844E-3	1.099690E-4	3.301310E+2	6.766900E+1	1.410000E+0
3.920000E-1	5.849844E-3	1.099690E-4	3.301310E+2	6.766900E+1	1.410000E+0
4.740000E-1	1.172450E-2	1.506424E-5	3.301310E+2	6.766900E+1	1.410000E+0
4.820000E-1	1.172450E-2	1.506424E-5	3.301310E+2	6.766900E+1	1.410000E+0
5.640000E-1	1.173352E-2	-8.536403E-6	3.301310E+2	6.766900E+1	1.410000E+0
5.730000E-1	1.173352E-2	-8.536403E-6	3.301310E+2	6.766900E+1	1.410000E+0
6.850000E-1	1.173252E-2	-5.021414E-7	3.301310E+2	6.766900E+1	1.410000E+0
6.950000E-1	1.173252E-2	-5.021414E-7	3.301310E+2	6.766900E+1	1.410000E+0
7.750000E-1	1.173773E-2	6.527838E-6	3.301310E+2	6.766900E+1	1.410000E+0
7.890000E-1	1.173773E-2	6.527838E-6	3.301310E+2	6.766900E+1	1.410000E+0
8.710000E-1	1.173472E-2	-1.657067E-5	3.301310E+2	6.766900E+1	1.410000E+0
8.800000E-1	1.173472E-2	-1.657067E-5	3.301310E+2	6.766900E+1	1.410000E+0
9.650000E-1	2.276890E-2	8.034262E-6	3.301310E+2	6.766900E+1	1.410000E+0
9.740000E-1	2.276890E-2	8.034262E-6	3.301310E+2	6.766900E+1	1.410000E+0
1.055000E+0	2.275827E-2	6.025696E-6	3.301310E+2	6.766900E+1	1.410000E+0
1.064000E+0	2.275827E-2	6.025696E-6	3.301310E+2	6.766900E+1	1.410000E+0
1.176000E+0	2.275366E-2	9.540686E-6	3.301310E+2	6.766900E+1	1.410000E+0
1.185000E+0	2.275366E-2	9.540686E-6	3.301310E+2	6.766900E+1	1.410000E+0
1.265000E+0	2.275266E-2	-2.209422E-5	3.301310E+2	6.766900E+1	1.410000E+0
1.275000E+0	2.275266E-2	-2.209422E-5	3.301310E+2	6.766900E+1	1.410000E+0
1.355000E+0	2.275426E-2	-1.707281E-5	3.301310E+2	6.766900E+1	1.410000E+0
1.364000E+0	2.275426E-2	-1.707281E-5	3.301310E+2	6.766900E+1	1.410000E+0
1.446000E+0	2.725037E-2	3.414561E-5	3.301310E+2	6.766900E+1	1.410000E+0
1.456000E+0	2.725037E-2	3.414561E-5	3.301310E+2	6.766900E+1	1.410000E+0
1.536000E+0	2.827726E-2	2.159208E-5	3.301310E+2	6.766900E+1	1.410000E+0
1.545000E+0	2.827726E-2	2.159208E-5	3.301310E+2	6.766900E+1	1.410000E+0
1.657000E+0	2.827406E-2	-1.255353E-5	3.301310E+2	6.766900E+1	1.410000E+0
1.666000E+0	2.827406E-2	-1.255353E-5	3.301310E+2	6.766900E+1	1.410000E+0
1.746000E+0	2.825942E-2	1.606852E-5	3.301310E+2	6.766900E+1	1.410000E+0
1.760000E+0	2.825942E-2	1.606852E-5	3.301310E+2	6.766900E+1	1.410000E+0
1.843000E+0	2.825000E-2	8.034262E-6	3.301310E+2	6.766900E+1	1.410000E+0
1.851000E+0	2.825000E-2	8.034262E-6	3.301310E+2	6.766900E+1	1.410000E+0
1.937000E+0	2.825962E-2	-7.532121E-6	3.301310E+2	6.766900E+1	1.410000E+0
1.946000E+0	2.825962E-2	-7.532121E-6	3.301310E+2	6.766900E+1	1.410000E+0
2.027000E+0	3.918974E-2	-2.058780E-5	3.301310E+2	6.766900E+1	1.410000E+0
2.035000E+0	3.918974E-2	-2.058780E-5	3.301310E+2	6.766900E+1	1.410000E+0
2.150000E+0	3.920156E-2	-3.012848E-5	3.301310E+2	6.766900E+1	1.410000E+0
2.159000E+0	3.920156E-2	-3.012848E-5	3.301310E+2	6.766900E+1	1.410000E+0
2.243000E+0	3.920918E-2	-1.104711E-5	3.301310E+2	6.766900E+1	1.410000E+0
2.252000E+0	3.920918E-2	-1.104711E-5	3.301310E+2	6.766900E+1	1.410000E+0
2.338000E+0	3.922161E-2	-3.213705E-5	3.301310E+2	6.766900E+1	1.410000E+0
2.347000E+0	3.922161E-2	-3.213705E-5	3.301310E+2	6.766900E+1	1.410000E+0
2.428000E+0	3.920316E-2	-3.514990E-5	3.301310E+2	6.766900E+1	1.410000E+0
2.437000E+0	3.920316E-2	-3.514990E-5	3.301310E+2	6.766900E+1	1.410000E+0
2.517000E+0	4.779882E-2	1.164968E-4	3.301310E+2	6.766900E+1	1.410000E+0
2.526000E+0	4.779882E-2	1.164968E-4	3.301310E+2	6.766900E+1	1.410000E+0
2.638000E+0	5.023433E-2	1.054531E-5	3.301310E+2	6.766900E+1	1.410000E+0
2.647000E+0	5.023433E-2	1.054531E-5	3.301310E+2	6.766900E+1	1.410000E+0
2.728000E+0	5.024155E-2	8.034599E-6	3.301310E+2	6.766900E+1	1.410000E+0
2.741000E+0	5.024155E-2	8.034599E-6	3.301310E+2	6.766900E+1	1.410000E+0
2.824000E+0	5.022591E-2	-1.606818E-5	3.301310E+2	6.766900E+1	1.410000E+0
2.833000E+0	5.022591E-2	-1.606818E-5	3.301310E+2	6.766900E+1	1.410000E+0
2.914000E+0	5.022972E-2	-1.606818E-5	3.301310E+2	6.766900E+1	1.410000E+0
2.923000E+0	5.022972E-2	-1.606818E-5	3.301310E+2	6.766900E+1	1.410000E+0
3.009000E+0	5.023493E-2	6.528175E-6	3.301310E+2	6.766900E+1	1.410000E+0
3.018000E+0	5.023493E-2	6.528175E-6	3.301310E+2	6.766900E+1	1.410000E+0
3.130000E+0	6.124564E-2	1.606886E-5	3.301310E+2	6.766900E+1	1.410000E+0
3.138000E+0	6.124564E-2	1.606886E-5	3.301310E+2	6.766900E+1	1.410000E+0
3.219000E+0	6.125206E-2	-2.309816E-5	3.301310E+2	6.766900E+1	1.410000E+0
3.228000E+0	6.125206E-2	-2.309816E-5	3.301310E+2	6.766900E+1	1.410000E+0
3.309000E+0	6.124344E-2	-5.523216E-6	3.301310E+2	6.766900E+1	1.410000E+0
3.318000E+0	6.124344E-2	-5.523216E-6	3.301310E+2	6.766900E+1	1.410000E+0
3.398000E+0	6.124825E-2	-2.008227E-6	3.301310E+2	6.766900E+1	1.410000E+0
3.407000E+0	6.124825E-2	-2.008227E-6	3.301310E+2	6.766900E+1	1.410000E+0
3.490000E+0	6.124905E-2	4.519610E-6	3.301310E+2	6.766900E+1	1.410000E+0
3.498000E+0	6.124905E-2	4.519610E-6	3.301310E+2	6.766900E+1	1.410000E+0
3.611000E+0	7.017892E-2	1.024372E-4	3.301310E+2	6.766900E+1	1.410000E+0
3.620000E+0	7.017892E-2	1.024372E-4	3.301310E+2	6.766900E+1	1.410000E+0
3.700000E+0	7.227561E-2	-1.506390E-5	3.301310E+2	6.766900E+1	1.410000E+0
3.709000E+0	7.227561E-2	-1.506390E-5	3.301310E+2	6.766900E+1	1.410000E+0
3.790000E+0	7.228623E-2	-1.355748E-5	3.301310E+2	6.766900E+1	1.410000E+0
3.807000E+0	7.228623E-2	-1.355748E-5	3.301310E+2	6.766900E+1	1.410000E+0
3.890000E+0	7.228122E-2	-1.054463E-5	3.301310E+2	6.766900E+1	1.410000E+0
3.898000E+0	7.228122E-2	-1.054463E-5	3.301310E+2	6.766900E+1	1.410000E+0
3.980000E+0	7.228162E-2	-1.154891E-5	3.301310E+2	6.766900E+1	1.410000E+0
3.989000E+0	7.228162E-2	-1.154891E-5	3.301310E+2	6.766900E+1	1.410000E+0
4.101000E+0	7.228503E-2	-1.807675E-5	3.301310E+2	6.766900E+1	1.410000E+0
4.110000E+0	7.228503E-2	-1.807675E-5	3.301310E+2	6.766900E+1	1.410000E+0
4.190000E+0	7.774528E-2	1.004620E-6	3.301310E+2	6.766900E+1	1.410000E+0
4.199000E+0	7.774528E-2	1.004620E-6	3.301310E+2	6.766900E+1	1.410000E+0
4.280000E+0	7.774949E-2	-3.514651E-6	3.301310E+2	6.766900E+1	1.410000E+0
4.289000E+0	7.774949E-2	-3.514651E-6	3.301310E+2	6.766900E+1	1.410000E+0
4.371000E+0	7.773305E-2	-8.033923E-6	3.301310E+2	6.766900E+1	1.410000E+0
4.380000E+0	7.773305E-2	-8.033923E-6	3.301310E+2	6.766900E+1	1.410000E+0
4.460000E+0	7.775209E-2	-2.761743E-5	3.301310E+2	6.766900E+1	1.410000E+0
4.469000E+0	7.775209E-2	-2.761743E-5	3.301310E+2	6.766900E+1	1.410000E+0
4.582000E+0	7.774868E-2	-8.536064E-6	3.301310E+2	6.766900E+1	1.410000E+0
4.591000E+0	7.774868E-2	-8.536064E-6	3.301310E+2	6.766900E+1	1.410000E+0
4.671000E+0	8.504038E-2	7.130440E-5	3.301310E+2	6.766900E+1	1.410000E+0
4.679000E+0	8.504038E-2	7.130440E-5	3.301310E+2	6.766900E+1	1.410000E+0
4.761000E+0	8.878546E-2	-2.058746E-5	3.301310E+2	6.766900E+1	1.410000E+0
4.774000E+0	8.878546E-2	-2.058746E-5	3.301310E+2	6.766900E+1	1.410000E+0
4.857000E+0	8.877063E-2	-2.259602E-5	3.301310E+2	6.766900E+1	1.410000E+0
4.866000E+0	8.877063E-2	-2.259602E-5	3.301310E+2	6.766900E+1	1.410000E+0
4.951000E+0	8.878807E-2	-3.715812E-5	3.301310E+2	6.766900E+1	1.410000E+0
4.960000E+0	8.878807E-2	-3.715812E-5	3.301310E+2	6.766900E+1	1.410000E+0
5.072000E+0	8.877203E-2	-3.163456E-5	3.301310E+2	6.766900E+1	1.410000E+0
5.081000E+0	8.877203E-2	-3.163456E-5	3.301310E+2	6.766900E+1	1.410000E+0
5.162000E+0	8.878606E-2	1.506762E-6	3.301310E+2	6.766900E+1	1.410000E+0
5.171000E+0	8.878606E-2	1.506762E-6	3.301310E+2	6.766900E+1	1.410000E+0
5.252000E+0	9.978555E-2	-1.506086E-6	3.301310E+2	6.766900E+1	1.410000E+0
5.260000E+0	9.978555E-2	-1.506086E-6	3.301310E+2	6.766900E+1	1.410000E+0
5.343000E+0	9.978635E-2	-1.054463E-5	3.301310E+2	6.766900E+1	1.410000E+0
5.352000E+0	9.978635E-2	-1.054463E-5	3.301310E+2	6.766900E+1	1.410000E+0
5.433000E+0	9.978715E-2	-3.615384E-5	3.301310E+2	6.766900E+1	1.410000E+0
5.442000E+0	9.978715E-2	-3.615384E-5	3.301310E+2	6.766900E+1	1.410000E+0
5.554000E+0	9.978876E-2	-2.259602E-5	3.301310E+2	6.766900E+1	1.410000E+0
5.562000E+0	9.978876E-2	-2.259602E-5	3.301310E+2	6.766900E+1	1.410000E+0
5.643000E+0	9.979156E-2	-1.003945E-6	3.301310E+2	6.766900E+1	1.410000E+0
5.652000E+0	9.979156E-2	-1.003945E-6	3.301310E+2	6.766900E+1	1.410000E+0
5.734000E+0	1.080727E-1	7.431725E-5	3.301310E+2	6.766900E+1	1.410000E+0
5.747000E+0	1.080727E-1	7.431725E-5	3.301310E+2	6.766900E+1	1.410000E+0
5.830000E+0	1.108153E-1	-1.305534E-5	3.301310E+2	6.766900E+1	1.410000E+0
5.838000E+0	1.108153E-1	-1.305534E-5	3.301310E+2	6.766900E+1	1.410000E+0
5.924000E+0	1.108265E-1	-2.309816E-5	3.301310E+2	6.766900E+1	1.410000E+0
5.933000E+0	1.108265E-1	-2.309816E-5	3.301310E+2	6.766900E+1	1.410000E+0
6.046000E+0	1.108251E-1	-3.314099E-5	3.301310E+2	6.766900E+1	1.410000E+0
6.055000E+0	1.108251E-1	-3.314099E-5	3.301310E+2	6.766900E+1	1.410000E+0
6.134000E+0	1.108201E-1	-1.003945E-6	3.301310E+2	6.766900E+1	1.410000E+0
6.143000E+0	1.108201E-1	-1.003945E-6	3.301310E+2	6.766900E+1	1.410000E+0
6.224000E+0	1.108193E-1	-1.154891E-5	3.301310E+2	6.766900E+1	1.410000E+0
6.233000E+0	1.108193E-1	-1.154891E-5	3.301310E+2	6.766900E+1	1.410000E+0
6.315000E+0	1.217813E-1	-3.514651E-6	3.301310E+2	6.766900E+1	1.410000E+0
6.324000E+0	1.217813E-1	-3.514651E-6	3.301310E+2	6.766900E+1	1.410000E+0
6.404000E+0	1.217891E-1	-2.159174E-5	3.301310E+2	6.766900E+1	1.410000E+0
6.413000E+0	1.217891E-1	-2.159174E-5	3.301310E+2	6.766900E+1	1.410000E+0
6.526000E+0	1.217637E-1	-2.058746E-5	3.301310E+2	6.766900E+1	1.410000E+0
6.535000E+0	1.217637E-1	-2.058746E-5	3.301310E+2	6.766900E+1	1.410000E+0
6.615000E+0	1.217695E-1	-1.506086E-6	3.301310E+2	6.766900E+1	1.410000E+0
6.624000E+0	1.217695E-1	-1.506086E-6	3.301310E+2	6.766900E+1	1.410000E+0
6.705000E+0	1.217621E-1	-5.523216E-6	3.301310E+2	6.766900E+1	1.410000E+0
6.714000E+0	1.217621E-1	-5.523216E-6	3.301310E+2	6.766900E+1	1.410000E+0
6.795000E+0	1.258027E-1	6.578085E-5	3.301310E+2	6.766900E+1	1.410000E+0
6.811000E+0	1.258027E-1	6.578085E-5	3.301310E+2	6.766900E+1	1.410000E+0
6.895000E+0	1.328201E-1	-2.209388E-5	3.301310E+2	6.766900E+1	1.410000E+0
6.904000E+0	1.328201E-1	-2.209388E-5	3.301310E+2	6.766900E+1	1.410000E+0
7.016000E+0	1.328085E-1	-2.661315E-5	3.301310E+2	6.766900E+1	1.410000E+0
7.026000E+0	1.328085E-1	-2.661315E-5	3.301310E+2	6.766900E+1	1.410000E+0
7.106000E+0	1.327974E-1	-2.309816E-5	3.301310E+2	6.766900E+1	1.410000E+0
7.115000E+0	1.327974E-1	-2.309816E-5	3.301310E+2	6.766900E+1	1.410000E+0
7.196000E+0	1.328017E-1	-1.154891E-5	3.301310E+2	6.766900E+1	1.410000E+0
7.205000E+0	1.328017E-1	-1.154891E-5	3.301310E+2	6.766900E+1	1.410000E+0
7.286000E+0	1.328155E-1	-1.104677E-5	3.301310E+2	6.766900E+1	1.410000E+0
7.295000E+0	1.328155E-1	-1.104677E-5	3.301310E+2	6.766900E+1	1.410000E+0
7.376000E+0	1.383317E-1	-1.506086E-6	3.301310E+2	6.766900E+1	1.410000E+0
7.386000E+0	1.383317E-1	-1.506086E-6	3.301310E+2	6.766900E+1	1.410000E+0
7.497000E+0	1.383361E-1	-9.038205E-6	3.301310E+2	6.766900E+1	1.410000E+0
7.505000E+0	1.383361E-1	-9.038205E-6	3.301310E+2	6.766900E+1	1.410000E+0
7.586000E+0	1.383319E-1	-3.213671E-5	3.301310E+2	6.766900E+1	1.410000E+0
7.595000E+0	1.383319E-1	-3.213671E-5	3.301310E+2	6.766900E+1	1.410000E+0
7.677000E+0	1.383273E-1	-4.318381E-5	3.301310E+2	6.766900E+1	1.410000E+0
7.685000E+0	1.383273E-1	-4.318381E-5	3.301310E+2	6.766900E+1	1.410000E+0
7.768000E+0	1.383200E-1	-1.857889E-5	3.301310E+2	6.766900E+1	1.410000E+0
7.781000E+0	1.383200E-1	-1.857889E-5	3.301310E+2	6.766900E+1	1.410000E+0
7.864000E+0	1.470857E-1	3.013186E-6	3.301310E+2	6.766900E+1	1.410000E+0
7.873000E+0	1.470857E-1	3.013186E-6	3.301310E+2	6.766900E+1	1.410000E+0
7.988000E+0	1.493502E-1	-3.213671E-5	3.301310E+2	6.766900E+1	1.410000E+0
7.997000E+0	1.493502E-1	-3.213671E-5	3.301310E+2	6.766900E+1	1.410000E+0
8.077000E+0	1.493554E-1	-3.866454E-5	3.301310E+2	6.766900E+1	1.410000E+0
8.085000E+0	1.493554E-1	-3.866454E-5	3.301310E+2	6.766900E+1	1.410000E+0
8.168000E+0	1.493550E-1	-1.154891E-5	3.301310E+2	6.766900E+1	1.410000E+0
8.177000E+0	1.493550E-1	-1.154891E-5	3.301310E+2	6.766900E+1	1.410000E+0
8.257000E+0	1.493564E-1	-3.615384E-5	3.301310E+2	6.766900E+1	1.410000E+0
8.267000E+0	1.493564E-1	-3.615384E-5	3.301310E+2	6.766900E+1	1.410000E+0
8.348000E+0	1.493622E-1	-4.117525E-5	3.301310E+2	6.766900E+1	1.410000E+0
8.358000E+0	1.493622E-1	-4.117525E-5	3.301310E+2	6.766900E+1	1.410000E+0
8.469000E+0	1.603782E-1	-3.213671E-5	3.301310E+2	6.766900E+1	1.410000E+0
8.478000E+0	1.603782E-1	-3.213671E-5	3.301310E+2	6.766900E+1	1.410000E+0
8.557000E+0	1.603890E-1	-1.305534E-5	3.301310E+2	6.766900E+1	1.410000E+0
8.566000E+0	1.603890E-1	-1.305534E-5	3.301310E+2	6.766900E+1	1.410000E+0
8.648000E+0	1.604104E-1	-1.255319E-5	3.301310E+2	6.766900E+1	1.410000E+0
8.657000E+0	1.604104E-1	-1.255319E-5	3.301310E+2	6.766900E+1	1.410000E+0
8.738000E+0	1.603936E-1	-2.862172E-5	3.301310E+2	6.766900E+1	1.410000E+0
8.751000E+0	1.603936E-1	-2.862172E-5	3.301310E+2	6.766900E+1	1.410000E+0
8.835000E+0	1.603942E-1	-2.058746E-5	3.301310E+2	6.766900E+1	1.410000E+0
8.844000E+0	1.603942E-1	-2.058746E-5	3.301310E+2	6.766900E+1	1.410000E+0
8.961000E+0	1.705729E-1	7.733010E-5	3.301310E+2	6.766900E+1	1.410000E+0
8.970000E+0	1.705729E-1	7.733010E-5	3.301310E+2	6.766900E+1	1.410000E+0
9.049000E+0	1.714015E-1	-4.368595E-5	3.301310E+2	6.766900E+1	1.410000E+0
9.058000E+0	1.714015E-1	-4.368595E-5	3.301310E+2	6.766900E+1	1.410000E+0
9.139000E+0	1.713957E-1	-1.757461E-5	3.301310E+2	6.766900E+1	1.410000E+0
9.148000E+0	1.713957E-1	-1.757461E-5	3.301310E+2	6.766900E+1	1.410000E+0
9.229000E+0	1.714023E-1	-2.510673E-5	3.301310E+2	6.766900E+1	1.410000E+0
9.238000E+0	1.714023E-1	-2.510673E-5	3.301310E+2	6.766900E+1	1.410000E+0
9.319000E+0	1.714073E-1	-3.715812E-5	3.301310E+2	6.766900E+1	1.410000E+0
9.328000E+0	1.714073E-1	-3.715812E-5	3.301310E+2	6.766900E+1	1.410000E+0
9.441000E+0	1.713873E-1	-2.862172E-5	3.301310E+2	6.766900E+1	1.410000E+0
9.450000E+0	1.713873E-1	-2.862172E-5	3.301310E+2	6.766900E+1	1.410000E+0
9.530000E+0	1.824166E-1	-4.016792E-6	3.301310E+2	6.766900E+1	1.410000E+0
9.539000E+0	1.824166E-1	-4.016792E-6	3.301310E+2	6.766900E+1	1.410000E+0
9.619000E+0	1.824269E-1	-1.305534E-5	3.301310E+2	6.766900E+1	1.410000E+0
9.628000E+0	1.824269E-1	-1.305534E-5	3.301310E+2	6.766900E+1	1.410000E+0
9.710000E+0	1.824427E-1	-4.870737E-5	3.301310E+2	6.766900E+1	1.410000E+0
9.722000E+0	1.824427E-1	-4.870737E-5	3.301310E+2	6.766900E+1	1.410000E+0
9.806000E+0	1.824375E-1	-2.912386E-5	3.301310E+2	6.766900E+1	1.410000E+0
9.815000E+0	1.824375E-1	-2.912386E-5	3.301310E+2	6.766900E+1	1.410000E+0
9.932000E+0	1.824397E-1	-3.715812E-5	3.301310E+2	6.766900E+1	1.410000E+0
9.941000E+0	1.824397E-1	-3.715812E-5	3.301310E+2	6.766900E+1	1.410000E+0
1.002100E+1	1.867237E-1	2.962667E-5	3.301310E+2	6.766900E+1	1.410000E+0
1.003000E+1	1.867237E-1	2.962667E-5	3.301310E+2	6.766900E+1	1.410000E+0
1.011100E+1	1.879244E-1	-1.405962E-5	3.301310E+2	6.766900E+1	1.410000E+0
1.012000E+1	1.879244E-1	-1.405962E-5	3.301310E+2	6.766900E+1	1.410000E+0
1.020100E+1	1.879160E-1	-6.527499E-6	3.301310E+2	6.766900E+1	1.410000E+0
1.021000E+1	1.879160E-1	-6.527499E-6	3.301310E+2	6.766900E+1	1.410000E+0
1.029100E+1	1.879108E-1	-3.916668E-5	3.301310E+2	6.766900E+1	1.410000E+0
1.030000E+1	1.879108E-1	-3.916668E-5	3.301310E+2	6.766900E+1	1.410000E+0
1.041200E+1	1.879198E-1	-1.154891E-5	3.301310E+2	6.766900E+1	1.410000E+0
1.042100E+1	1.879198E-1	-1.154891E-5	3.301310E+2	6.766900E+1	1.410000E+0
1.050200E+1	1.879118E-1	-3.916668E-5	3.301310E+2	6.766900E+1	1.410000E+0
1.051000E+1	1.879118E-1	-3.916668E-5	3.301310E+2	6.766900E+1	1.410000E+0
1.059200E+1	1.989315E-1	2.309884E-5	3.301310E+2	6.766900E+1	1.410000E+0
1.060100E+1	1.989315E-1	2.309884E-5	3.301310E+2	6.766900E+1	1.410000E+0
1.068100E+1	1.989511E-1	-8.033923E-6	3.301310E+2	6.766900E+1	1.410000E+0
1.069000E+1	1.989511E-1	-8.033923E-6	3.301310E+2	6.766900E+1	1.410000E+0
1.077200E+1	1.989509E-1	-3.464741E-5	3.301310E+2	6.766900E+1	1.410000E+0
1.078500E+1	1.989509E-1	-3.464741E-5	3.301310E+2	6.766900E+1	1.410000E+0
1.089900E+1	1.989403E-1	-3.414527E-5	3.301310E+2	6.766900E+1	1.410000E+0
1.090700E+1	1.989403E-1	-3.414527E-5	3.301310E+2	6.766900E+1	1.410000E+0
1.099100E+1	1.989461E-1	-1.606818E-5	3.301310E+2	6.766900E+1	1.410000E+0
1.100000E+1	1.989461E-1	-1.606818E-5	3.301310E+2	6.766900E+1	1.410000E+0
1.108200E+1	2.072854E-1	9.038577E-5	3.301310E+2	6.766900E+1	1.410000E+0
1.109100E+1	2.072854E-1	9.038577E-5	3.301310E+2	6.766900E+1	1.410000E+0
1.117200E+1	2.098712E-1	-2.309816E-5	3.301310E+2	6.766900E+1	1.410000E+0
1.118100E+1	2.098712E-1	-2.309816E-5	3.301310E+2	6.766900E+1	1.410000E+0
1.126200E+1	2.098753E-1	-2.510673E-5	3.301310E+2	6.766900E+1	1.410000E+0
1.127100E+1	2.098753E-1	-2.510673E-5	3.301310E+2	6.766900E+1	1.410000E+0
1.138400E+1	2.098877E-1	-2.560887E-5	3.301310E+2	6.766900E+1	1.410000E+0
1.139300E+1	2.098877E-1	-2.560887E-5	3.301310E+2	6.766900E+1	1.410000E+0
1.147200E+1	2.098763E-1	4.519610E-6	3.301310E+2	6.766900E+1	1.410000E+0
1.148100E+1	2.098763E-1	4.519610E-6	3.301310E+2	6.766900E+1	1.410000E+0
1.156300E+1	2.098811E-1	-1.305534E-5	3.301310E+2	6.766900E+1	1.410000E+0
1.157300E+1	2.098811E-1	-1.305534E-5	3.301310E+2	6.766900E+1	1.410000E+0
1.165300E+1	2.208998E-1	1.707314E-5	3.301310E+2	6.766900E+1	1.410000E+0
1.166200E+1	2.208998E-1	1.707314E-5	3.301310E+2	6.766900E+1	1.410000E+0
1.174200E+1	2.209138E-1	-1.657032E-5	3.301310E+2	6.766900E+1	1.410000E+0
1.175500E+1	2.209138E-1	-1.657032E-5	3.301310E+2	6.766900E+1	1.410000E+0
1.187100E+1	2.208994E-1	-2.259602E-5	3.301310E+2	6.766900E+1	1.410000E+0
1.187900E+1	2.208994E-1	-2.259602E-5	3.301310E+2	6.766900E+1	1.410000E+0
1.196400E+1	2.209249E-1	-4.217953E-5	3.301310E+2	6.766900E+1	1.410000E+0
1.197300E+1	2.209249E-1	-4.217953E-5	3.301310E+2	6.766900E+1	1.410000E+0
1.205400E+1	2.209199E-1	-3.163456E-5	3.301310E+2	6.766900E+1	1.410000E+0
1.206300E+1	2.209199E-1	-3.163456E-5	3.301310E+2	6.766900E+1	1.410000E+0
1.214400E+1	2.284862E-1	8.787506E-5	3.301310E+2	6.766900E+1	1.410000E+0
1.215400E+1	2.284862E-1	8.787506E-5	3.301310E+2	6.766900E+1	1.410000E+0
1.223400E+1	2.319274E-1	-6.527499E-6	3.301310E+2	6.766900E+1	1.410000E+0
1.224300E+1	2.319274E-1	-6.527499E-6	3.301310E+2	6.766900E+1	1.410000E+0
1.235500E+1	2.319197E-1	-2.510615E-5	3.301310E+2	6.766900E+1	1.410000E+0
1.236300E+1	2.319197E-1	-2.510615E-5	3.301310E+2	6.766900E+1	1.410000E+0
1.244300E+1	2.319342E-1	-2.811900E-5	3.301310E+2	6.766900E+1	1.410000E+0
1.245200E+1	2.319342E-1	-2.811900E-5	3.301310E+2	6.766900E+1	1.410000E+0
1.253500E+1	2.319424E-1	-1.054406E-5	3.301310E+2	6.766900E+1	1.410000E+0
1.254400E+1	2.319424E-1	-1.054406E-5	3.301310E+2	6.766900E+1	1.410000E+0
1.262500E+1	2.319346E-1	-7.029070E-6	3.301310E+2	6.766900E+1	1.410000E+0
1.263400E+1	2.319346E-1	-7.029070E-6	3.301310E+2	6.766900E+1	1.410000E+0
1.271500E+1	2.374552E-1	3.013753E-6	3.301310E+2	6.766900E+1	1.410000E+0
1.272700E+1	2.374552E-1	3.013753E-6	3.301310E+2	6.766900E+1	1.410000E+0
1.284200E+1	2.374640E-1	-7.029070E-6	3.301310E+2	6.766900E+1	1.410000E+0
1.285000E+1	2.374640E-1	-7.029070E-6	3.301310E+2	6.766900E+1	1.410000E+0
1.293500E+1	2.374552E-1	-2.007658E-6	3.301310E+2	6.766900E+1	1.410000E+0
1.294400E+1	2.374552E-1	-2.007658E-6	3.301310E+2	6.766900E+1	1.410000E+0
1.302500E+1	2.374550E-1	-2.510615E-5	3.301310E+2	6.766900E+1	1.410000E+0
1.303400E+1	2.374550E-1	-2.510615E-5	3.301310E+2	6.766900E+1	1.410000E+0
1.311500E+1	2.374604E-1	-3.514082E-6	3.301310E+2	6.766900E+1	1.410000E+0
1.312400E+1	2.374604E-1	-3.514082E-6	3.301310E+2	6.766900E+1	1.410000E+0
1.320500E+1	2.463393E-1	9.992700E-5	3.301310E+2	6.766900E+1	1.410000E+0
1.321500E+1	2.463393E-1	9.992700E-5	3.301310E+2	6.766900E+1	1.410000E+0
1.332600E+1	2.484998E-1	9.541588E-6	3.301310E+2	6.766900E+1	1.410000E+0
1.333500E+1	2.484998E-1	9.541588E-6	3.301310E+2	6.766900E+1	1.410000E+0
1.341600E+1	2.485130E-1	2.009471E-6	3.301310E+2	6.766900E+1	1.410000E+0
1.342500E+1	2.485130E-1	2.009471E-6	3.301310E+2	6.766900E+1	1.410000E+0
1.350600E+1	2.484986E-1	-2.862114E-5	3.301310E+2	6.766900E+1	1.410000E+0
1.351600E+1	2.484986E-1	-2.862114E-5	3.301310E+2	6.766900E+1	1.410000E+0
1.359600E+1	2.485022E-1	1.908227E-5	3.301310E+2	6.766900E+1	1.410000E+0
1.360500E+1	2.485022E-1	1.908227E-5	3.301310E+2	6.766900E+1	1.410000E+0
1.368600E+1	2.485194E-1	2.962723E-5	3.301310E+2	6.766900E+1	1.410000E+0
1.369400E+1	2.485194E-1	2.962723E-5	3.301310E+2	6.766900E+1	1.410000E+0
1.380600E+1	2.595010E-1	1.275448E-4	3.301310E+2	6.766900E+1	1.410000E+0
1.381900E+1	2.595010E-1	1.275448E-4	3.301310E+2	6.766900E+1	1.410000E+0
1.390300E+1	2.594968E-1	9.590987E-5	3.301310E+2	6.766900E+1	1.410000E+0
1.391100E+1	2.594968E-1	9.590987E-5	3.301310E+2	6.766900E+1	1.410000E+0
1.399700E+1	2.594968E-1	9.390130E-5	3.301310E+2	6.766900E+1	1.410000E+0
1.400600E+1	2.594968E-1	9.390130E-5	3.301310E+2	6.766900E+1	1.410000E+0
1.408600E+1	2.594948E-1	7.984135E-5	3.301310E+2	6.766900E+1	1.410000E+0
1.409600E+1	2.594948E-1	7.984135E-5	3.301310E+2	6.766900E+1	1.410000E+0
1.417700E+1	2.594972E-1	6.929639E-5	3.301310E+2	6.766900E+1	1.410000E+0
1.418500E+1	2.594972E-1	6.929639E-5	3.301310E+2	6.766900E+1	1.410000E+0
1.429800E+1	2.686196E-1	2.741700E-4	3.301310E+2	6.766900E+1	1.410000E+0
1.430700E+1	2.686196E-1	2.741700E-4	3.301310E+2	6.766900E+1	1.410000E+0
1.438700E+1	2.705178E-1	2.174280E-4	3.301310E+2	6.766900E+1	1.410000E+0
1.439600E+1	2.705178E-1	2.174280E-4	3.301310E+2	6.766900E+1	1.410000E+0
1.447700E+1	2.705220E-1	1.832824E-4	3.301310E+2	6.766900E+1	1.410000E+0
1.448700E+1	2.705220E-1	1.832824E-4	3.301310E+2	6.766900E+1	1.410000E+0
1.456700E+1	2.705328E-1	2.284751E-4	3.301310E+2	6.766900E+1	1.410000E+0
1.457600E+1	2.705328E-1	2.284751E-4	3.301310E+2	6.766900E+1	1.410000E+0
1.465700E+1	2.705152E-1	1.998531E-4	3.301310E+2	6.766900E+1	1.410000E+0
1.466600E+1	2.705152E-1	1.998531E-4	3.301310E+2	6.766900E+1	1.410000E+0
1.477800E+1	2.705119E-1	2.254623E-4	3.301310E+2	6.766900E+1	1.410000E+0
1.479100E+1	2.705119E-1	2.254623E-4	3.301310E+2	6.766900E+1	1.410000E+0
1.487400E+1	2.815245E-1	4.082417E-4	3.301310E+2	6.766900E+1	1.410000E+0
1.488300E+1	2.815245E-1	4.082417E-4	3.301310E+2	6.766900E+1	1.410000E+0
1.496800E+1	2.815293E-1	4.423873E-4	3.301310E+2	6.766900E+1	1.410000E+0
1.497700E+1	2.815293E-1	4.423873E-4	3.301310E+2	6.766900E+1	1.410000E+0
1.505800E+1	2.815353E-1	4.358594E-4	3.301310E+2	6.766900E+1	1.410000E+0
1.506700E+1	2.815353E-1	4.358594E-4	3.301310E+2	6.766900E+1	1.410000E+0
1.514800E+1	2.815381E-1	4.363616E-4	3.301310E+2	6.766900E+1	1.410000E+0
1.515700E+1	2.815381E-1	4.363616E-4	3.301310E+2	6.766900E+1	1.410000E+0
1.526800E+1	2.815237E-1	4.233059E-4	3.301310E+2	6.766900E+1	1.410000E+0
1.527700E+1	2.815237E-1	4.233059E-4	3.301310E+2	6.766900E+1	1.410000E+0
1.535800E+1	2.883739E-1	7.582341E-4	3.301310E+2	6.766900E+1	1.410000E+0
1.536700E+1	2.883739E-1	7.582341E-4	3.301310E+2	6.766900E+1	1.410000E+0
1.544800E+1	2.925632E-1	8.405852E-4	3.301310E+2	6.766900E+1	1.410000E+0
1.545700E+1	2.925632E-1	8.405852E-4	3.301310E+2	6.766900E+1	1.410000E+0
1.553800E+1	2.925640E-1	8.456066E-4	3.301310E+2	6.766900E+1	1.410000E+0
1.554700E+1	2.925640E-1	8.456066E-4	3.301310E+2	6.766900E+1	1.410000E+0
1.562900E+1	2.925620E-1	8.466109E-4	3.301310E+2	6.766900E+1	1.410000E+0
1.563800E+1	2.925620E-1	8.466109E-4	3.301310E+2	6.766900E+1	1.410000E+0
1.575100E+1	2.925566E-1	8.405852E-4	3.301310E+2	6.766900E+1	1.410000E+0
1.576300E+1	2.925566E-1	8.405852E-4	3.301310E+2	6.766900E+1	1.410000E+0
1.584900E+1	2.925775E-1	8.310445E-4	3.301310E+2	6.766900E+1	1.410000E+0
1.585700E+1	2.925775E-1	8.310445E-4	3.301310E+2	6.766900E+1	1.410000E+0
1.593900E+1	2.981923E-1	1.170994E-3	3.301310E+2	6.766900E+1	1.410000E+0
1.594800E+1	2.981923E-1	1.170994E-3	3.301310E+2	6.766900E+1	1.410000E+0
1.602900E+1	2.981933E-1	1.155428E-3	3.301310E+2	6.766900E+1	1.410000E+0
1.603800E+1	2.981933E-1	1.155428E-3	3.301310E+2	6.766900E+1	1.410000E+0
1.612000E+1	2.982021E-1	1.172501E-3	3.301310E+2	6.766900E+1	1.410000E+0
1.612900E+1	2.982021E-1	1.172501E-3	3.301310E+2	6.766900E+1	1.410000E+0
1.624100E+1	2.981935E-1	1.126304E-3	3.301310E+2	6.766900E+1	1.410000E+0
1.625000E+1	2.981935E-1	1.126304E-3	3.301310E+2	6.766900E+1	1.410000E+0
1.633600E+1	2.981943E-1	1.154926E-3	3.301310E+2	6.766900E+1	1.410000E+0
1.634500E+1	2.981943E-1	1.154926E-3	3.301310E+2	6.766900E+1	1.410000E+0
1.643000E+1	3.066771E-1	1.933747E-3	3.301310E+2	6.766900E+1	1.410000E+0
1.643900E+1	3.066771E-1	1.933747E-3	3.301310E+2	6.766900E+1	1.410000E+0
1.651900E+1	3.092633E-1	2.060286E-3	3.301310E+2	6.766900E+1	1.410000E+0
1.652800E+1	3.092633E-1	2.060286E-3	3.301310E+2	6.766900E+1	1.410000E+0
1.660900E+1	3.092772E-1	2.097445E-3	3.301310E+2	6.766900E+1	1.410000E+0
1.661800E+1	3.092772E-1	2.097445E-3	3.301310E+2	6.766900E+1	1.410000E+0
1.673100E+1	3.092639E-1	2.080874E-3	3.301310E+2	6.766900E+1	1.410000E+0
1.674400E+1	3.092639E-1	2.080874E-3	3.301310E+2	6.766900E+1	1.410000E+0
1.683000E+1	3.092655E-1	2.101964E-3	3.301310E+2	6.766900E+1	1.410000E+0
1.683900E+1	3.092655E-1	2.101964E-3	3.301310E+2	6.766900E+1	1.410000E+0
1.692000E+1	3.092633E-1	2.111504E-3	3.301310E+2	6.766900E+1	1.410000E+0
1.692900E+1	3.092633E-1	2.111504E-3	3.301310E+2	6.766900E+1	1.410000E+0
1.700900E+1	3.202780E-1	3.572237E-3	3.301310E+2	6.766900E+1	1.410000E+0
1.701800E+1	3.202780E-1	3.572237E-3	3.301310E+2	6.766900E+1	1.410000E+0
1.710100E+1	3.202885E-1	3.562194E-3	3.301310E+2	6.766900E+1	1.410000E+0
1.711000E+1	3.202885E-1	3.562194E-3	3.301310E+2	6.766900E+1	1.410000E+0
1.722100E+1	3.203001E-1	3.570730E-3	3.301310E+2	6.766900E+1	1.410000E+0
1.723000E+1	3.203001E-1	3.570730E-3	3.301310E+2	6.766900E+1	1.410000E+0
1.731000E+1	3.203145E-1	3.636009E-3	3.301310E+2	6.766900E+1	1.410000E+0
1.732000E+1	3.203145E-1	3.636009E-3	3.301310E+2	6.766900E+1	1.410000E+0
1.740100E+1	3.203033E-1	3.623455E-3	3.301310E+2	6.766900E+1	1.410000E+0
1.740900E+1	3.203033E-1	3.623455E-3	3.301310E+2	6.766900E+1	1.410000E+0
1.749100E+1	3.286876E-1	5.524567E-3	3.301310E+2	6.766900E+1	1.410000E+0
1.750000E+1	3.286876E-1	5.524567E-3	3.301310E+2	6.766900E+1	1.410000E+0
1.758000E+1	3.313673E-1	6.015160E-3	3.301310E+2	6.766900E+1	1.410000E+0
1.758900E+1	3.313673E-1	6.015160E-3	3.301310E+2	6.766900E+1	1.410000E+0
1.770200E+1	3.313597E-1	6.039263E-3	3.301310E+2	6.766900E+1	1.410000E+0
1.771500E+1	3.313597E-1	6.039263E-3	3.301310E+2	6.766900E+1	1.410000E+0
1.779700E+1	3.313714E-1	6.054829E-3	3.301310E+2	6.766900E+1	1.410000E+0
1.780600E+1	3.313714E-1	6.054829E-3	3.301310E+2	6.766900E+1	1.410000E+0
1.789100E+1	3.313655E-1	6.075417E-3	3.301310E+2	6.766900E+1	1.410000E+0
1.790000E+1	3.313655E-1	6.075417E-3	3.301310E+2	6.766900E+1	1.410000E+0
1.798200E+1	3.313748E-1	6.079434E-3	3.301310E+2	6.766900E+1	1.410000E+0
1.799200E+1	3.313748E-1	6.079434E-3	3.301310E+2	6.766900E+1	1.410000E+0
1.807100E+1	3.423542E-1	9.713941E-3	3.301310E+2	6.766900E+1	1.410000E+0
1.807900E+1	3.423542E-1	9.713941E-3	3.301310E+2	6.766900E+1	1.410000E+0
1.819200E+1	3.423662E-1	9.800811E-3	3.301310E+2	6.766900E+1	1.410000E+0
1.820100E+1	3.423662E-1	9.800811E-3	3.301310E+2	6.766900E+1	1.410000E+0
1.828100E+1	3.423586E-1	9.829936E-3	3.301310E+2	6.766900E+1	1.410000E+0
1.829000E+1	3.423586E-1	9.829936E-3	3.301310E+2	6.766900E+1	1.410000E+0
1.837000E+1	3.423554E-1	9.893708E-3	3.301310E+2	6.766900E+1	1.410000E+0
1.837900E+1	3.423554E-1	9.893708E-3	3.301310E+2	6.766900E+1	1.410000E+0
1.846100E+1	3.423486E-1	9.869605E-3	3.301310E+2	6.766900E+1	1.410000E+0
1.847000E+1	3.423486E-1	9.869605E-3	3.301310E+2	6.766900E+1	1.410000E+0
1.855200E+1	3.464199E-1	1.176971E-2	3.301310E+2	6.766900E+1	1.410000E+0
1.856100E+1	3.464199E-1	1.176971E-2	3.301310E+2	6.766900E+1	1.410000E+0
1.867400E+1	3.478966E-1	1.243354E-2	3.301310E+2	6.766900E+1	1.410000E+0
1.868300E+1	3.478966E-1	1.243354E-2	3.301310E+2	6.766900E+1	1.410000E+0
1.876800E+1	3.478980E-1	1.246016E-2	3.301310E+2	6.766900E+1	1.410000E+0
1.878200E+1	3.478980E-1	1.246016E-2	3.301310E+2	6.766900E+1	1.410000E+0
1.886200E+1	3.479004E-1	1.250384E-2	3.301310E+2	6.766900E+1	1.410000E+0
1.887100E+1	3.479004E-1	1.250384E-2	3.301310E+2	6.766900E+1	1.410000E+0
1.895200E+1	3.479153E-1	1.252594E-2	3.301310E+2	6.766900E+1	1.410000E+0
1.896100E+1	3.479153E-1	1.252594E-2	3.301310E+2	6.766900E+1	1.410000E+0
1.904200E+1	3.479077E-1	1.252945E-2	3.301310E+2	6.766900E+1	1.410000E+0
1.905100E+1	3.479077E-1	1.252945E-2	3.301310E+2	6.766900E+1	1.410000E+0
1.916300E+1	3.589322E-1	1.919439E-2	3.301310E+2	6.766900E+1	1.410000E+0
1.917200E+1	3.589322E-1	1.919439E-2	3.301310E+2	6.766900E+1	1.410000E+0
1.925200E+1	3.589617E-1	1.941433E-2	3.301310E+2	6.766900E+1	1.410000E+0
1.926200E+1	3.589617E-1	1.941433E-2	3.301310E+2	6.766900E+1	1.410000E+0
1.934200E+1	3.589430E-1	1.947408E-2	3.301310E+2	6.766900E+1	1.410000E+0
1.935100E+1	3.589430E-1	1.947408E-2	3.301310E+2	6.766900E+1	1.410000E+0
1.943300E+1	3.589530E-1	1.951174E-2	3.301310E+2	6.766900E+1	1.410000E+0
1.944200E+1	3.589530E-1	1.951174E-2	3.301310E+2	6.766900E+1	1.410000E+0
1.952300E+1	3.589516E-1	1.952480E-2	3.301310E+2	6.766900E+1	1.410000E+0
1.953200E+1	3.589516E-1	1.952480E-2	3.301310E+2	6.766900E+1	1.410000E+0
1.964300E+1	3.670838E-1	2.673707E-2	3.301310E+2	6.766900E+1	1.410000E+0
1.965200E+1	3.670838E-1	2.673707E-2	3.301310E+2	6.766900E+1	1.410000E+0
1.973300E+1	3.699632E-1	2.953149E-2	3.301310E+2	6.766900E+1	1.410000E+0
1.974600E+1	3.699632E-1	2.953149E-2	3.301310E+2	6.766900E+1	1.410000E+0
1.982900E+1	3.699609E-1	2.966858E-2	3.301310E+2	6.766900E+1	1.410000E+0
1.983800E+1	3.699609E-1	2.966858E-2	3.301310E+2	6.766900E+1	1.410000E+0
1.992300E+1	3.699684E-1	2.976399E-2	3.301310E+2	6.766900E+1	1.410000E+0
1.993100E+1	3.699684E-1	2.976399E-2	3.301310E+2	6.766900E+1	1.410000E+0
2.001300E+1	3.699632E-1	2.978307E-2	3.301310E+2	6.766900E+1	1.410000E+0
2.002200E+1	3.699632E-1	2.978307E-2	3.301310E+2	6.766900E+1	1.410000E+0
2.013400E+1	3.699666E-1	2.981018E-2	3.301310E+2	6.766900E+1	1.410000E+0
2.014300E+1	3.699666E-1	2.981018E-2	3.301310E+2	6.766900E+1	1.410000E+0
2.022300E+1	3.809853E-1	4.339364E-2	3.301310E+2	6.766900E+1	1.410000E+0
2.023200E+1	3.809853E-1	4.339364E-2	3.301310E+2	6.766900E+1	1.410000E+0
2.031400E+1	3.810023E-1	4.409965E-2	3.301310E+2	6.766900E+1	1.410000E+0
2.032200E+1	3.810023E-1	4.409965E-2	3.301310E+2	6.766900E+1	1.410000E+0
2.040300E+1	3.810007E-1	4.439089E-2	3.301310E+2	6.766900E+1	1.410000E+0
2.041200E+1	3.810007E-1	4.439089E-2	3.301310E+2	6.766900E+1	1.410000E+0
2.049400E+1	3.809863E-1	4.453601E-2	3.301310E+2	6.766900E+1	1.410000E+0
2.050300E+1	3.809863E-1	4.453601E-2	3.301310E+2	6.766900E+1	1.410000E+0
2.061500E+1	3.809927E-1	4.457417E-2	3.301310E+2	6.766900E+1	1.410000E+0
2.062400E+1	3.809927E-1	4.457417E-2	3.301310E+2	6.766900E+1	1.410000E+0
2.070300E+1	3.889877E-1	5.778956E-2	3.301310E+2	6.766900E+1	1.410000E+0
2.071500E+1	3.889877E-1	5.778956E-2	3.301310E+2	6.766900E+1	1.410000E+0
2.080600E+1	3.919362E-1	6.434503E-2	3.301310E+2	6.766900E+1	1.410000E+0
2.081500E+1	3.919362E-1	6.434503E-2	3.301310E+2	6.766900E+1	1.410000E+0
2.089900E+1	3.919244E-1	6.498325E-2	3.301310E+2	6.766900E+1	1.410000E+0
2.090800E+1	3.919244E-1	6.498325E-2	3.301310E+2	6.766900E+1	1.410000E+0
2.099400E+1	3.919340E-1	6.519264E-2	3.301310E+2	6.766900E+1	1.410000E+0
2.100300E+1	3.919340E-1	6.519264E-2	3.301310E+2	6.766900E+1	1.410000E+0
2.111400E+1	3.919092E-1	6.540957E-2	3.301310E+2	6.766900E+1	1.410000E+0
2.112300E+1	3.919092E-1	6.540957E-2	3.301310E+2	6.766900E+1	1.410000E+0
2.120400E+1	3.919328E-1	6.549041E-2	3.301310E+2	6.766900E+1	1.410000E+0
2.121400E+1	3.919328E-1	6.549041E-2	3.301310E+2	6.766900E+1	1.410000E+0
2.129400E+1	4.029624E-1	9.038161E-2	3.301310E+2	6.766900E+1	1.410000E+0
2.130300E+1	4.029624E-1	9.038161E-2	3.301310E+2	6.766900E+1	1.410000E+0
2.138400E+1	4.029526E-1	8.844385E-2	3.301310E+2	6.766900E+1	1.410000E+0
2.139300E+1	4.029526E-1	8.844385E-2	3.301310E+2	6.766900E+1	1.410000E+0
2.147400E+1	4.029632E-1	8.895001E-2	3.301310E+2	6.766900E+1	1.410000E+0
2.148200E+1	4.029632E-1	8.895001E-2	3.301310E+2	6.766900E+1	1.410000E+0
2.159600E+1	4.029723E-1	8.924777E-2	3.301310E+2	6.766900E+1	1.410000E+0
2.160500E+1	4.029723E-1	8.924777E-2	3.301310E+2	6.766900E+1	1.410000E+0
2.168300E+1	4.029571E-1	8.986641E-2	3.301310E+2	6.766900E+1	1.410000E+0
2.169200E+1	4.029571E-1	8.986641E-2	3.301310E+2	6.766900E+1	1.410000E+0
2.177400E+1	4.073563E-1	1.025726E-1	3.301310E+2	6.766900E+1	1.410000E+0
2.178800E+1	4.073563E-1	1.025726E-1	3.301310E+2	6.766900E+1	1.410000E+0
2.187000E+1	4.084460E-1	1.078416E-1	3.301310E+2	6.766900E+1	1.410000E+0
2.187900E+1	4.084460E-1	1.078416E-1	3.301310E+2	6.766900E+1	1.410000E+0
2.196400E+1	4.084392E-1	1.096784E-1	3.301310E+2	6.766900E+1	1.410000E+0
2.197300E+1	4.084392E-1	1.096784E-1	3.301310E+2	6.766900E+1	1.410000E+0
2.208500E+1	4.084472E-1	1.103779E-1	3.301310E+2	6.766900E+1	1.410000E+0
2.209400E+1	4.084472E-1	1.103779E-1	3.301310E+2	6.766900E+1	1.410000E+0
2.217400E+1	4.084414E-1	1.104608E-1	3.301310E+2	6.766900E+1	1.410000E+0
2.218300E+1	4.084414E-1	1.104608E-1	3.301310E+2	6.766900E+1	1.410000E+0
2.226400E+1	4.084654E-1	1.106029E-1	3.301310E+2	6.766900E+1	1.410000E+0
2.227300E+1	4.084654E-1	1.106029E-1	3.301310E+2	6.766900E+1	1.410000E+0
2.235500E+1	4.194735E-1	1.483429E-1	3.301310E+2	6.766900E+1	1.410000E+0
2.236300E+1	4.194735E-1	1.483429E-1	3.301310E+2	6.766900E+1	1.410000E+0
2.244400E+1	4.194761E-1	1.433029E-1	3.301310E+2	6.766900E+1	1.410000E+0
2.245200E+1	4.194761E-1	1.433029E-1	3.301310E+2	6.766900E+1	1.410000E+0
2.256500E+1	4.194831E-1	1.400656E-1	3.301310E+2	6.766900E+1	1.410000E+0
2.257400E+1	4.194831E-1	1.400656E-1	3.301310E+2	6.766900E+1	1.410000E+0
2.265400E+1	4.194894E-1	1.396729E-1	3.301310E+2	6.766900E+1	1.410000E+0
2.266300E+1	4.194894E-1	1.396729E-1	3.301310E+2	6.766900E+1	1.410000E+0
2.274500E+1	4.194861E-1	1.424719E-1	3.301310E+2	6.766900E+1	1.410000E+0
2.275800E+1	4.194861E-1	1.424719E-1	3.301310E+2	6.766900E+1	1.410000E+0
2.284200E+1	4.281714E-1	1.924089E-1	3.301310E+2	6.766900E+1	1.410000E+0
2.285100E+1	4.281714E-1	1.924089E-1	3.301310E+2	6.766900E+1	1.410000E+0
2.293300E+1	4.304702E-1	1.973199E-1	3.301310E+2	6.766900E+1	1.410000E+0
2.294200E+1	4.304702E-1	1.973199E-1	3.301310E+2	6.766900E+1	1.410000E+0
2.305600E+1	4.304668E-1	1.980450E-1	3.301310E+2	6.766900E+1	1.410000E+0
2.306500E+1	4.304668E-1	1.980450E-1	3.301310E+2	6.766900E+1	1.410000E+0
2.314500E+1	4.304708E-1	1.985807E-1	3.301310E+2	6.766900E+1	1.410000E+0
2.315400E+1	4.304708E-1	1.985807E-1	3.301310E+2	6.766900E+1	1.410000E+0
2.323500E+1	4.304730E-1	1.986967E-1	3.301310E+2	6.766900E+1	1.410000E+0
2.324400E+1	4.304730E-1	1.986967E-1	3.301310E+2	6.766900E+1	1.410000E+0
2.332500E+1	4.304818E-1	1.981308E-1	3.301310E+2	6.766900E+1	1.410000E+0
2.333400E+1	4.304818E-1	1.981308E-1	3.301310E+2	6.766900E+1	1.410000E+0
2.341500E+1	4.414889E-1	2.597221E-1	3.301310E+2	6.766900E+1	1.410000E+0
2.342300E+1	4.414889E-1	2.597221E-1	3.301310E+2	6.766900E+1	1.410000E+0
2.353600E+1	4.415057E-1	2.669680E-1	3.301310E+2	6.766900E+1	1.410000E+0
2.354500E+1	4.415057E-1	2.669680E-1	3.301310E+2	6.766900E+1	1.410000E+0
2.362500E+1	4.415083E-1	2.687556E-1	3.301310E+2	6.766900E+1	1.410000E+0
2.363400E+1	4.415083E-1	2.687556E-1	3.301310E+2	6.766900E+1	1.410000E+0
2.371500E+1	4.415326E-1	2.674737E-1	3.301310E+2	6.766900E+1	1.410000E+0
2.372800E+1	4.415326E-1	2.674737E-1	3.301310E+2	6.766900E+1	1.410000E+0
2.381200E+1	4.415124E-1	2.669931E-1	3.301310E+2	6.766900E+1	1.410000E+0
2.382100E+1	4.415124E-1	2.669931E-1	3.301310E+2	6.766900E+1	1.410000E+0
2.390500E+1	4.495456E-1	3.243770E-1	3.301310E+2	6.766900E+1	1.410000E+0
2.391400E+1	4.495456E-1	3.243770E-1	3.301310E+2	6.766900E+1	1.410000E+0
2.402600E+1	4.525313E-1	3.622355E-1	3.301310E+2	6.766900E+1	1.410000E+0
2.403500E+1	4.525313E-1	3.622355E-1	3.301310E+2	6.766900E+1	1.410000E+0
2.411600E+1	4.525327E-1	3.712103E-1	3.301310E+2	6.766900E+1	1.410000E+0
2.412500E+1	4.525327E-1	3.712103E-1	3.301310E+2	6.766900E+1	1.410000E+0
2.420500E+1	4.525279E-1	3.713042E-1	3.301310E+2	6.766900E+1	1.410000E+0
2.421500E+1	4.525279E-1	3.713042E-1	3.301310E+2	6.766900E+1	1.410000E+0
2.429500E+1	4.525200E-1	3.656857E-1	3.301310E+2	6.766900E+1	1.410000E+0
2.430500E+1	4.525200E-1	3.656857E-1	3.301310E+2	6.766900E+1	1.410000E+0
2.438600E+1	4.525257E-1	3.811125E-1	3.301310E+2	6.766900E+1	1.410000E+0
2.439500E+1	4.525257E-1	3.811125E-1	3.301310E+2	6.766900E+1	1.410000E+0
2.450700E+1	4.580494E-1	4.389227E-1	3.301310E+2	6.766900E+1	1.410000E+0
2.451600E+1	4.580494E-1	4.389227E-1	3.301310E+2	6.766900E+1	1.410000E+0
2.459500E+1	4.580553E-1	4.463117E-1	3.301310E+2	6.766900E+1	1.410000E+0
2.460500E+1	4.580553E-1	4.463117E-1	3.301310E+2	6.766900E+1	1.410000E+0
2.468600E+1	4.580617E-1	4.443820E-1	3.301310E+2	6.766900E+1	1.410000E+0
2.469500E+1	4.580617E-1	4.443820E-1	3.301310E+2	6.766900E+1	1.410000E+0
2.477600E+1	4.580613E-1	4.409528E-1	3.301310E+2	6.766900E+1	1.410000E+0
2.478900E+1	4.580613E-1	4.409528E-1	3.301310E+2	6.766900E+1	1.410000E+0
2.487300E+1	4.580565E-1	4.381624E-1	3.301310E+2	6.766900E+1	1.410000E+0
2.488200E+1	4.580565E-1	4.381624E-1	3.301310E+2	6.766900E+1	1.410000E+0
2.499700E+1	4.625375E-1	4.808008E-1	3.301310E+2	6.766900E+1	1.410000E+0
2.500600E+1	4.625375E-1	4.808008E-1	3.301310E+2	6.766900E+1	1.410000E+0
2.508600E+1	4.690830E-1	5.740180E-1	3.301310E+2	6.766900E+1	1.410000E+0
2.509400E+1	4.690830E-1	5.740180E-1	3.301310E+2	6.766900E+1	1.410000E+0
2.517600E+1	4.690888E-1	5.146598E-1	3.301310E+2	6.766900E+1	1.410000E+0
2.518600E+1	4.690888E-1	5.146598E-1	3.301310E+2	6.766900E+1	1.410000E+0
2.526600E+1	4.690794E-1	4.796770E-1	3.301310E+2	6.766900E+1	1.410000E+0
2.527500E+1	4.690794E-1	4.796770E-1	3.301310E+2	6.766900E+1	1.410000E+0
2.535600E+1	4.690794E-1	4.811960E-1	3.301310E+2	6.766900E+1	1.410000E+0
2.536500E+1	4.690794E-1	4.811960E-1	3.301310E+2	6.766900E+1	1.410000E+0
2.547900E+1	4.690852E-1	4.835591E-1	3.301310E+2	6.766900E+1	1.410000E+0
2.548800E+1	4.690852E-1	4.835591E-1	3.301310E+2	6.766900E+1	1.410000E+0
2.556600E+1	4.798659E-1	6.001269E-1	3.301310E+2	6.766900E+1	1.410000E+0
2.557600E+1	4.798659E-1	6.001269E-1	3.301310E+2	6.766900E+1	1.410000E+0
2.565600E+1	4.800626E-1	6.224447E-1	3.301310E+2	6.766900E+1	1.410000E+0
2.566600E+1	4.800626E-1	6.224447E-1	3.301310E+2	6.766900E+1	1.410000E+0
2.574600E+1	4.800628E-1	6.215835E-1	3.301310E+2	6.766900E+1	1.410000E+0
2.575900E+1	4.800628E-1	6.215835E-1	3.301310E+2	6.766900E+1	1.410000E+0
2.583600E+1	4.800628E-1	6.140102E-1	3.301310E+2	6.766900E+1	1.410000E+0
2.584400E+1	4.800628E-1	6.140102E-1	3.301310E+2	6.766900E+1	1.410000E+0
2.595900E+1	4.800580E-1	6.178676E-1	3.301310E+2	6.766900E+1	1.410000E+0
2.596800E+1	4.800580E-1	6.178676E-1	3.301310E+2	6.766900E+1	1.410000E+0
2.604600E+1	4.882767E-1	7.177508E-1	3.301310E+2	6.766900E+1	1.410000E+0
2.605600E+1	4.882767E-1	7.177508E-1	3.301310E+2	6.766900E+1	1.410000E+0
2.613600E+1	4.910847E-1	7.722252E-1	3.301310E+2	6.766900E+1	1.410000E+0
2.614500E+1	4.910847E-1	7.722252E-1	3.301310E+2	6.766900E+1	1.410000E+0
2.622700E+1	4.910821E-1	8.364658E-1	3.301310E+2	6.766900E+1	1.410000E+0
2.623600E+1	4.910821E-1	8.364658E-1	3.301310E+2	6.766900E+1	1.410000E+0
2.631700E+1	4.911060E-1	9.458741E-1	3.301310E+2	6.766900E+1	1.410000E+0
2.632600E+1	4.911060E-1	9.458741E-1	3.301310E+2	6.766900E+1	1.410000E+0
2.643900E+1	4.911162E-1	9.137977E-1	3.301310E+2	6.766900E+1	1.410000E+0
2.644800E+1	4.911162E-1	9.137977E-1	3.301310E+2	6.766900E+1	1.410000E+0
2.652700E+1	4.911106E-1	8.852188E-1	3.301310E+2	6.766900E+1	1.410000E+0
2.653500E+1	4.911106E-1	8.852188E-1	3.301310E+2	6.766900E+1	1.410000E+0
2.661700E+1	5.021053E-1	1.082482E+0	3.301310E+2	6.766900E+1	1.410000E+0
2.662600E+1	5.021053E-1	1.082482E+0	3.301310E+2	6.766900E+1	1.410000E+0
2.670600E+1	5.021135E-1	1.094580E+0	3.301310E+2	6.766900E+1	1.410000E+0
2.672100E+1	5.021135E-1	1.094580E+0	3.301310E+2	6.766900E+1	1.410000E+0
2.680300E+1	5.021141E-1	1.128432E+0	3.301310E+2	6.766900E+1	1.410000E+0
2.681100E+1	5.021141E-1	1.128432E+0	3.301310E+2	6.766900E+1	1.410000E+0
2.692800E+1	5.021127E-1	1.129493E+0	3.301310E+2	6.766900E+1	1.410000E+0
2.693700E+1	5.021127E-1	1.129493E+0	3.301310E+2	6.766900E+1	1.410000E+0
2.701800E+1	5.021203E-1	1.144867E+0	3.301310E+2	6.766900E+1	1.410000E+0
2.702600E+1	5.021203E-1	1.144867E+0	3.301310E+2	6.766900E+1	1.410000E+0
2.710700E+1	5.065637E-1	1.237617E+0	3.301310E+2	6.766900E+1	1.410000E+0
2.711600E+1	5.065637E-1	1.237617E+0	3.301310E+2	6.766900E+1	1.410000E+0
2.719800E+1	5.076261E-1	1.253602E+0	3.301310E+2	6.766900E+1	1.410000E+0
2.720600E+1	5.076261E-1	1.253602E+0	3.301310E+2	6.766900E+1	1.410000E+0
2.728700E+1	5.076247E-1	1.239988E+0	3.301310E+2	6.766900E+1	1.410000E+0
2.729500E+1	5.076247E-1	1.239988E+0	3.301310E+2	6.766900E+1	1.410000E+0
2.740800E+1	5.076329E-1	1.236371E+0	3.301310E+2	6.766900E+1	1.410000E+0
2.741600E+1	5.076329E-1	1.236371E+0	3.301310E+2	6.766900E+1	1.410000E+0
2.749800E+1	5.076331E-1	1.236357E+0	3.301310E+2	6.766900E+1	1.410000E+0
2.750700E+1	5.076331E-1	1.236357E+0	3.301310E+2	6.766900E+1	1.410000E+0
2.758800E+1	5.076160E-1	1.236801E+0	3.301310E+2	6.766900E+1	1.410000E+0
2.759700E+1	5.076160E-1	1.236801E+0	3.301310E+2	6.766900E+1	1.410000E+0
2.767700E+1	5.186065E-1	1.481908E+0	3.301310E+2	6.766900E+1	1.410000E+0
2.768600E+1	5.186065E-1	1.481908E+0	3.301310E+2	6.766900E+1	1.410000E+0
2.776800E+1	5.186209E-1	1.477755E+0	3.301310E+2	6.766900E+1	1.410000E+0
2.778100E+1	5.186209E-1	1.477755E+0	3.301310E+2	6.766900E+1	1.410000E+0
2.789500E+1	5.186177E-1	1.487272E+0	3.301310E+2	6.766900E+1	1.410000E+0
2.790400E+1	5.186177E-1	1.487272E+0	3.301310E+2	6.766900E+1	1.410000E+0
2.798800E+1	5.186189E-1	1.496905E+0	3.301310E+2	6.766900E+1	1.410000E+0
2.799700E+1	5.186189E-1	1.496905E+0	3.301310E+2	6.766900E+1	1.410000E+0
2.807700E+1	5.186366E-1	1.501126E+0	3.301310E+2	6.766900E+1	1.410000E+0
2.808600E+1	5.186366E-1	1.501126E+0	3.301310E+2	6.766900E+1	1.410000E+0
2.816700E+1	5.276678E-1	1.729952E+0	3.301310E+2	6.766900E+1	1.410000E+0
2.817600E+1	5.276678E-1	1.729952E+0	3.301310E+2	6.766900E+1	1.410000E+0
2.825800E+1	5.296659E-1	1.813076E+0	3.301310E+2	6.766900E+1	1.410000E+0
2.826700E+1	5.296659E-1	1.813076E+0	3.301310E+2	6.766900E+1	1.410000E+0
2.838100E+1	5.296555E-1	1.805451E+0	3.301310E+2	6.766900E+1	1.410000E+0
2.839000E+1	5.296555E-1	1.805451E+0	3.301310E+2	6.766900E+1	1.410000E+0
2.846700E+1	5.296495E-1	1.782885E+0	3.301310E+2	6.766900E+1	1.410000E+0
2.847600E+1	5.296495E-1	1.782885E+0	3.301310E+2	6.766900E+1	1.410000E+0
2.855800E+1	5.296581E-1	1.785966E+0	3.301310E+2	6.766900E+1	1.410000E+0
2.856700E+1	5.296581E-1	1.785966E+0	3.301310E+2	6.766900E+1	1.410000E+0
2.864800E+1	5.296683E-1	1.778158E+0	3.301310E+2	6.766900E+1	1.410000E+0
2.865600E+1	5.296683E-1	1.778158E+0	3.301310E+2	6.766900E+1	1.410000E+0
2.873800E+1	5.406343E-1	2.071321E+0	3.301310E+2	6.766900E+1	1.410000E+0
2.875100E+1	5.406343E-1	2.071321E+0	3.301310E+2	6.766900E+1	1.410000E+0
2.886500E+1	5.406648E-1	2.098869E+0	3.301310E+2	6.766900E+1	1.410000E+0
2.887400E+1	5.406648E-1	2.098869E+0	3.301310E+2	6.766900E+1	1.410000E+0
2.895800E+1	5.406774E-1	2.088538E+0	3.301310E+2	6.766900E+1	1.410000E+0
2.896800E+1	5.406774E-1	2.088538E+0	3.301310E+2	6.766900E+1	1.410000E+0
2.904900E+1	5.406616E-1	2.093307E+0	3.301310E+2	6.766900E+1	1.410000E+0
2.905800E+1	5.406616E-1	2.093307E+0	3.301310E+2	6.766900E+1	1.410000E+0
2.913800E+1	5.406790E-1	2.130818E+0	3.301310E+2	6.766900E+1	1.410000E+0
2.914600E+1	5.406790E-1	2.130818E+0	3.301310E+2	6.766900E+1	1.410000E+0
2.922800E+1	5.496391E-1	2.396825E+0	3.301310E+2	6.766900E+1	1.410000E+0
2.923800E+1	5.496391E-1	2.396825E+0	3.301310E+2	6.766900E+1	1.410000E+0
2.935000E+1	5.517055E-1	2.534822E+0	3.301310E+2	6.766900E+1	1.410000E+0
2.935800E+1	5.517055E-1	2.534822E+0	3.301310E+2	6.766900E+1	1.410000E+0
2.943800E+1	5.517119E-1	2.512143E+0	3.301310E+2	6.766900E+1	1.410000E+0
2.944700E+1	5.517119E-1	2.512143E+0	3.301310E+2	6.766900E+1	1.410000E+0
2.952900E+1	5.517109E-1	2.504924E+0	3.301310E+2	6.766900E+1	1.410000E+0
2.953800E+1	5.517109E-1	2.504924E+0	3.301310E+2	6.766900E+1	1.410000E+0
2.961800E+1	5.517037E-1	2.498373E+0	3.301310E+2	6.766900E+1	1.410000E+0
2.962700E+1	5.517037E-1	2.498373E+0	3.301310E+2	6.766900E+1	1.410000E+0
2.970900E+1	5.517160E-1	2.690358E+0	3.301310E+2	6.766900E+1	1.410000E+0
2.972200E+1	5.517160E-1	2.690358E+0	3.301310E+2	6.766900E+1	1.410000E+0
2.983600E+1	5.626038E-1	3.182728E+0	3.301310E+2	6.766900E+1	1.410000E+0
2.984500E+1	5.626038E-1	3.182728E+0	3.301310E+2	6.766900E+1	1.410000E+0
2.992900E+1	5.626356E-1	3.232337E+0	3.301310E+2	6.766900E+1	1.410000E+0
2.993800E+1	5.626356E-1	3.232337E+0	3.301310E+2	6.766900E+1	1.410000E+0
3.001800E+1	5.626473E-1	3.244174E+0	3.301310E+2	6.766900E+1	1.410000E+0
3.002600E+1	5.626473E-1	3.244174E+0	3.301310E+2	6.766900E+1	1.410000E+0
3.010900E+1	5.626473E-1	3.253953E+0	3.301310E+2	6.766900E+1	1.410000E+0
3.011800E+1	5.626473E-1	3.253953E+0	3.301310E+2	6.766900E+1	1.410000E+0
3.019900E+1	5.626505E-1	3.260325E+0	3.301310E+2	6.766900E+1	1.410000E+0
3.020800E+1	5.626505E-1	3.260325E+0	3.301310E+2	6.766900E+1	1.410000E+0
3.032000E+1	5.668142E-1	3.439675E+0	3.301310E+2	6.766900E+1	1.410000E+0
3.032900E+1	5.668142E-1	3.439675E+0	3.301310E+2	6.766900E+1	1.410000E+0
3.040800E+1	5.681682E-1	3.516206E+0	3.301310E+2	6.766900E+1	1.410000E+0
3.041700E+1	5.681682E-1	3.516206E+0	3.301310E+2	6.766900E+1	1.410000E+0
3.049900E+1	5.681606E-1	3.517004E+0	3.301310E+2	6.766900E+1	1.410000E+0
3.050700E+1	5.681606E-1	3.517004E+0	3.301310E+2	6.766900E+1	1.410000E+0
3.058800E+1	5.681684E-1	3.517562E+0	3.301310E+2	6.766900E+1	1.410000E+0
3.059800E+1	5.681684E-1	3.517562E+0	3.301310E+2	6.766900E+1	1.410000E+0
3.067900E+1	5.681636E-1	3.516028E+0	3.301310E+2	6.766900E+1	1.410000E+0
3.068700E+1	5.681636E-1	3.516028E+0	3.301310E+2	6.766900E+1	1.410000E+0
3.080000E+1	5.681727E-1	3.515393E+0	3.301310E+2	6.766900E+1	1.410000E+0
3.081400E+1	5.681727E-1	3.515393E+0	3.301310E+2	6.766900E+1	1.410000E+0
3.089500E+1	5.791727E-1	4.019496E+0	3.301310E+2	6.766900E+1	1.410000E+0
3.090400E+1	5.791727E-1	4.019496E+0	3.301310E+2	6.766900E+1	1.410000E+0
3.099000E+1	5.791862E-1	4.028136E+0	3.301310E+2	6.766900E+1	1.410000E+0
3.099900E+1	5.791862E-1	4.028136E+0	3.301310E+2	6.766900E+1	1.410000E+0
3.107900E+1	5.792006E-1	4.029672E+0	3.301310E+2	6.766900E+1	1.410000E+0
3.108900E+1	5.792006E-1	4.029672E+0	3.301310E+2	6.766900E+1	1.410000E+0
3.116900E+1	5.791998E-1	4.028066E+0	3.301310E+2	6.766900E+1	1.410000E+0
3.117800E+1	5.791998E-1	4.028066E+0	3.301310E+2	6.766900E+1	1.410000E+0
3.129300E+1	5.792006E-1	4.010102E+0	3.301310E+2	6.766900E+1	1.410000E+0
3.130200E+1	5.792006E-1	4.010102E+0	3.301310E+2	6.766900E+1	1.410000E+0
3.138500E+1	5.861811E-1	4.458461E+0	3.301310E+2	6.766900E+1	1.410000E+0
3.139500E+1	5.861811E-1	4.458461E+0	3.301310E+2	6.766900E+1	1.410000E+0
3.148000E+1	5.902255E-1	4.565868E+0	3.301310E+2	6.766900E+1	1.410000E+0
3.148900E+1	5.902255E-1	4.565868E+0	3.301310E+2	6.766900E+1	1.410000E+0
3.157000E+1	5.902197E-1	4.558337E+0	3.301310E+2	6.766900E+1	1.410000E+0
3.157900E+1	5.902197E-1	4.558337E+0	3.301310E+2	6.766900E+1	1.410000E+0
3.166000E+1	5.902099E-1	4.548837E+0	3.301310E+2	6.766900E+1	1.410000E+0
3.166900E+1	5.902099E-1	4.548837E+0	3.301310E+2	6.766900E+1	1.410000E+0
3.178000E+1	5.902247E-1	4.546661E+0	3.301310E+2	6.766900E+1	1.410000E+0
3.179300E+1	5.902247E-1	4.546661E+0	3.301310E+2	6.766900E+1	1.410000E+0
3.187500E+1	5.902233E-1	4.542589E+0	3.301310E+2	6.766900E+1	1.410000E+0
3.188400E+1	5.902233E-1	4.542589E+0	3.301310E+2	6.766900E+1	1.410000E+0
3.196900E+1	6.012517E-1	5.112848E+0	3.301310E+2	6.766900E+1	1.410000E+0
3.197800E+1	6.012517E-1	5.112848E+0	3.301310E+2	6.766900E+1	1.410000E+0
3.205900E+1	6.012454E-1	5.130590E+0	3.301310E+2	6.766900E+1	1.410000E+0
3.206800E+1	6.012454E-1	5.130590E+0	3.301310E+2	6.766900E+1	1.410000E+0
3.215000E+1	6.012607E-1	5.107280E+0	3.301310E+2	6.766900E+1	1.410000E+0
3.215800E+1	6.012607E-1	5.107280E+0	3.301310E+2	6.766900E+1	1.410000E+0
3.227100E+1	6.012587E-1	5.111885E+0	3.301310E+2	6.766900E+1	1.410000E+0
3.227900E+1	6.012587E-1	5.111885E+0	3.301310E+2	6.766900E+1	1.410000E+0
3.235900E+1	6.012587E-1	5.109927E+0	3.301310E+2	6.766900E+1	1.410000E+0
3.236900E+1	6.012587E-1	5.109927E+0	3.301310E+2	6.766900E+1	1.410000E+0
3.245000E+1	6.103090E-1	5.578815E+0	3.301310E+2	6.766900E+1	1.410000E+0
3.246000E+1	6.103090E-1	5.578815E+0	3.301310E+2	6.766900E+1	1.410000E+0
3.254000E+1	6.122499E-1	5.723379E+0	3.301310E+2	6.766900E+1	1.410000E+0
3.254800E+1	6.122499E-1	5.723379E+0	3.301310E+2	6.766900E+1	1.410000E+0
3.263000E+1	6.122525E-1	5.718981E+0	3.301310E+2	6.766900E+1	1.410000E+0
3.263900E+1	6.122525E-1	5.718981E+0	3.301310E+2	6.766900E+1	1.410000E+0
3.275100E+1	6.122585E-1	5.717143E+0	3.301310E+2	6.766900E+1	1.410000E+0
3.276300E+1	6.122585E-1	5.717143E+0	3.301310E+2	6.766900E+1	1.410000E+0
3.284600E+1	6.122385E-1	5.698290E+0	3.301310E+2	6.766900E+1	1.410000E+0
3.285500E+1	6.122385E-1	5.698290E+0	3.301310E+2	6.766900E+1	1.410000E+0
3.294100E+1	6.122513E-1	5.696221E+0	3.301310E+2	6.766900E+1	1.410000E+0
3.295000E+1	6.122513E-1	5.696221E+0	3.301310E+2	6.766900E+1	1.410000E+0
3.303100E+1	6.177681E-1	6.006562E+0	3.301310E+2	6.766900E+1	1.410000E+0
3.304000E+1	6.177681E-1	6.006562E+0	3.301310E+2	6.766900E+1	1.410000E+0
3.312000E+1	6.177545E-1	6.014688E+0	3.301310E+2	6.766900E+1	1.410000E+0
3.312900E+1	6.177545E-1	6.014688E+0	3.301310E+2	6.766900E+1	1.410000E+0
3.324100E+1	6.177470E-1	6.013797E+0	3.301310E+2	6.766900E+1	1.410000E+0
3.325000E+1	6.177470E-1	6.013797E+0	3.301310E+2	6.766900E+1	1.410000E+0
3.333000E+1	6.177531E-1	6.008364E+0	3.301310E+2	6.766900E+1	1.410000E+0
3.333900E+1	6.177531E-1	6.008364E+0	3.301310E+2	6.766900E+1	1.410000E+0
3.342000E+1	6.177723E-1	5.990888E+0	3.301310E+2	6.766900E+1	1.410000E+0
3.342900E+1	6.177723E-1	5.990888E+0	3.301310E+2	6.766900E+1	1.410000E+0
3.351000E+1	6.263449E-1	6.464927E+0	3.301310E+2	6.766900E+1	1.410000E+0
3.351900E+1	6.263449E-1	6.464927E+0	3.301310E+2	6.766900E+1	1.410000E+0
3.359900E+1	6.287850E-1	6.646201E+0	3.301310E+2	6.766900E+1	1.410000E+0
3.360800E+1	6.287850E-1	6.646201E+0	3.301310E+2	6.766900E+1	1.410000E+0
3.372100E+1	6.287744E-1	6.647476E+0	3.301310E+2	6.766900E+1	1.410000E+0
3.373400E+1	6.287744E-1	6.647476E+0	3.301310E+2	6.766900E+1	1.410000E+0
3.381900E+1	6.287786E-1	6.626425E+0	3.301310E+2	6.766900E+1	1.410000E+0
3.382900E+1	6.287786E-1	6.626425E+0	3.301310E+2	6.766900E+1	1.410000E+0
3.391100E+1	6.287772E-1	6.624577E+0	3.301310E+2	6.766900E+1	1.410000E+0
3.392000E+1	6.287772E-1	6.624577E+0	3.301310E+2	6.766900E+1	1.410000E+0
3.400100E+1	6.287688E-1	6.616373E+0	3.301310E+2	6.766900E+1	1.410000E+0
3.400900E+1	6.287688E-1	6.616373E+0	3.301310E+2	6.766900E+1	1.410000E+0
3.409100E+1	6.379091E-1	7.152710E+0	3.301310E+2	6.766900E+1	1.410000E+0
3.409900E+1	6.379091E-1	7.152710E+0	3.301310E+2	6.766900E+1	1.410000E+0
3.421200E+1	6.398202E-1	7.295922E+0	3.301310E+2	6.766900E+1	1.410000E+0
3.422100E+1	6.398202E-1	7.295922E+0	3.301310E+2	6.766900E+1	1.410000E+0
3.430100E+1	6.398180E-1	7.294774E+0	3.301310E+2	6.766900E+1	1.410000E+0
3.431000E+1	6.398180E-1	7.294774E+0	3.301310E+2	6.766900E+1	1.410000E+0
3.439100E+1	6.398173E-1	7.291337E+0	3.301310E+2	6.766900E+1	1.410000E+0
3.440000E+1	6.398173E-1	7.291337E+0	3.301310E+2	6.766900E+1	1.410000E+0
3.448000E+1	6.398308E-1	7.280190E+0	3.301310E+2	6.766900E+1	1.410000E+0
3.448900E+1	6.398308E-1	7.280190E+0	3.301310E+2	6.766900E+1	1.410000E+0
3.457000E+1	6.484256E-1	7.806962E+0	3.301310E+2	6.766900E+1	1.410000E+0
3.457900E+1	6.484256E-1	7.806962E+0	3.301310E+2	6.766900E+1	1.410000E+0
3.469200E+1	6.508525E-1	7.985897E+0	3.301310E+2	6.766900E+1	1.410000E+0
3.470200E+1	6.508525E-1	7.985897E+0	3.301310E+2	6.766900E+1	1.410000E+0
3.478500E+1	6.508519E-1	7.975865E+0	3.301310E+2	6.766900E+1	1.410000E+0
3.480000E+1	6.508519E-1	7.975865E+0	3.301310E+2	6.766900E+1	1.410000E+0
3.487800E+1	6.508513E-1	7.967589E+0	3.301310E+2	6.766900E+1	1.410000E+0
3.488600E+1	6.508513E-1	7.967589E+0	3.301310E+2	6.766900E+1	1.410000E+0
3.497100E+1	6.508523E-1	7.972817E+0	3.301310E+2	6.766900E+1	1.410000E+0
3.497900E+1	6.508523E-1	7.972817E+0	3.301310E+2	6.766900E+1	1.410000E+0
3.506000E+1	6.508387E-1	7.969769E+0	3.301310E+2	6.766900E+1	1.410000E+0
3.506800E+1	6.508387E-1	7.969769E+0	3.301310E+2	6.766900E+1	1.410000E+0
3.518300E+1	6.594642E-1	8.510900E+0	3.301310E+2	6.766900E+1	1.410000E+0
3.519100E+1	6.594642E-1	8.510900E+0	3.301310E+2	6.766900E+1	1.410000E+0
3.527100E+1	6.619137E-1	8.683110E+0	3.301310E+2	6.766900E+1	1.410000E+0
3.527900E+1	6.619137E-1	8.683110E+0	3.301310E+2	6.766900E+1	1.410000E+0
3.536200E+1	6.619145E-1	8.688125E+0	3.301310E+2	6.766900E+1	1.410000E+0
3.537100E+1	6.619145E-1	8.688125E+0	3.301310E+2	6.766900E+1	1.410000E+0
3.545100E+1	6.619143E-1	8.673099E+0	3.301310E+2	6.766900E+1	1.410000E+0
3.546000E+1	6.619143E-1	8.673099E+0	3.301310E+2	6.766900E+1	1.410000E+0
3.554200E+1	6.619298E-1	8.683630E+0	3.301310E+2	6.766900E+1	1.410000E+0
3.555100E+1	6.619298E-1	8.683630E+0	3.301310E+2	6.766900E+1	1.410000E+0
3.566500E+1	6.706754E-1	9.210946E+0	3.301310E+2	6.766900E+1	1.410000E+0
3.567400E+1	6.706754E-1	9.210946E+0	3.301310E+2	6.766900E+1	1.410000E+0
3.575800E+1	6.729617E-1	9.394830E+0	3.301310E+2	6.766900E+1	1.410000E+0
3.577200E+1	6.729617E-1	9.394830E+0	3.301310E+2	6.766900E+1	1.410000E+0
3.585200E+1	6.729639E-1	9.381383E+0	3.301310E+2	6.766900E+1	1.410000E+0
3.586000E+1	6.729639E-1	9.381383E+0	3.301310E+2	6.766900E+1	1.410000E+0
3.594100E+1	6.729699E-1	9.387832E+0	3.301310E+2	6.766900E+1	1.410000E+0
3.595000E+1	6.729699E-1	9.387832E+0	3.301310E+2	6.766900E+1	1.410000E+0
3.603300E+1	6.729637E-1	9.382419E+0	3.301310E+2	6.766900E+1	1.410000E+0
3.604100E+1	6.729637E-1	9.382419E+0	3.301310E+2	6.766900E+1	1.410000E+0
3.615300E+1	6.729691E-1	9.394243E+0	3.301310E+2	6.766900E+1	1.410000E+0
3.616300E+1	6.729691E-1	9.394243E+0	3.301310E+2	6.766900E+1	1.410000E+0
3.624200E+1	6.784749E-1	9.742967E+0	3.301310E+2	6.766900E+1	1.410000E+0
3.625100E+1	6.784749E-1	9.742967E+0	3.301310E+2	6.766900E+1	1.410000E+0
3.633200E+1	6.785232E-1	9.754656E+0	3.301310E+2	6.766900E+1	1.410000E+0
3.634100E+1	6.785232E-1	9.754656E+0	3.301310E+2	6.766900E+1	1.410000E+0
3.642300E+1	6.785150E-1	9.747541E+0	3.301310E+2	6.766900E+1	1.410000E+0
3.643200E+1	6.785150E-1	9.747541E+0	3.301310E+2	6.766900E+1	1.410000E+0
3.651200E+1	6.785134E-1	9.750028E+0	3.301310E+2	6.766900E+1	1.410000E+0
3.652100E+1	6.785134E-1	9.750028E+0	3.301310E+2	6.766900E+1	1.410000E+0
3.663300E+1	6.785077E-1	9.741793E+0	3.301310E+2	6.766900E+1	1.410000E+0
3.664200E+1	6.785077E-1	9.741793E+0	3.301310E+2	6.766900E+1	1.410000E+0
3.672200E+1	6.868193E-1	1.028490E+1	3.301310E+2	6.766900E+1	1.410000E+0
3.673500E+1	6.868193E-1	1.028490E+1	3.301310E+2	6.766900E+1	1.410000E+0
3.681800E+1	6.895575E-1	1.049251E+1	3.301310E+2	6.766900E+1	1.410000E+0
3.682600E+1	6.895575E-1	1.049251E+1	3.301310E+2	6.766900E+1	1.410000E+0
3.691300E+1	6.895688E-1	1.048633E+1	3.301310E+2	6.766900E+1	1.410000E+0
3.692200E+1	6.895688E-1	1.048633E+1	3.301310E+2	6.766900E+1	1.410000E+0
3.700200E+1	6.895652E-1	1.048949E+1	3.301310E+2	6.766900E+1	1.410000E+0
3.701100E+1	6.895652E-1	1.048949E+1	3.301310E+2	6.766900E+1	1.410000E+0
3.712200E+1	6.895690E-1	1.048094E+1	3.301310E+2	6.766900E+1	1.410000E+0
3.713100E+1	6.895690E-1	1.048094E+1	3.301310E+2	6.766900E+1	1.410000E+0
3.721300E+1	6.895627E-1	1.047868E+1	3.301310E+2	6.766900E+1	1.410000E+0
3.722100E+1	6.895627E-1	1.047868E+1	3.301310E+2	6.766900E+1	1.410000E+0
3.730200E+1	7.005119E-1	1.121844E+1	3.301310E+2	6.766900E+1	1.410000E+0
3.731100E+1	7.005119E-1	1.121844E+1	3.301310E+2	6.766900E+1	1.410000E+0
3.739200E+1	7.005664E-1	1.123662E+1	3.301310E+2	6.766900E+1	1.410000E+0
3.740100E+1	7.005664E-1	1.123662E+1	3.301310E+2	6.766900E+1	1.410000E+0
3.748200E+1	7.005744E-1	1.122292E+1	3.301310E+2	6.766900E+1	1.410000E+0
3.749100E+1	7.005744E-1	1.122292E+1	3.301310E+2	6.766900E+1	1.410000E+0
3.760300E+1	7.005716E-1	1.122707E+1	3.301310E+2	6.766900E+1	1.410000E+0
3.761200E+1	7.005716E-1	1.122707E+1	3.301310E+2	6.766900E+1	1.410000E+0
3.769300E+1	7.005889E-1	1.123645E+1	3.301310E+2	6.766900E+1	1.410000E+0
3.770100E+1	7.005889E-1	1.123645E+1	3.301310E+2	6.766900E+1	1.410000E+0
3.778700E+1	7.093748E-1	1.181288E+1	3.301310E+2	6.766900E+1	1.410000E+0
3.780300E+1	7.093748E-1	1.181288E+1	3.301310E+2	6.766900E+1	1.410000E+0
3.787900E+1	7.116070E-1	1.199129E+1	3.301310E+2	6.766900E+1	1.410000E+0
3.788800E+1	7.116070E-1	1.199129E+1	3.301310E+2	6.766900E+1	1.410000E+0
3.797300E+1	7.116100E-1	1.198376E+1	3.301310E+2	6.766900E+1	1.410000E+0
3.798100E+1	7.116100E-1	1.198376E+1	3.301310E+2	6.766900E+1	1.410000E+0
3.809400E+1	7.116158E-1	1.197499E+1	3.301310E+2	6.766900E+1	1.410000E+0
3.810300E+1	7.116158E-1	1.197499E+1	3.301310E+2	6.766900E+1	1.410000E+0
3.818200E+1	7.116144E-1	1.198039E+1	3.301310E+2	6.766900E+1	1.410000E+0
3.819100E+1	7.116144E-1	1.198039E+1	3.301310E+2	6.766900E+1	1.410000E+0
3.827200E+1	7.116090E-1	1.197496E+1	3.301310E+2	6.766900E+1	1.410000E+0
3.828100E+1	7.116090E-1	1.197496E+1	3.301310E+2	6.766900E+1	1.410000E+0
3.851000E+1	7.225734E-1	1.274173E+1	3.301310E+2	6.766900E+1	1.410000E+0
3.851900E+1	7.225734E-1	1.274173E+1	3.301310E+2	6.766900E+1	1.410000E+0
3.860200E+1	7.226365E-1	1.274022E+1	3.301310E+2	6.766900E+1	1.410000E+0
3.861200E+1	7.226365E-1	1.274022E+1	3.301310E+2	6.766900E+1	1.410000E+0
3.869300E+1	7.226387E-1	1.273686E+1	3.301310E+2	6.766900E+1	1.410000E+0
3.870200E+1	7.226387E-1	1.273686E+1	3.301310E+2	6.766900E+1	1.410000E+0
3.878800E+1	7.226175E-1	1.273297E+1	3.301310E+2	6.766900E+1	1.410000E+0
3.880400E+1	7.226175E-1	1.273297E+1	3.301310E+2	6.766900E+1	1.410000E+0
3.887900E+1	7.226359E-1	1.273952E+1	3.301310E+2	6.766900E+1	1.410000E+0
3.888700E+1	7.226359E-1	1.273952E+1	3.301310E+2	6.766900E+1	1.410000E+0
3.900500E+1	7.273158E-1	1.306033E+1	3.301310E+2	6.766900E+1	1.410000E+0
3.901400E+1	7.273158E-1	1.306033E+1	3.301310E+2	6.766900E+1	1.410000E+0
3.909200E+1	7.281338E-1	1.312443E+1	3.301310E+2	6.766900E+1	1.410000E+0
3.910100E+1	7.281338E-1	1.312443E+1	3.301310E+2	6.766900E+1	1.410000E+0
3.918200E+1	7.281336E-1	1.312791E+1	3.301310E+2	6.766900E+1	1.410000E+0
3.919100E+1	7.281336E-1	1.312791E+1	3.301310E+2	6.766900E+1	1.410000E+0
3.927200E+1	7.281390E-1	1.311829E+1	3.301310E+2	6.766900E+1	1.410000E+0
3.928100E+1	7.281390E-1	1.311829E+1	3.301310E+2	6.766900E+1	1.410000E+0
3.936200E+1	7.281420E-1	1.311833E+1	3.301310E+2	6.766900E+1	1.410000E+0
