Sample;s4(j1)
V-V length(cm);1.000000
Field (T);3.014464
Temp (K);4.200000
Angle (deg.);0.000000
Field(T)_memo;3.000000
Time(sec.)	Current(A)	Voltage(uV)	Temp.1(K)	Temp.2(K)	Temp.3(K)
0.000000E+0	8.112163E-4	7.029798E-6	3.301310E+2	6.766900E+1	1.410000E+0
4.000000E-2	8.019940E-4	9.540440E-6	3.301310E+2	6.766900E+1	1.410000E+0
4.900000E-2	8.019940E-4	9.540440E-6	3.301310E+2	6.766900E+1	1.410000E+0
1.300000E-1	8.538955E-3	1.355747E-5	3.301310E+2	6.766900E+1	1.410000E+0
1.390000E-1	8.538955E-3	1.355747E-5	3.301310E+2	6.766900E+1	1.410000E+0
2.210000E-1	2.045866E-2	-6.025541E-6	3.301310E+2	6.766900E+1	1.410000E+0
2.290000E-1	2.045866E-2	-6.025541E-6	3.301310E+2	6.766900E+1	1.410000E+0
3.420000E-1	2.284705E-2	-1.004257E-5	3.301310E+2	6.766900E+1	1.410000E+0
3.510000E-1	2.284705E-2	-1.004257E-5	3.301310E+2	6.766900E+1	1.410000E+0
4.300000E-1	2.836804E-2	-1.355747E-5	3.301310E+2	6.766900E+1	1.410000E+0
4.440000E-1	2.836804E-2	-1.355747E-5	3.301310E+2	6.766900E+1	1.410000E+0
5.270000E-1	3.665614E-2	-5.523413E-6	3.301310E+2	6.766900E+1	1.410000E+0
5.360000E-1	3.665614E-2	-5.523413E-6	3.301310E+2	6.766900E+1	1.410000E+0
6.210000E-1	4.916627E-2	1.456172E-5	3.301310E+2	6.766900E+1	1.410000E+0
6.300000E-1	4.916627E-2	1.456172E-5	3.301310E+2	6.766900E+1	1.410000E+0
7.110000E-1	5.037420E-2	-5.021284E-6	3.301310E+2	6.766900E+1	1.410000E+0
7.200000E-1	5.037420E-2	-5.021284E-6	3.301310E+2	6.766900E+1	1.410000E+0
8.310000E-1	6.139091E-2	2.008514E-5	3.301310E+2	6.766900E+1	1.410000E+0
8.400000E-1	6.139091E-2	2.008514E-5	3.301310E+2	6.766900E+1	1.410000E+0
9.210000E-1	7.012369E-2	2.811919E-5	3.301310E+2	6.766900E+1	1.410000E+0
9.300000E-1	7.012369E-2	2.811919E-5	3.301310E+2	6.766900E+1	1.410000E+0
1.011000E+0	7.671187E-2	9.038312E-6	3.301310E+2	6.766900E+1	1.410000E+0
1.020000E+0	7.671187E-2	9.038312E-6	3.301310E+2	6.766900E+1	1.410000E+0
1.101000E+0	7.787809E-2	7.029798E-6	3.301310E+2	6.766900E+1	1.410000E+0
1.110000E+0	7.787809E-2	7.029798E-6	3.301310E+2	6.766900E+1	1.410000E+0
1.191000E+0	8.433315E-2	2.108939E-5	3.301310E+2	6.766900E+1	1.410000E+0
1.201000E+0	8.433315E-2	2.108939E-5	3.301310E+2	6.766900E+1	1.410000E+0
1.312000E+0	9.795899E-2	-9.540440E-6	3.301310E+2	6.766900E+1	1.410000E+0
1.321000E+0	9.795899E-2	-9.540440E-6	3.301310E+2	6.766900E+1	1.410000E+0
1.401000E+0	1.054500E-1	5.021284E-7	3.301310E+2	6.766900E+1	1.410000E+0
1.409000E+0	1.054500E-1	5.021284E-7	3.301310E+2	6.766900E+1	1.410000E+0
1.492000E+0	1.109788E-1	2.510642E-5	3.301310E+2	6.766900E+1	1.410000E+0
1.504000E+0	1.109788E-1	2.510642E-5	3.301310E+2	6.766900E+1	1.410000E+0
1.588000E+0	1.219201E-1	3.715751E-5	3.301310E+2	6.766900E+1	1.410000E+0
1.596000E+0	1.219201E-1	3.715751E-5	3.301310E+2	6.766900E+1	1.410000E+0
1.681000E+0	1.315336E-1	1.004257E-6	3.301310E+2	6.766900E+1	1.410000E+0
1.690000E+0	1.315336E-1	1.004257E-6	3.301310E+2	6.766900E+1	1.410000E+0
1.803000E+0	1.371733E-1	5.021284E-6	3.301310E+2	6.766900E+1	1.410000E+0
1.812000E+0	1.371733E-1	5.021284E-6	3.301310E+2	6.766900E+1	1.410000E+0
1.892000E+0	1.385071E-1	-7.029798E-6	3.301310E+2	6.766900E+1	1.410000E+0
1.901000E+0	1.385071E-1	-7.029798E-6	3.301310E+2	6.766900E+1	1.410000E+0
1.983000E+0	1.495034E-1	9.540440E-6	3.301310E+2	6.766900E+1	1.410000E+0
1.992000E+0	1.495034E-1	9.540440E-6	3.301310E+2	6.766900E+1	1.410000E+0
2.071000E+0	1.605470E-1	-1.657024E-5	3.301310E+2	6.766900E+1	1.410000E+0
2.080000E+0	1.605470E-1	-1.657024E-5	3.301310E+2	6.766900E+1	1.410000E+0
2.161000E+0	1.691460E-1	8.034055E-6	3.301310E+2	6.766900E+1	1.410000E+0
2.170000E+0	1.691460E-1	8.034055E-6	3.301310E+2	6.766900E+1	1.410000E+0
2.285000E+0	1.715627E-1	9.540440E-6	3.301310E+2	6.766900E+1	1.410000E+0
2.294000E+0	1.715627E-1	9.540440E-6	3.301310E+2	6.766900E+1	1.410000E+0
2.379000E+0	1.825968E-1	1.004257E-5	3.301310E+2	6.766900E+1	1.410000E+0
2.387000E+0	1.825968E-1	1.004257E-5	3.301310E+2	6.766900E+1	1.410000E+0
2.473000E+0	1.880813E-1	-1.205108E-5	3.301310E+2	6.766900E+1	1.410000E+0
2.485000E+0	1.880813E-1	-1.205108E-5	3.301310E+2	6.766900E+1	1.410000E+0
2.570000E+0	1.968985E-1	-4.519156E-6	3.301310E+2	6.766900E+1	1.410000E+0
2.578000E+0	1.968985E-1	-4.519156E-6	3.301310E+2	6.766900E+1	1.410000E+0
2.663000E+0	1.991187E-1	8.034055E-6	3.301310E+2	6.766900E+1	1.410000E+0
2.672000E+0	1.991187E-1	8.034055E-6	3.301310E+2	6.766900E+1	1.410000E+0
2.786000E+0	2.100494E-1	2.008514E-6	3.301310E+2	6.766900E+1	1.410000E+0
2.795000E+0	2.100494E-1	2.008514E-6	3.301310E+2	6.766900E+1	1.410000E+0
2.880000E+0	2.210601E-1	7.029798E-6	3.301310E+2	6.766900E+1	1.410000E+0
2.889000E+0	2.210601E-1	7.029798E-6	3.301310E+2	6.766900E+1	1.410000E+0
2.974000E+0	2.304974E-1	5.523413E-6	3.301310E+2	6.766900E+1	1.410000E+0
2.983000E+0	2.304974E-1	5.523413E-6	3.301310E+2	6.766900E+1	1.410000E+0
3.063000E+0	2.320981E-1	3.514899E-6	3.301310E+2	6.766900E+1	1.410000E+0
3.072000E+0	2.320981E-1	3.514899E-6	3.301310E+2	6.766900E+1	1.410000E+0
3.153000E+0	2.376213E-1	-4.519156E-6	3.301310E+2	6.766900E+1	1.410000E+0
3.162000E+0	2.376213E-1	-4.519156E-6	3.301310E+2	6.766900E+1	1.410000E+0
3.274000E+0	2.486474E-1	-8.034055E-6	3.301310E+2	6.766900E+1	1.410000E+0
3.283000E+0	2.486474E-1	-8.034055E-6	3.301310E+2	6.766900E+1	1.410000E+0
3.364000E+0	2.569920E-1	-1.506385E-5	3.301310E+2	6.766900E+1	1.410000E+0
3.373000E+0	2.569920E-1	-1.506385E-5	3.301310E+2	6.766900E+1	1.410000E+0
3.454000E+0	2.651646E-1	-1.857875E-5	3.301310E+2	6.766900E+1	1.410000E+0
3.467000E+0	2.651646E-1	-1.857875E-5	3.301310E+2	6.766900E+1	1.410000E+0
3.550000E+0	2.706796E-1	-4.017028E-6	3.301310E+2	6.766900E+1	1.410000E+0
3.559000E+0	2.706796E-1	-4.017028E-6	3.301310E+2	6.766900E+1	1.410000E+0
3.644000E+0	2.816971E-1	-5.021284E-6	3.301310E+2	6.766900E+1	1.410000E+0
3.653000E+0	2.816971E-1	-5.021284E-6	3.301310E+2	6.766900E+1	1.410000E+0
3.765000E+0	2.903160E-1	-5.021284E-6	3.301310E+2	6.766900E+1	1.410000E+0
3.775000E+0	2.903160E-1	-5.021284E-6	3.301310E+2	6.766900E+1	1.410000E+0
3.854000E+0	2.968767E-1	-1.054470E-5	3.301310E+2	6.766900E+1	1.410000E+0
3.863000E+0	2.968767E-1	-1.054470E-5	3.301310E+2	6.766900E+1	1.410000E+0
3.944000E+0	2.983792E-1	5.021284E-7	3.301310E+2	6.766900E+1	1.410000E+0
3.953000E+0	2.983792E-1	5.021284E-7	3.301310E+2	6.766900E+1	1.410000E+0
4.035000E+0	3.094484E-1	1.104683E-5	3.301310E+2	6.766900E+1	1.410000E+0
4.044000E+0	3.094484E-1	1.104683E-5	3.301310E+2	6.766900E+1	1.410000E+0
4.125000E+0	3.181648E-1	-4.519156E-6	3.301310E+2	6.766900E+1	1.410000E+0
4.134000E+0	3.181648E-1	-4.519156E-6	3.301310E+2	6.766900E+1	1.410000E+0
4.246000E+0	3.295500E-1	5.523413E-6	3.301310E+2	6.766900E+1	1.410000E+0
4.255000E+0	3.295500E-1	5.523413E-6	3.301310E+2	6.766900E+1	1.410000E+0
4.335000E+0	3.315308E-1	6.527670E-6	3.301310E+2	6.766900E+1	1.410000E+0
4.343000E+0	3.315308E-1	6.527670E-6	3.301310E+2	6.766900E+1	1.410000E+0
4.424000E+0	3.425098E-1	-2.008514E-6	3.301310E+2	6.766900E+1	1.410000E+0
4.437000E+0	3.425098E-1	-2.008514E-6	3.301310E+2	6.766900E+1	1.410000E+0
4.521000E+0	3.470863E-1	-1.054470E-5	3.301310E+2	6.766900E+1	1.410000E+0
4.531000E+0	3.470863E-1	-1.054470E-5	3.301310E+2	6.766900E+1	1.410000E+0
4.616000E+0	3.580427E-1	-1.104683E-5	3.301310E+2	6.766900E+1	1.410000E+0
4.625000E+0	3.580427E-1	-1.104683E-5	3.301310E+2	6.766900E+1	1.410000E+0
4.736000E+0	3.590996E-1	-8.034055E-6	3.301310E+2	6.766900E+1	1.410000E+0
4.745000E+0	3.590996E-1	-8.034055E-6	3.301310E+2	6.766900E+1	1.410000E+0
4.825000E+0	3.700995E-1	-8.536184E-6	3.301310E+2	6.766900E+1	1.410000E+0
4.834000E+0	3.700995E-1	-8.536184E-6	3.301310E+2	6.766900E+1	1.410000E+0
4.915000E+0	3.786472E-1	-2.862132E-5	3.301310E+2	6.766900E+1	1.410000E+0
4.924000E+0	3.786472E-1	-2.862132E-5	3.301310E+2	6.766900E+1	1.410000E+0
5.006000E+0	3.901720E-1	2.510642E-6	3.301310E+2	6.766900E+1	1.410000E+0
5.015000E+0	3.901720E-1	2.510642E-6	3.301310E+2	6.766900E+1	1.410000E+0
5.096000E+0	3.920758E-1	-9.540440E-6	3.301310E+2	6.766900E+1	1.410000E+0
5.105000E+0	3.920758E-1	-9.540440E-6	3.301310E+2	6.766900E+1	1.410000E+0
5.217000E+0	4.031065E-1	1.807662E-5	3.301310E+2	6.766900E+1	1.410000E+0
5.227000E+0	4.031065E-1	1.807662E-5	3.301310E+2	6.766900E+1	1.410000E+0
5.306000E+0	4.083777E-1	-1.405960E-5	3.301310E+2	6.766900E+1	1.410000E+0
5.316000E+0	4.083777E-1	-1.405960E-5	3.301310E+2	6.766900E+1	1.410000E+0
5.396000E+0	4.177238E-1	-1.054470E-5	3.301310E+2	6.766900E+1	1.410000E+0
5.405000E+0	4.177238E-1	-1.054470E-5	3.301310E+2	6.766900E+1	1.410000E+0
5.486000E+0	4.196438E-1	-1.305534E-5	3.301310E+2	6.766900E+1	1.410000E+0
5.499000E+0	4.196438E-1	-1.305534E-5	3.301310E+2	6.766900E+1	1.410000E+0
5.582000E+0	4.306146E-1	-2.410217E-5	3.301310E+2	6.766900E+1	1.410000E+0
5.592000E+0	4.306146E-1	-2.410217E-5	3.301310E+2	6.766900E+1	1.410000E+0
5.707000E+0	4.416550E-1	-2.560855E-5	3.301310E+2	6.766900E+1	1.410000E+0
5.716000E+0	4.416550E-1	-2.560855E-5	3.301310E+2	6.766900E+1	1.410000E+0
5.796000E+0	4.500115E-1	-1.405960E-5	3.301310E+2	6.766900E+1	1.410000E+0
5.805000E+0	4.500115E-1	-1.405960E-5	3.301310E+2	6.766900E+1	1.410000E+0
5.886000E+0	4.526689E-1	-1.506385E-5	3.301310E+2	6.766900E+1	1.410000E+0
5.895000E+0	4.526689E-1	-1.506385E-5	3.301310E+2	6.766900E+1	1.410000E+0
5.976000E+0	4.581919E-1	-2.008514E-6	3.301310E+2	6.766900E+1	1.410000E+0
5.985000E+0	4.581919E-1	-2.008514E-6	3.301310E+2	6.766900E+1	1.410000E+0
6.067000E+0	4.692192E-1	-2.058727E-5	3.301310E+2	6.766900E+1	1.410000E+0
6.076000E+0	4.692192E-1	-2.058727E-5	3.301310E+2	6.766900E+1	1.410000E+0
6.188000E+0	4.747064E-1	-3.012771E-5	3.301310E+2	6.766900E+1	1.410000E+0
6.197000E+0	4.747064E-1	-3.012771E-5	3.301310E+2	6.766900E+1	1.410000E+0
6.276000E+0	4.802187E-1	-2.008514E-6	3.301310E+2	6.766900E+1	1.410000E+0
6.285000E+0	4.802187E-1	-2.008514E-6	3.301310E+2	6.766900E+1	1.410000E+0
6.367000E+0	4.863789E-1	-7.029798E-6	3.301310E+2	6.766900E+1	1.410000E+0
6.377000E+0	4.863789E-1	-7.029798E-6	3.301310E+2	6.766900E+1	1.410000E+0
6.457000E+0	5.022676E-1	-9.540440E-6	3.301310E+2	6.766900E+1	1.410000E+0
6.470000E+0	5.022676E-1	-9.540440E-6	3.301310E+2	6.766900E+1	1.410000E+0
6.547000E+0	5.066211E-1	-1.506385E-5	3.301310E+2	6.766900E+1	1.410000E+0
6.556000E+0	5.066211E-1	-1.506385E-5	3.301310E+2	6.766900E+1	1.410000E+0
6.667000E+0	5.169604E-1	-1.205108E-5	3.301310E+2	6.766900E+1	1.410000E+0
6.675000E+0	5.169604E-1	-1.205108E-5	3.301310E+2	6.766900E+1	1.410000E+0
6.758000E+0	5.187979E-1	-2.259578E-5	3.301310E+2	6.766900E+1	1.410000E+0
6.766000E+0	5.187979E-1	-2.259578E-5	3.301310E+2	6.766900E+1	1.410000E+0
6.848000E+0	5.298154E-1	-2.510642E-6	3.301310E+2	6.766900E+1	1.410000E+0
6.857000E+0	5.298154E-1	-2.510642E-6	3.301310E+2	6.766900E+1	1.410000E+0
6.937000E+0	5.379730E-1	-2.159152E-5	3.301310E+2	6.766900E+1	1.410000E+0
6.945000E+0	5.379730E-1	-2.159152E-5	3.301310E+2	6.766900E+1	1.410000E+0
7.026000E+0	5.496372E-1	-1.506385E-5	3.301310E+2	6.766900E+1	1.410000E+0
7.035000E+0	5.496372E-1	-1.506385E-5	3.301310E+2	6.766900E+1	1.410000E+0
7.148000E+0	5.518803E-1	-1.456172E-5	3.301310E+2	6.766900E+1	1.410000E+0
7.156000E+0	5.518803E-1	-1.456172E-5	3.301310E+2	6.766900E+1	1.410000E+0
7.237000E+0	5.628126E-1	-1.707237E-5	3.301310E+2	6.766900E+1	1.410000E+0
7.246000E+0	5.628126E-1	-1.707237E-5	3.301310E+2	6.766900E+1	1.410000E+0
7.327000E+0	5.672802E-1	-1.958301E-5	3.301310E+2	6.766900E+1	1.410000E+0
7.336000E+0	5.672802E-1	-1.958301E-5	3.301310E+2	6.766900E+1	1.410000E+0
7.418000E+0	5.770890E-1	-1.707237E-5	3.301310E+2	6.766900E+1	1.410000E+0
7.426000E+0	5.770890E-1	-1.707237E-5	3.301310E+2	6.766900E+1	1.410000E+0
7.508000E+0	5.793675E-1	-2.912345E-5	3.301310E+2	6.766900E+1	1.410000E+0
7.525000E+0	5.793675E-1	-2.912345E-5	3.301310E+2	6.766900E+1	1.410000E+0
7.639000E+0	5.885925E-1	-1.154875E-5	3.301310E+2	6.766900E+1	1.410000E+0
7.647000E+0	5.885925E-1	-1.154875E-5	3.301310E+2	6.766900E+1	1.410000E+0
7.728000E+0	5.992389E-1	-1.456152E-5	3.301310E+2	6.766900E+1	1.410000E+0
7.737000E+0	5.992389E-1	-1.456152E-5	3.301310E+2	6.766900E+1	1.410000E+0
7.819000E+0	6.074695E-1	-1.054450E-5	3.301310E+2	6.766900E+1	1.410000E+0
7.827000E+0	6.074695E-1	-1.054450E-5	3.301310E+2	6.766900E+1	1.410000E+0
7.908000E+0	6.124085E-1	-2.209345E-5	3.301310E+2	6.766900E+1	1.410000E+0
7.916000E+0	6.124085E-1	-2.209345E-5	3.301310E+2	6.766900E+1	1.410000E+0
7.998000E+0	6.179170E-1	-9.540239E-6	3.301310E+2	6.766900E+1	1.410000E+0
8.007000E+0	6.179170E-1	-9.540239E-6	3.301310E+2	6.766900E+1	1.410000E+0
8.122000E+0	6.269738E-1	-2.661261E-5	3.301310E+2	6.766900E+1	1.410000E+0
8.130000E+0	6.269738E-1	-2.661261E-5	3.301310E+2	6.766900E+1	1.410000E+0
8.214000E+0	6.333272E-1	-2.008494E-5	3.301310E+2	6.766900E+1	1.410000E+0
8.224000E+0	6.333272E-1	-2.008494E-5	3.301310E+2	6.766900E+1	1.410000E+0
8.309000E+0	6.399847E-1	1.004460E-6	3.301310E+2	6.766900E+1	1.410000E+0
8.318000E+0	6.399847E-1	1.004460E-6	3.301310E+2	6.766900E+1	1.410000E+0
8.398000E+0	6.509990E-1	-3.213602E-5	3.301310E+2	6.766900E+1	1.410000E+0
8.408000E+0	6.509990E-1	-3.213602E-5	3.301310E+2	6.766900E+1	1.410000E+0
8.489000E+0	6.620721E-1	-6.025339E-6	3.301310E+2	6.766900E+1	1.410000E+0
8.502000E+0	6.620721E-1	-6.025339E-6	3.301310E+2	6.766900E+1	1.410000E+0
8.616000E+0	6.706384E-1	-9.038110E-6	3.301310E+2	6.766900E+1	1.410000E+0
8.624000E+0	6.706384E-1	-9.038110E-6	3.301310E+2	6.766900E+1	1.410000E+0
8.709000E+0	6.731082E-1	2.008717E-6	3.301310E+2	6.766900E+1	1.410000E+0
8.718000E+0	6.731082E-1	2.008717E-6	3.301310E+2	6.766900E+1	1.410000E+0
8.799000E+0	6.786619E-1	-1.255301E-5	3.301310E+2	6.766900E+1	1.410000E+0
8.808000E+0	6.786619E-1	-1.255301E-5	3.301310E+2	6.766900E+1	1.410000E+0
8.889000E+0	6.896826E-1	1.154916E-5	3.301310E+2	6.766900E+1	1.410000E+0
8.898000E+0	6.896826E-1	1.154916E-5	3.301310E+2	6.766900E+1	1.410000E+0
8.980000E+0	6.986327E-1	-1.004237E-5	3.301310E+2	6.766900E+1	1.410000E+0
8.989000E+0	6.986327E-1	-1.004237E-5	3.301310E+2	6.766900E+1	1.410000E+0
9.100000E+0	7.007017E-1	1.506589E-6	3.301310E+2	6.766900E+1	1.410000E+0
9.109000E+0	7.007017E-1	1.506589E-6	3.301310E+2	6.766900E+1	1.410000E+0
9.190000E+0	7.117387E-1	-1.355727E-5	3.301310E+2	6.766900E+1	1.410000E+0
9.199000E+0	7.117387E-1	-1.355727E-5	3.301310E+2	6.766900E+1	1.410000E+0
9.279000E+0	7.227089E-1	-2.058707E-5	3.301310E+2	6.766900E+1	1.410000E+0
9.288000E+0	7.227089E-1	-2.058707E-5	3.301310E+2	6.766900E+1	1.410000E+0
9.370000E+0	7.270145E-1	-2.410197E-5	3.301310E+2	6.766900E+1	1.410000E+0
9.379000E+0	7.270145E-1	-2.410197E-5	3.301310E+2	6.766900E+1	1.410000E+0
9.460000E+0	7.282602E-1	-7.029596E-6	3.301310E+2	6.766900E+1	1.410000E+0
9.473000E+0	7.282602E-1	-7.029596E-6	3.301310E+2	6.766900E+1	1.410000E+0
9.587000E+0	7.392013E-1	1.355767E-5	3.301310E+2	6.766900E+1	1.410000E+0
9.595000E+0	7.392013E-1	1.355767E-5	3.301310E+2	6.766900E+1	1.410000E+0
9.679000E+0	7.498463E-1	-7.531724E-6	3.301310E+2	6.766900E+1	1.410000E+0
9.688000E+0	7.498463E-1	-7.531724E-6	3.301310E+2	6.766900E+1	1.410000E+0
9.770000E+0	7.590871E-1	6.527874E-6	3.301310E+2	6.766900E+1	1.410000E+0
9.779000E+0	7.590871E-1	6.527874E-6	3.301310E+2	6.766900E+1	1.410000E+0
9.859000E+0	7.659551E-1	-7.531724E-6	3.301310E+2	6.766900E+1	1.410000E+0
9.868000E+0	7.659551E-1	-7.531724E-6	3.301310E+2	6.766900E+1	1.410000E+0
9.950000E+0	7.723047E-1	-8.033853E-6	3.301310E+2	6.766900E+1	1.410000E+0
9.958000E+0	7.723047E-1	-8.033853E-6	3.301310E+2	6.766900E+1	1.410000E+0
1.007200E+1	7.778163E-1	8.536388E-6	3.301310E+2	6.766900E+1	1.410000E+0
1.008100E+1	7.778163E-1	8.536388E-6	3.301310E+2	6.766900E+1	1.410000E+0
1.016000E+1	7.862624E-1	-5.523210E-6	3.301310E+2	6.766900E+1	1.410000E+0
1.016900E+1	7.862624E-1	-5.523210E-6	3.301310E+2	6.766900E+1	1.410000E+0
1.025000E+1	7.967795E-1	-1.908068E-5	3.301310E+2	6.766900E+1	1.410000E+0
1.025900E+1	7.967795E-1	-1.908068E-5	3.301310E+2	6.766900E+1	1.410000E+0
1.034000E+1	7.998497E-1	-3.062964E-5	3.301310E+2	6.766900E+1	1.410000E+0
1.034900E+1	7.998497E-1	-3.062964E-5	3.301310E+2	6.766900E+1	1.410000E+0
1.043000E+1	8.108486E-1	-1.707217E-5	3.301310E+2	6.766900E+1	1.410000E+0
1.044500E+1	8.108486E-1	-1.707217E-5	3.301310E+2	6.766900E+1	1.410000E+0
1.055800E+1	8.197460E-1	-7.531724E-6	3.301310E+2	6.766900E+1	1.410000E+0
1.056700E+1	8.197460E-1	-7.531724E-6	3.301310E+2	6.766900E+1	1.410000E+0
1.065100E+1	8.311771E-1	-9.540239E-6	3.301310E+2	6.766900E+1	1.410000E+0
1.066000E+1	8.311771E-1	-9.540239E-6	3.301310E+2	6.766900E+1	1.410000E+0
1.074100E+1	8.328574E-1	2.510846E-6	3.301310E+2	6.766900E+1	1.410000E+0
1.075000E+1	8.328574E-1	2.510846E-6	3.301310E+2	6.766900E+1	1.410000E+0
1.083000E+1	8.383589E-1	-5.523210E-6	3.301310E+2	6.766900E+1	1.410000E+0
1.083900E+1	8.383589E-1	-5.523210E-6	3.301310E+2	6.766900E+1	1.410000E+0
1.091900E+1	8.467683E-1	-3.514696E-6	3.301310E+2	6.766900E+1	1.410000E+0
1.092900E+1	8.467683E-1	-3.514696E-6	3.301310E+2	6.766900E+1	1.410000E+0
1.104200E+1	8.585631E-1	-1.707217E-5	3.301310E+2	6.766900E+1	1.410000E+0
1.105000E+1	8.585631E-1	-1.707217E-5	3.301310E+2	6.766900E+1	1.410000E+0
1.113100E+1	8.604234E-1	-6.025339E-6	3.301310E+2	6.766900E+1	1.410000E+0
1.113900E+1	8.604234E-1	-6.025339E-6	3.301310E+2	6.766900E+1	1.410000E+0
1.122100E+1	8.714150E-1	5.523617E-6	3.301310E+2	6.766900E+1	1.410000E+0
1.123000E+1	8.714150E-1	5.523617E-6	3.301310E+2	6.766900E+1	1.410000E+0
1.131000E+1	8.766167E-1	-1.255301E-5	3.301310E+2	6.766900E+1	1.410000E+0
1.131900E+1	8.766167E-1	-1.255301E-5	3.301310E+2	6.766900E+1	1.410000E+0
1.140000E+1	8.871013E-1	-2.359984E-5	3.301310E+2	6.766900E+1	1.410000E+0
1.140900E+1	8.871013E-1	-2.359984E-5	3.301310E+2	6.766900E+1	1.410000E+0
1.152200E+1	8.879848E-1	-1.958281E-5	3.301310E+2	6.766900E+1	1.410000E+0
1.153500E+1	8.879848E-1	-1.958281E-5	3.301310E+2	6.766900E+1	1.410000E+0
1.161800E+1	8.989867E-1	-2.510622E-5	3.301310E+2	6.766900E+1	1.410000E+0
1.162600E+1	8.989867E-1	-2.510622E-5	3.301310E+2	6.766900E+1	1.410000E+0
1.171100E+1	9.100353E-1	-1.456152E-5	3.301310E+2	6.766900E+1	1.410000E+0
1.172000E+1	9.100353E-1	-1.456152E-5	3.301310E+2	6.766900E+1	1.410000E+0
1.180100E+1	9.186181E-1	-2.209345E-5	3.301310E+2	6.766900E+1	1.410000E+0
1.180900E+1	9.186181E-1	-2.209345E-5	3.301310E+2	6.766900E+1	1.410000E+0
1.189100E+1	9.209632E-1	-1.054450E-5	3.301310E+2	6.766900E+1	1.410000E+0
1.189900E+1	9.209632E-1	-1.054450E-5	3.301310E+2	6.766900E+1	1.410000E+0
1.201300E+1	9.319803E-1	-2.159132E-5	3.301310E+2	6.766900E+1	1.410000E+0
1.202200E+1	9.319803E-1	-2.159132E-5	3.301310E+2	6.766900E+1	1.410000E+0
1.210100E+1	9.430283E-1	-1.707217E-5	3.301310E+2	6.766900E+1	1.410000E+0
1.211000E+1	9.430283E-1	-1.707217E-5	3.301310E+2	6.766900E+1	1.410000E+0
1.219100E+1	9.473987E-1	-1.757429E-5	3.301310E+2	6.766900E+1	1.410000E+0
1.219900E+1	9.473987E-1	-1.757429E-5	3.301310E+2	6.766900E+1	1.410000E+0
1.228100E+1	9.485292E-1	-8.033853E-6	3.301310E+2	6.766900E+1	1.410000E+0
1.229000E+1	9.485292E-1	-8.033853E-6	3.301310E+2	6.766900E+1	1.410000E+0
1.237100E+1	9.595140E-1	-1.255301E-5	3.301310E+2	6.766900E+1	1.410000E+0
1.238100E+1	9.595140E-1	-1.255301E-5	3.301310E+2	6.766900E+1	1.410000E+0
1.249400E+1	9.705508E-1	1.205129E-5	3.301310E+2	6.766900E+1	1.410000E+0
1.250800E+1	9.705508E-1	1.205129E-5	3.301310E+2	6.766900E+1	1.410000E+0
1.259100E+1	9.815280E-1	-5.021082E-6	3.301310E+2	6.766900E+1	1.410000E+0
1.260000E+1	9.815280E-1	-5.021082E-6	3.301310E+2	6.766900E+1	1.410000E+0
1.268100E+1	9.815807E-1	-9.540239E-6	3.301310E+2	6.766900E+1	1.410000E+0
1.269000E+1	9.815807E-1	-9.540239E-6	3.301310E+2	6.766900E+1	1.410000E+0
1.277200E+1	9.926113E-1	-5.019252E-7	3.301310E+2	6.766900E+1	1.410000E+0
1.278100E+1	9.926113E-1	-5.019252E-7	3.301310E+2	6.766900E+1	1.410000E+0
1.286100E+1	9.981391E-1	-6.025339E-6	3.301310E+2	6.766900E+1	1.410000E+0
1.287000E+1	9.981391E-1	-6.025339E-6	3.301310E+2	6.766900E+1	1.410000E+0
1.298200E+1	1.003499E+0	-2.510439E-6	3.301310E+2	6.766900E+1	1.410000E+0
1.299100E+1	1.003499E+0	-2.510439E-6	3.301310E+2	6.766900E+1	1.410000E+0
1.307200E+1	1.017771E+0	-6.527467E-6	3.301310E+2	6.766900E+1	1.410000E+0
1.308100E+1	1.017771E+0	-6.527467E-6	3.301310E+2	6.766900E+1	1.410000E+0
1.316200E+1	1.020390E+0	7.532131E-6	3.301310E+2	6.766900E+1	1.410000E+0
1.317100E+1	1.020390E+0	7.532131E-6	3.301310E+2	6.766900E+1	1.410000E+0
1.325200E+1	1.031425E+0	-6.527467E-6	3.301310E+2	6.766900E+1	1.410000E+0
1.326000E+1	1.031425E+0	-6.527467E-6	3.301310E+2	6.766900E+1	1.410000E+0
1.334200E+1	1.039841E+0	-3.866369E-5	3.301310E+2	6.766900E+1	1.410000E+0
1.335100E+1	1.039841E+0	-3.866369E-5	3.301310E+2	6.766900E+1	1.410000E+0
1.346300E+1	1.046662E+0	-1.456152E-5	3.301310E+2	6.766900E+1	1.410000E+0
1.347600E+1	1.046662E+0	-1.456152E-5	3.301310E+2	6.766900E+1	1.410000E+0
1.355900E+1	1.047940E+0	-8.535982E-6	3.301310E+2	6.766900E+1	1.410000E+0
1.356800E+1	1.047940E+0	-8.535982E-6	3.301310E+2	6.766900E+1	1.410000E+0
1.365200E+1	1.058978E+0	-8.033853E-6	3.301310E+2	6.766900E+1	1.410000E+0
1.366000E+1	1.058978E+0	-8.033853E-6	3.301310E+2	6.766900E+1	1.410000E+0
1.374200E+1	1.067545E+0	-9.038110E-6	3.301310E+2	6.766900E+1	1.410000E+0
1.375100E+1	1.067545E+0	-9.038110E-6	3.301310E+2	6.766900E+1	1.410000E+0
1.383300E+1	1.078996E+0	-2.410197E-5	3.301310E+2	6.766900E+1	1.410000E+0
1.384100E+1	1.078996E+0	-2.410197E-5	3.301310E+2	6.766900E+1	1.410000E+0
1.395300E+1	1.081030E+0	-2.510439E-6	3.301310E+2	6.766900E+1	1.410000E+0
1.396100E+1	1.081030E+0	-2.510439E-6	3.301310E+2	6.766900E+1	1.410000E+0
1.404300E+1	1.091940E+0	1.004460E-6	3.301310E+2	6.766900E+1	1.410000E+0
1.405200E+1	1.091940E+0	1.004460E-6	3.301310E+2	6.766900E+1	1.410000E+0
1.413300E+1	1.100149E+0	-2.209345E-5	3.301310E+2	6.766900E+1	1.410000E+0
1.414200E+1	1.100149E+0	-2.209345E-5	3.301310E+2	6.766900E+1	1.410000E+0
1.422200E+1	1.107455E+0	-1.305514E-5	3.301310E+2	6.766900E+1	1.410000E+0
1.423100E+1	1.107455E+0	-1.305514E-5	3.301310E+2	6.766900E+1	1.410000E+0
1.431300E+1	1.108535E+0	-1.054450E-5	3.301310E+2	6.766900E+1	1.410000E+0
1.432100E+1	1.108535E+0	-1.054450E-5	3.301310E+2	6.766900E+1	1.410000E+0
1.443300E+1	1.117908E+0	-1.807642E-5	3.301310E+2	6.766900E+1	1.410000E+0
1.444700E+1	1.117908E+0	-1.807642E-5	3.301310E+2	6.766900E+1	1.410000E+0
1.453300E+1	1.130592E+0	-3.012751E-5	3.301310E+2	6.766900E+1	1.410000E+0
1.454200E+1	1.130592E+0	-3.012751E-5	3.301310E+2	6.766900E+1	1.410000E+0
1.462200E+1	1.138460E+0	-5.322542E-5	3.301310E+2	6.766900E+1	1.410000E+0
1.463100E+1	1.138460E+0	-5.322542E-5	3.301310E+2	6.766900E+1	1.410000E+0
1.471300E+1	1.141582E+0	-3.163389E-5	3.301310E+2	6.766900E+1	1.410000E+0
1.472200E+1	1.141582E+0	-3.163389E-5	3.301310E+2	6.766900E+1	1.410000E+0
1.480200E+1	1.147683E+0	-3.062964E-5	3.301310E+2	6.766900E+1	1.410000E+0
1.481100E+1	1.147683E+0	-3.062964E-5	3.301310E+2	6.766900E+1	1.410000E+0
1.492500E+1	1.158109E+0	-2.811899E-5	3.301310E+2	6.766900E+1	1.410000E+0
1.493500E+1	1.158109E+0	-2.811899E-5	3.301310E+2	6.766900E+1	1.410000E+0
1.501900E+1	1.163616E+0	-3.062964E-5	3.301310E+2	6.766900E+1	1.410000E+0
1.502800E+1	1.163616E+0	-3.062964E-5	3.301310E+2	6.766900E+1	1.410000E+0
1.511300E+1	1.169132E+0	-3.414454E-5	3.301310E+2	6.766900E+1	1.410000E+0
1.512200E+1	1.169132E+0	-3.414454E-5	3.301310E+2	6.766900E+1	1.410000E+0
1.520300E+1	1.180093E+0	-2.711474E-5	3.301310E+2	6.766900E+1	1.410000E+0
1.521200E+1	1.180093E+0	-2.711474E-5	3.301310E+2	6.766900E+1	1.410000E+0
1.529400E+1	1.191135E+0	-1.405940E-5	3.301310E+2	6.766900E+1	1.410000E+0
1.530300E+1	1.191135E+0	-1.405940E-5	3.301310E+2	6.766900E+1	1.410000E+0
1.541400E+1	1.199735E+0	-3.414454E-5	3.301310E+2	6.766900E+1	1.410000E+0
1.542300E+1	1.199735E+0	-3.414454E-5	3.301310E+2	6.766900E+1	1.410000E+0
1.550700E+1	1.202153E+0	-3.916582E-5	3.301310E+2	6.766900E+1	1.410000E+0
1.552300E+1	1.202153E+0	-3.916582E-5	3.301310E+2	6.766900E+1	1.410000E+0
1.560900E+1	1.207688E+0	-2.008494E-5	3.301310E+2	6.766900E+1	1.410000E+0
1.561700E+1	1.207688E+0	-2.008494E-5	3.301310E+2	6.766900E+1	1.410000E+0
1.570300E+1	1.218727E+0	-3.213602E-5	3.301310E+2	6.766900E+1	1.410000E+0
1.571200E+1	1.218727E+0	-3.213602E-5	3.301310E+2	6.766900E+1	1.410000E+0
1.579400E+1	1.227307E+0	-3.163389E-5	3.301310E+2	6.766900E+1	1.410000E+0
1.580300E+1	1.227307E+0	-3.163389E-5	3.301310E+2	6.766900E+1	1.410000E+0
1.591400E+1	1.229722E+0	-2.811899E-5	3.301310E+2	6.766900E+1	1.410000E+0
1.592300E+1	1.229722E+0	-2.811899E-5	3.301310E+2	6.766900E+1	1.410000E+0
1.600300E+1	1.240740E+0	-2.962538E-5	3.301310E+2	6.766900E+1	1.410000E+0
1.601200E+1	1.240740E+0	-2.962538E-5	3.301310E+2	6.766900E+1	1.410000E+0
1.609300E+1	1.251771E+0	-2.309771E-5	3.301310E+2	6.766900E+1	1.410000E+0
1.610300E+1	1.251771E+0	-2.309771E-5	3.301310E+2	6.766900E+1	1.410000E+0
1.618300E+1	1.260123E+0	-3.665518E-5	3.301310E+2	6.766900E+1	1.410000E+0
1.619200E+1	1.260123E+0	-3.665518E-5	3.301310E+2	6.766900E+1	1.410000E+0
1.627200E+1	1.267041E+0	-1.857855E-5	3.301310E+2	6.766900E+1	1.410000E+0
1.628100E+1	1.267041E+0	-1.857855E-5	3.301310E+2	6.766900E+1	1.410000E+0
1.639300E+1	1.268215E+0	-3.715731E-5	3.301310E+2	6.766900E+1	1.410000E+0
1.640300E+1	1.268215E+0	-3.715731E-5	3.301310E+2	6.766900E+1	1.410000E+0
1.648400E+1	1.279223E+0	-1.456152E-5	3.301310E+2	6.766900E+1	1.410000E+0
1.649700E+1	1.279223E+0	-1.456152E-5	3.301310E+2	6.766900E+1	1.410000E+0
1.658100E+1	1.288176E+0	-3.514696E-6	3.301310E+2	6.766900E+1	1.410000E+0
1.659000E+1	1.288176E+0	-3.514696E-6	3.301310E+2	6.766900E+1	1.410000E+0
1.667300E+1	1.298173E+0	-4.067221E-5	3.301310E+2	6.766900E+1	1.410000E+0
1.668200E+1	1.298173E+0	-4.067221E-5	3.301310E+2	6.766900E+1	1.410000E+0
1.676400E+1	1.301295E+0	-3.665518E-5	3.301310E+2	6.766900E+1	1.410000E+0
1.677300E+1	1.301295E+0	-3.665518E-5	3.301310E+2	6.766900E+1	1.410000E+0
1.688500E+1	1.307368E+0	6.265597E-10	3.301310E+2	6.766900E+1	1.410000E+0
1.689400E+1	1.307368E+0	6.265597E-10	3.301310E+2	6.766900E+1	1.410000E+0
1.697400E+1	1.316745E+0	-2.711432E-5	3.301310E+2	6.766900E+1	1.410000E+0
1.698300E+1	1.316745E+0	-2.711432E-5	3.301310E+2	6.766900E+1	1.410000E+0
1.706300E+1	1.323075E+0	-3.113135E-5	3.301310E+2	6.766900E+1	1.410000E+0
1.707200E+1	1.323075E+0	-3.113135E-5	3.301310E+2	6.766900E+1	1.410000E+0
1.715400E+1	1.328847E+0	-5.272288E-5	3.301310E+2	6.766900E+1	1.410000E+0
1.716300E+1	1.328847E+0	-5.272288E-5	3.301310E+2	6.766900E+1	1.410000E+0
1.724400E+1	1.339864E+0	-1.807601E-5	3.301310E+2	6.766900E+1	1.410000E+0
1.725300E+1	1.339864E+0	-1.807601E-5	3.301310E+2	6.766900E+1	1.410000E+0
1.736400E+1	1.348462E+0	-2.259516E-5	3.301310E+2	6.766900E+1	1.410000E+0
1.737200E+1	1.348462E+0	-2.259516E-5	3.301310E+2	6.766900E+1	1.410000E+0
1.745400E+1	1.359810E+0	-2.661219E-5	3.301310E+2	6.766900E+1	1.410000E+0
1.746700E+1	1.359810E+0	-2.661219E-5	3.301310E+2	6.766900E+1	1.410000E+0
1.755000E+1	1.362354E+0	-7.029175E-6	3.301310E+2	6.766900E+1	1.410000E+0
1.755900E+1	1.362354E+0	-7.029175E-6	3.301310E+2	6.766900E+1	1.410000E+0
1.764400E+1	1.373425E+0	-1.405898E-5	3.301310E+2	6.766900E+1	1.410000E+0
1.765300E+1	1.373425E+0	-1.405898E-5	3.301310E+2	6.766900E+1	1.410000E+0
1.773400E+1	1.377372E+0	-3.615264E-5	3.301310E+2	6.766900E+1	1.410000E+0
1.774300E+1	1.377372E+0	-3.615264E-5	3.301310E+2	6.766900E+1	1.410000E+0
1.785700E+1	1.387509E+0	3.163473E-5	3.301310E+2	6.766900E+1	1.410000E+0
1.786500E+1	1.387509E+0	3.163473E-5	3.301310E+2	6.766900E+1	1.410000E+0
1.794400E+1	1.389969E+0	4.418795E-5	3.301310E+2	6.766900E+1	1.410000E+0
1.795300E+1	1.389969E+0	4.418795E-5	3.301310E+2	6.766900E+1	1.410000E+0
1.803400E+1	1.400961E+0	1.029370E-4	3.301310E+2	6.766900E+1	1.410000E+0
1.804300E+1	1.400961E+0	1.029370E-4	3.301310E+2	6.766900E+1	1.410000E+0
1.812400E+1	1.410382E+0	1.471243E-4	3.301310E+2	6.766900E+1	1.410000E+0
1.813200E+1	1.410382E+0	1.471243E-4	3.301310E+2	6.766900E+1	1.410000E+0
1.821400E+1	1.421144E+0	2.264607E-4	3.301310E+2	6.766900E+1	1.410000E+0
1.822300E+1	1.421144E+0	2.264607E-4	3.301310E+2	6.766900E+1	1.410000E+0
1.833500E+1	1.423031E+0	2.721544E-4	3.301310E+2	6.766900E+1	1.410000E+0
1.834400E+1	1.423031E+0	2.721544E-4	3.301310E+2	6.766900E+1	1.410000E+0
1.842400E+1	1.428553E+0	3.334141E-4	3.301310E+2	6.766900E+1	1.410000E+0
1.843600E+1	1.428553E+0	3.334141E-4	3.301310E+2	6.766900E+1	1.410000E+0
1.852100E+1	1.439590E+0	4.473973E-4	3.301310E+2	6.766900E+1	1.410000E+0
1.853000E+1	1.439590E+0	4.473973E-4	3.301310E+2	6.766900E+1	1.410000E+0
1.861400E+1	1.449472E+0	5.428017E-4	3.301310E+2	6.766900E+1	1.410000E+0
1.862300E+1	1.449472E+0	5.428017E-4	3.301310E+2	6.766900E+1	1.410000E+0
1.870500E+1	1.450539E+0	5.513379E-4	3.301310E+2	6.766900E+1	1.410000E+0
1.871300E+1	1.450539E+0	5.513379E-4	3.301310E+2	6.766900E+1	1.410000E+0
1.882500E+1	1.461574E+0	7.115169E-4	3.301310E+2	6.766900E+1	1.410000E+0
1.883400E+1	1.461574E+0	7.115169E-4	3.301310E+2	6.766900E+1	1.410000E+0
1.891400E+1	1.472585E+0	8.485981E-4	3.301310E+2	6.766900E+1	1.410000E+0
1.892400E+1	1.472585E+0	8.485981E-4	3.301310E+2	6.766900E+1	1.410000E+0
1.900400E+1	1.476879E+0	9.038322E-4	3.301310E+2	6.766900E+1	1.410000E+0
1.901400E+1	1.476879E+0	9.038322E-4	3.301310E+2	6.766900E+1	1.410000E+0
1.909400E+1	1.478118E+0	9.128705E-4	3.301310E+2	6.766900E+1	1.410000E+0
1.910300E+1	1.478118E+0	9.128705E-4	3.301310E+2	6.766900E+1	1.410000E+0
1.918500E+1	1.489099E+0	1.060496E-3	3.301310E+2	6.766900E+1	1.410000E+0
1.919400E+1	1.489099E+0	1.060496E-3	3.301310E+2	6.766900E+1	1.410000E+0
1.930600E+1	1.500123E+0	1.225195E-3	3.301310E+2	6.766900E+1	1.410000E+0
1.931500E+1	1.500123E+0	1.225195E-3	3.301310E+2	6.766900E+1	1.410000E+0
1.939500E+1	1.508888E+0	1.374327E-3	3.301310E+2	6.766900E+1	1.410000E+0
1.940400E+1	1.508888E+0	1.374327E-3	3.301310E+2	6.766900E+1	1.410000E+0
1.948500E+1	1.520016E+0	1.553587E-3	3.301310E+2	6.766900E+1	1.410000E+0
1.949800E+1	1.520016E+0	1.553587E-3	3.301310E+2	6.766900E+1	1.410000E+0
1.958100E+1	1.522195E+0	1.611834E-3	3.301310E+2	6.766900E+1	1.410000E+0
1.958900E+1	1.522195E+0	1.611834E-3	3.301310E+2	6.766900E+1	1.410000E+0
1.967500E+1	1.533141E+0	1.782557E-3	3.301310E+2	6.766900E+1	1.410000E+0
1.968400E+1	1.533141E+0	1.782557E-3	3.301310E+2	6.766900E+1	1.410000E+0
1.979600E+1	1.535843E+0	1.840804E-3	3.301310E+2	6.766900E+1	1.410000E+0
1.980500E+1	1.535843E+0	1.840804E-3	3.301310E+2	6.766900E+1	1.410000E+0
1.988500E+1	1.546901E+0	2.023579E-3	3.301310E+2	6.766900E+1	1.410000E+0
1.989300E+1	1.546901E+0	2.023579E-3	3.301310E+2	6.766900E+1	1.410000E+0
1.997500E+1	1.549726E+0	2.090864E-3	3.301310E+2	6.766900E+1	1.410000E+0
1.998400E+1	1.549726E+0	2.090864E-3	3.301310E+2	6.766900E+1	1.410000E+0
2.006600E+1	1.560740E+0	2.278158E-3	3.301310E+2	6.766900E+1	1.410000E+0
2.007400E+1	1.560740E+0	2.278158E-3	3.301310E+2	6.766900E+1	1.410000E+0
2.015500E+1	1.569340E+0	2.432814E-3	3.301310E+2	6.766900E+1	1.410000E+0
2.016400E+1	1.569340E+0	2.432814E-3	3.301310E+2	6.766900E+1	1.410000E+0
2.027600E+1	1.580968E+0	2.653249E-3	3.301310E+2	6.766900E+1	1.410000E+0
2.028500E+1	1.580968E+0	2.653249E-3	3.301310E+2	6.766900E+1	1.410000E+0
2.036500E+1	1.582782E+0	2.723044E-3	3.301310E+2	6.766900E+1	1.410000E+0
2.037400E+1	1.582782E+0	2.723044E-3	3.301310E+2	6.766900E+1	1.410000E+0
2.045500E+1	1.588285E+0	2.834517E-3	3.301310E+2	6.766900E+1	1.410000E+0
2.046800E+1	1.588285E+0	2.834517E-3	3.301310E+2	6.766900E+1	1.410000E+0
2.055200E+1	1.596805E+0	3.085079E-3	3.301310E+2	6.766900E+1	1.410000E+0
2.056000E+1	1.596805E+0	3.085079E-3	3.301310E+2	6.766900E+1	1.410000E+0
2.064500E+1	1.609139E+0	3.311037E-3	3.301310E+2	6.766900E+1	1.410000E+0
2.065400E+1	1.609139E+0	3.311037E-3	3.301310E+2	6.766900E+1	1.410000E+0
2.076600E+1	1.610340E+0	3.375310E-3	3.301310E+2	6.766900E+1	1.410000E+0
2.077400E+1	1.610340E+0	3.375310E-3	3.301310E+2	6.766900E+1	1.410000E+0
2.085500E+1	1.621262E+0	3.651480E-3	3.301310E+2	6.766900E+1	1.410000E+0
2.086400E+1	1.621262E+0	3.651480E-3	3.301310E+2	6.766900E+1	1.410000E+0
2.094400E+1	1.629758E+0	3.906060E-3	3.301310E+2	6.766900E+1	1.410000E+0
2.095300E+1	1.629758E+0	3.906060E-3	3.301310E+2	6.766900E+1	1.410000E+0
2.103400E+1	1.641029E+0	4.262069E-3	3.301310E+2	6.766900E+1	1.410000E+0
2.104400E+1	1.641029E+0	4.262069E-3	3.301310E+2	6.766900E+1	1.410000E+0
2.112600E+1	1.643316E+0	4.381575E-3	3.301310E+2	6.766900E+1	1.410000E+0
2.113500E+1	1.643316E+0	4.381575E-3	3.301310E+2	6.766900E+1	1.410000E+0
2.124700E+1	1.647784E+0	4.545771E-3	3.301310E+2	6.766900E+1	1.410000E+0
2.125600E+1	1.647784E+0	4.545771E-3	3.301310E+2	6.766900E+1	1.410000E+0
2.133600E+1	1.659867E+0	4.990657E-3	3.301310E+2	6.766900E+1	1.410000E+0
2.134400E+1	1.659867E+0	4.990657E-3	3.301310E+2	6.766900E+1	1.410000E+0
2.142500E+1	1.667622E+0	5.338633E-3	3.301310E+2	6.766900E+1	1.410000E+0
2.143800E+1	1.667622E+0	5.338633E-3	3.301310E+2	6.766900E+1	1.410000E+0
2.152200E+1	1.670859E+0	5.527433E-3	3.301310E+2	6.766900E+1	1.410000E+0
2.153100E+1	1.670859E+0	5.527433E-3	3.301310E+2	6.766900E+1	1.410000E+0
2.161500E+1	1.681889E+0	6.050651E-3	3.301310E+2	6.766900E+1	1.410000E+0
2.162400E+1	1.681889E+0	6.050651E-3	3.301310E+2	6.766900E+1	1.410000E+0
2.173800E+1	1.692916E+0	6.618559E-3	3.301310E+2	6.766900E+1	1.410000E+0
2.174700E+1	1.692916E+0	6.618559E-3	3.301310E+2	6.766900E+1	1.410000E+0
2.182600E+1	1.695681E+0	6.843512E-3	3.301310E+2	6.766900E+1	1.410000E+0
2.183500E+1	1.695681E+0	6.843512E-3	3.301310E+2	6.766900E+1	1.410000E+0
2.191600E+1	1.698435E+0	7.082525E-3	3.301310E+2	6.766900E+1	1.410000E+0
2.192400E+1	1.698435E+0	7.082525E-3	3.301310E+2	6.766900E+1	1.410000E+0
2.200600E+1	1.709612E+0	7.725250E-3	3.301310E+2	6.766900E+1	1.410000E+0
2.201400E+1	1.709612E+0	7.725250E-3	3.301310E+2	6.766900E+1	1.410000E+0
2.209500E+1	1.720671E+0	8.475933E-3	3.301310E+2	6.766900E+1	1.410000E+0
2.210400E+1	1.720671E+0	8.475933E-3	3.301310E+2	6.766900E+1	1.410000E+0
2.221900E+1	1.729292E+0	9.152300E-3	3.301310E+2	6.766900E+1	1.410000E+0
2.222800E+1	1.729292E+0	9.152300E-3	3.301310E+2	6.766900E+1	1.410000E+0
2.231300E+1	1.731706E+0	9.477679E-3	3.301310E+2	6.766900E+1	1.410000E+0
2.232200E+1	1.731706E+0	9.477679E-3	3.301310E+2	6.766900E+1	1.410000E+0
2.240600E+1	1.742758E+0	1.039356E-2	3.301310E+2	6.766900E+1	1.410000E+0
2.241600E+1	1.742758E+0	1.039356E-2	3.301310E+2	6.766900E+1	1.410000E+0
2.249500E+1	1.748273E+0	1.089167E-2	3.301310E+2	6.766900E+1	1.410000E+0
2.250900E+1	1.748273E+0	1.089167E-2	3.301310E+2	6.766900E+1	1.410000E+0
2.259300E+1	1.757290E+0	1.187082E-2	3.301310E+2	6.766900E+1	1.410000E+0
2.260200E+1	1.757290E+0	1.187082E-2	3.301310E+2	6.766900E+1	1.410000E+0
2.271700E+1	1.769609E+0	1.284947E-2	3.301310E+2	6.766900E+1	1.410000E+0
2.272600E+1	1.769609E+0	1.284947E-2	3.301310E+2	6.766900E+1	1.410000E+0
2.280600E+1	1.770304E+0	1.300061E-2	3.301310E+2	6.766900E+1	1.410000E+0
2.281600E+1	1.770304E+0	1.300061E-2	3.301310E+2	6.766900E+1	1.410000E+0
2.289700E+1	1.781301E+0	1.407919E-2	3.301310E+2	6.766900E+1	1.410000E+0
2.290600E+1	1.781301E+0	1.407919E-2	3.301310E+2	6.766900E+1	1.410000E+0
2.298600E+1	1.790236E+0	1.506035E-2	3.301310E+2	6.766900E+1	1.410000E+0
2.299400E+1	1.790236E+0	1.506035E-2	3.301310E+2	6.766900E+1	1.410000E+0
2.307600E+1	1.800666E+0	1.633174E-2	3.301310E+2	6.766900E+1	1.410000E+0
2.308500E+1	1.800666E+0	1.633174E-2	3.301310E+2	6.766900E+1	1.410000E+0
2.319700E+1	1.803263E+0	1.675001E-2	3.301310E+2	6.766900E+1	1.410000E+0
2.320600E+1	1.803263E+0	1.675001E-2	3.301310E+2	6.766900E+1	1.410000E+0
2.328700E+1	1.808630E+0	1.747910E-2	3.301310E+2	6.766900E+1	1.410000E+0
2.329600E+1	1.808630E+0	1.747910E-2	3.301310E+2	6.766900E+1	1.410000E+0
2.337700E+1	1.817301E+0	1.858780E-2	3.301310E+2	6.766900E+1	1.410000E+0
2.338500E+1	1.817301E+0	1.858780E-2	3.301310E+2	6.766900E+1	1.410000E+0
2.346700E+1	1.824721E+0	1.964327E-2	3.301310E+2	6.766900E+1	1.410000E+0
2.348000E+1	1.824721E+0	1.964327E-2	3.301310E+2	6.766900E+1	1.410000E+0
2.356300E+1	1.830818E+0	2.053556E-2	3.301310E+2	6.766900E+1	1.410000E+0
2.357200E+1	1.830818E+0	2.053556E-2	3.301310E+2	6.766900E+1	1.410000E+0
2.368700E+1	1.841799E+0	2.212730E-2	3.301310E+2	6.766900E+1	1.410000E+0
2.369600E+1	1.841799E+0	2.212730E-2	3.301310E+2	6.766900E+1	1.410000E+0
2.377600E+1	1.850248E+0	2.361009E-2	3.301310E+2	6.766900E+1	1.410000E+0
2.378500E+1	1.850248E+0	2.361009E-2	3.301310E+2	6.766900E+1	1.410000E+0
2.386600E+1	1.854694E+0	2.445316E-2	3.301310E+2	6.766900E+1	1.410000E+0
2.387500E+1	1.854694E+0	2.445316E-2	3.301310E+2	6.766900E+1	1.410000E+0
2.395600E+1	1.858362E+0	2.524904E-2	3.301310E+2	6.766900E+1	1.410000E+0
2.396500E+1	1.858362E+0	2.524904E-2	3.301310E+2	6.766900E+1	1.410000E+0
2.404700E+1	1.869380E+0	2.714106E-2	3.301310E+2	6.766900E+1	1.410000E+0
2.405500E+1	1.869380E+0	2.714106E-2	3.301310E+2	6.766900E+1	1.410000E+0
2.416800E+1	1.878167E+0	2.878553E-2	3.301310E+2	6.766900E+1	1.410000E+0
2.417600E+1	1.878167E+0	2.878553E-2	3.301310E+2	6.766900E+1	1.410000E+0
2.425700E+1	1.887698E+0	3.077597E-2	3.301310E+2	6.766900E+1	1.410000E+0
2.426600E+1	1.887698E+0	3.077597E-2	3.301310E+2	6.766900E+1	1.410000E+0
2.434700E+1	1.891392E+0	3.172600E-2	3.301310E+2	6.766900E+1	1.410000E+0
2.435600E+1	1.891392E+0	3.172600E-2	3.301310E+2	6.766900E+1	1.410000E+0
2.443700E+1	1.902424E+0	3.393536E-2	3.301310E+2	6.766900E+1	1.410000E+0
2.445000E+1	1.902424E+0	3.393536E-2	3.301310E+2	6.766900E+1	1.410000E+0
2.453400E+1	1.913448E+0	3.641638E-2	3.301310E+2	6.766900E+1	1.410000E+0
2.454200E+1	1.913448E+0	3.641638E-2	3.301310E+2	6.766900E+1	1.410000E+0
2.465900E+1	1.918210E+0	3.761848E-2	3.301310E+2	6.766900E+1	1.410000E+0
2.466900E+1	1.918210E+0	3.761848E-2	3.301310E+2	6.766900E+1	1.410000E+0
2.475400E+1	1.918955E+0	3.810554E-2	3.301310E+2	6.766900E+1	1.410000E+0
2.476300E+1	1.918955E+0	3.810554E-2	3.301310E+2	6.766900E+1	1.410000E+0
2.484700E+1	1.929958E+0	4.067242E-2	3.301310E+2	6.766900E+1	1.410000E+0
2.485600E+1	1.929958E+0	4.067242E-2	3.301310E+2	6.766900E+1	1.410000E+0
2.493700E+1	1.940976E+0	4.349589E-2	3.301310E+2	6.766900E+1	1.410000E+0
2.494600E+1	1.940976E+0	4.349589E-2	3.301310E+2	6.766900E+1	1.410000E+0
2.502800E+1	1.950079E+0	4.606830E-2	3.301310E+2	6.766900E+1	1.410000E+0
2.503700E+1	1.950079E+0	4.606830E-2	3.301310E+2	6.766900E+1	1.410000E+0
2.514700E+1	1.952000E+0	4.691087E-2	3.301310E+2	6.766900E+1	1.410000E+0
2.515600E+1	1.952000E+0	4.691087E-2	3.301310E+2	6.766900E+1	1.410000E+0
2.523600E+1	1.963041E+0	5.021638E-2	3.301310E+2	6.766900E+1	1.410000E+0
2.524500E+1	1.963041E+0	5.021638E-2	3.301310E+2	6.766900E+1	1.410000E+0
2.532700E+1	1.966069E+0	5.137178E-2	3.301310E+2	6.766900E+1	1.410000E+0
2.533600E+1	1.966069E+0	5.137178E-2	3.301310E+2	6.766900E+1	1.410000E+0
2.541700E+1	1.977641E+0	5.515281E-2	3.301310E+2	6.766900E+1	1.410000E+0
2.542600E+1	1.977641E+0	5.515281E-2	3.301310E+2	6.766900E+1	1.410000E+0
2.550600E+1	1.979517E+0	5.620125E-2	3.301310E+2	6.766900E+1	1.410000E+0
2.552200E+1	1.979517E+0	5.620125E-2	3.301310E+2	6.766900E+1	1.410000E+0
2.563700E+1	1.990530E+0	6.004505E-2	3.301310E+2	6.766900E+1	1.410000E+0
2.564600E+1	1.990530E+0	6.004505E-2	3.301310E+2	6.766900E+1	1.410000E+0
2.572600E+1	2.001562E+0	6.435381E-2	3.301310E+2	6.766900E+1	1.410000E+0
2.573500E+1	2.001562E+0	6.435381E-2	3.301310E+2	6.766900E+1	1.410000E+0
2.581700E+1	2.011003E+0	6.823678E-2	3.301310E+2	6.766900E+1	1.410000E+0
2.582600E+1	2.011003E+0	6.823678E-2	3.301310E+2	6.766900E+1	1.410000E+0
2.590600E+1	2.016792E+0	7.093421E-2	3.301310E+2	6.766900E+1	1.410000E+0
2.591600E+1	2.016792E+0	7.093421E-2	3.301310E+2	6.766900E+1	1.410000E+0
2.599700E+1	2.018071E+0	7.199672E-2	3.301310E+2	6.766900E+1	1.410000E+0
2.600600E+1	2.018071E+0	7.199672E-2	3.301310E+2	6.766900E+1	1.410000E+0
2.611800E+1	2.029092E+0	7.665547E-2	3.301310E+2	6.766900E+1	1.410000E+0
2.612700E+1	2.029092E+0	7.665547E-2	3.301310E+2	6.766900E+1	1.410000E+0
2.620600E+1	2.038012E+0	8.091753E-2	3.301310E+2	6.766900E+1	1.410000E+0
2.621500E+1	2.038012E+0	8.091753E-2	3.301310E+2	6.766900E+1	1.410000E+0
2.629700E+1	2.048665E+0	8.606435E-2	3.301310E+2	6.766900E+1	1.410000E+0
2.630600E+1	2.048665E+0	8.606435E-2	3.301310E+2	6.766900E+1	1.410000E+0
2.638600E+1	2.051153E+0	8.781427E-2	3.301310E+2	6.766900E+1	1.410000E+0
2.639600E+1	2.051153E+0	8.781427E-2	3.301310E+2	6.766900E+1	1.410000E+0
2.647600E+1	2.062530E+0	9.359176E-2	3.301310E+2	6.766900E+1	1.410000E+0
2.648900E+1	2.062530E+0	9.359176E-2	3.301310E+2	6.766900E+1	1.410000E+0
2.660600E+1	2.068259E+0	9.841315E-2	3.301310E+2	6.766900E+1	1.410000E+0
2.661500E+1	2.068259E+0	9.841315E-2	3.301310E+2	6.766900E+1	1.410000E+0
2.669700E+1	2.078053E+0	1.029750E-1	3.301310E+2	6.766900E+1	1.410000E+0
2.670600E+1	2.078053E+0	1.029750E-1	3.301310E+2	6.766900E+1	1.410000E+0
2.678600E+1	2.079150E+0	1.041279E-1	3.301310E+2	6.766900E+1	1.410000E+0
2.679400E+1	2.079150E+0	1.041279E-1	3.301310E+2	6.766900E+1	1.410000E+0
2.687700E+1	2.090183E+0	1.104326E-1	3.301310E+2	6.766900E+1	1.410000E+0
2.688600E+1	2.090183E+0	1.104326E-1	3.301310E+2	6.766900E+1	1.410000E+0
2.696600E+1	2.095399E+0	1.136226E-1	3.301310E+2	6.766900E+1	1.410000E+0
2.697500E+1	2.095399E+0	1.136226E-1	3.301310E+2	6.766900E+1	1.410000E+0
2.708800E+1	2.110202E+0	1.225856E-1	3.301310E+2	6.766900E+1	1.410000E+0
2.709700E+1	2.110202E+0	1.225856E-1	3.301310E+2	6.766900E+1	1.410000E+0
2.717700E+1	2.112231E+0	1.248030E-1	3.301310E+2	6.766900E+1	1.410000E+0
2.718600E+1	2.112231E+0	1.248030E-1	3.301310E+2	6.766900E+1	1.410000E+0
2.726600E+1	2.123283E+0	1.313834E-1	3.301310E+2	6.766900E+1	1.410000E+0
2.727500E+1	2.123283E+0	1.313834E-1	3.301310E+2	6.766900E+1	1.410000E+0
2.735600E+1	2.127319E+0	1.344604E-1	3.301310E+2	6.766900E+1	1.410000E+0
2.736600E+1	2.127319E+0	1.344604E-1	3.301310E+2	6.766900E+1	1.410000E+0
2.744700E+1	2.137343E+0	1.413813E-1	3.301310E+2	6.766900E+1	1.410000E+0
2.746000E+1	2.137343E+0	1.413813E-1	3.301310E+2	6.766900E+1	1.410000E+0
2.757300E+1	2.139813E+0	1.440576E-1	3.301310E+2	6.766900E+1	1.410000E+0
2.758200E+1	2.139813E+0	1.440576E-1	3.301310E+2	6.766900E+1	1.410000E+0
2.766700E+1	2.150739E+0	1.519129E-1	3.301310E+2	6.766900E+1	1.410000E+0
2.767500E+1	2.150739E+0	1.519129E-1	3.301310E+2	6.766900E+1	1.410000E+0
2.775600E+1	2.161784E+0	1.602302E-1	3.301310E+2	6.766900E+1	1.410000E+0
2.776500E+1	2.161784E+0	1.602302E-1	3.301310E+2	6.766900E+1	1.410000E+0
2.784700E+1	2.170602E+0	1.673398E-1	3.301310E+2	6.766900E+1	1.410000E+0
2.785600E+1	2.170602E+0	1.673398E-1	3.301310E+2	6.766900E+1	1.410000E+0
2.793700E+1	2.172813E+0	1.698093E-1	3.301310E+2	6.766900E+1	1.410000E+0
2.794600E+1	2.172813E+0	1.698093E-1	3.301310E+2	6.766900E+1	1.410000E+0
2.805700E+1	2.178339E+0	1.746644E-1	3.301310E+2	6.766900E+1	1.410000E+0
2.806600E+1	2.178339E+0	1.746644E-1	3.301310E+2	6.766900E+1	1.410000E+0
2.814600E+1	2.189356E+0	1.840572E-1	3.301310E+2	6.766900E+1	1.410000E+0
2.815500E+1	2.189356E+0	1.840572E-1	3.301310E+2	6.766900E+1	1.410000E+0
2.823600E+1	2.197318E+0	1.912888E-1	3.301310E+2	6.766900E+1	1.410000E+0
2.824500E+1	2.197318E+0	1.912888E-1	3.301310E+2	6.766900E+1	1.410000E+0
2.832600E+1	2.200372E+0	1.948364E-1	3.301310E+2	6.766900E+1	1.410000E+0
2.833500E+1	2.200372E+0	1.948364E-1	3.301310E+2	6.766900E+1	1.410000E+0
2.841600E+1	2.206671E+0	2.006696E-1	3.301310E+2	6.766900E+1	1.410000E+0
2.842400E+1	2.206671E+0	2.006696E-1	3.301310E+2	6.766900E+1	1.410000E+0
2.853700E+1	2.222421E+0	2.151063E-1	3.301310E+2	6.766900E+1	1.410000E+0
2.856000E+1	2.222421E+0	2.151063E-1	3.301310E+2	6.766900E+1	1.410000E+0
2.864600E+1	2.231114E+0	2.243208E-1	3.301310E+2	6.766900E+1	1.410000E+0
2.865500E+1	2.231114E+0	2.243208E-1	3.301310E+2	6.766900E+1	1.410000E+0
2.873600E+1	2.233450E+0	2.273582E-1	3.301310E+2	6.766900E+1	1.410000E+0
2.874500E+1	2.233450E+0	2.273582E-1	3.301310E+2	6.766900E+1	1.410000E+0
2.882600E+1	2.236216E+0	2.306979E-1	3.301310E+2	6.766900E+1	1.410000E+0
2.883500E+1	2.236216E+0	2.306979E-1	3.301310E+2	6.766900E+1	1.410000E+0
2.891500E+1	2.249916E+0	2.443613E-1	3.301310E+2	6.766900E+1	1.410000E+0
2.892500E+1	2.249916E+0	2.443613E-1	3.301310E+2	6.766900E+1	1.410000E+0
2.903700E+1	2.258578E+0	2.538515E-1	3.301310E+2	6.766900E+1	1.410000E+0
2.904600E+1	2.258578E+0	2.538515E-1	3.301310E+2	6.766900E+1	1.410000E+0
2.912600E+1	2.269353E+0	2.661386E-1	3.301310E+2	6.766900E+1	1.410000E+0
2.913500E+1	2.269353E+0	2.661386E-1	3.301310E+2	6.766900E+1	1.410000E+0
2.921600E+1	2.272005E+0	2.700873E-1	3.301310E+2	6.766900E+1	1.410000E+0
2.922400E+1	2.272005E+0	2.700873E-1	3.301310E+2	6.766900E+1	1.410000E+0
2.930600E+1	2.282999E+0	2.819787E-1	3.301310E+2	6.766900E+1	1.410000E+0
2.931500E+1	2.282999E+0	2.819787E-1	3.301310E+2	6.766900E+1	1.410000E+0
2.939600E+1	2.287177E+0	2.873841E-1	3.301310E+2	6.766900E+1	1.410000E+0
2.940500E+1	2.287177E+0	2.873841E-1	3.301310E+2	6.766900E+1	1.410000E+0
2.951600E+1	2.297385E+0	2.994975E-1	3.301310E+2	6.766900E+1	1.410000E+0
2.953000E+1	2.297385E+0	2.994975E-1	3.301310E+2	6.766900E+1	1.410000E+0
2.961100E+1	2.299566E+0	3.039408E-1	3.301310E+2	6.766900E+1	1.410000E+0
2.962000E+1	2.299566E+0	3.039408E-1	3.301310E+2	6.766900E+1	1.410000E+0
2.970500E+1	2.310569E+0	3.171890E-1	3.301310E+2	6.766900E+1	1.410000E+0
2.971400E+1	2.310569E+0	3.171890E-1	3.301310E+2	6.766900E+1	1.410000E+0
2.979600E+1	2.318624E+0	3.275805E-1	3.301310E+2	6.766900E+1	1.410000E+0
2.980400E+1	2.318624E+0	3.275805E-1	3.301310E+2	6.766900E+1	1.410000E+0
2.988400E+1	2.330596E+0	3.433539E-1	3.301310E+2	6.766900E+1	1.410000E+0
2.989300E+1	2.330596E+0	3.433539E-1	3.301310E+2	6.766900E+1	1.410000E+0
3.000600E+1	2.332540E+0	3.474894E-1	3.301310E+2	6.766900E+1	1.410000E+0
3.001600E+1	2.332540E+0	3.474894E-1	3.301310E+2	6.766900E+1	1.410000E+0
3.009500E+1	2.343567E+0	3.628565E-1	3.301310E+2	6.766900E+1	1.410000E+0
3.010400E+1	2.343567E+0	3.628565E-1	3.301310E+2	6.766900E+1	1.410000E+0
3.018500E+1	2.348084E+0	3.699346E-1	3.301310E+2	6.766900E+1	1.410000E+0
3.019400E+1	2.348084E+0	3.699346E-1	3.301310E+2	6.766900E+1	1.410000E+0
3.027400E+1	2.356716E+0	3.824827E-1	3.301310E+2	6.766900E+1	1.410000E+0
3.028400E+1	2.356716E+0	3.824827E-1	3.301310E+2	6.766900E+1	1.410000E+0
3.036500E+1	2.360100E+0	3.880036E-1	3.301310E+2	6.766900E+1	1.410000E+0
3.037300E+1	2.360100E+0	3.880036E-1	3.301310E+2	6.766900E+1	1.410000E+0
3.048600E+1	2.371096E+0	4.028973E-1	3.301310E+2	6.766900E+1	1.410000E+0
3.049900E+1	2.371096E+0	4.028973E-1	3.301310E+2	6.766900E+1	1.410000E+0
3.058100E+1	2.379804E+0	4.198592E-1	3.301310E+2	6.766900E+1	1.410000E+0
3.059000E+1	2.379804E+0	4.198592E-1	3.301310E+2	6.766900E+1	1.410000E+0
3.067500E+1	2.390551E+0	4.331641E-1	3.301310E+2	6.766900E+1	1.410000E+0
3.068300E+1	2.390551E+0	4.331641E-1	3.301310E+2	6.766900E+1	1.410000E+0
3.076500E+1	2.393146E+0	4.387708E-1	3.301310E+2	6.766900E+1	1.410000E+0
3.077300E+1	2.393146E+0	4.387708E-1	3.301310E+2	6.766900E+1	1.410000E+0
3.085400E+1	2.398672E+0	4.483951E-1	3.301310E+2	6.766900E+1	1.410000E+0
3.086300E+1	2.398672E+0	4.483951E-1	3.301310E+2	6.766900E+1	1.410000E+0
3.097600E+1	2.409719E+0	4.662900E-1	3.301310E+2	6.766900E+1	1.410000E+0
3.098500E+1	2.409719E+0	4.662900E-1	3.301310E+2	6.766900E+1	1.410000E+0
3.106400E+1	2.417856E+0	4.814086E-1	3.301310E+2	6.766900E+1	1.410000E+0
3.107300E+1	2.417856E+0	4.814086E-1	3.301310E+2	6.766900E+1	1.410000E+0
3.115300E+1	2.420926E+0	4.879578E-1	3.301310E+2	6.766900E+1	1.410000E+0
3.116200E+1	2.420926E+0	4.879578E-1	3.301310E+2	6.766900E+1	1.410000E+0
3.124400E+1	2.431966E+0	5.061595E-1	3.301310E+2	6.766900E+1	1.410000E+0
3.125300E+1	2.431966E+0	5.061595E-1	3.301310E+2	6.766900E+1	1.410000E+0
3.133400E+1	2.441337E+0	5.232710E-1	3.301310E+2	6.766900E+1	1.410000E+0
3.134300E+1	2.441337E+0	5.232710E-1	3.301310E+2	6.766900E+1	1.410000E+0
3.145600E+1	2.447537E+0	5.358774E-1	3.301310E+2	6.766900E+1	1.410000E+0
3.146900E+1	2.447537E+0	5.358774E-1	3.301310E+2	6.766900E+1	1.410000E+0
3.155400E+1	2.448520E+0	5.405372E-1	3.301310E+2	6.766900E+1	1.410000E+0
3.156300E+1	2.448520E+0	5.405372E-1	3.301310E+2	6.766900E+1	1.410000E+0
3.164300E+1	2.459489E+0	5.602864E-1	3.301310E+2	6.766900E+1	1.410000E+0
3.165200E+1	2.459489E+0	5.602864E-1	3.301310E+2	6.766900E+1	1.410000E+0
3.173400E+1	2.465258E+0	5.718881E-1	3.301310E+2	6.766900E+1	1.410000E+0
3.174300E+1	2.465258E+0	5.718881E-1	3.301310E+2	6.766900E+1	1.410000E+0
3.182400E+1	2.479333E+0	5.985320E-1	3.301310E+2	6.766900E+1	1.410000E+0
3.183300E+1	2.479333E+0	5.985320E-1	3.301310E+2	6.766900E+1	1.410000E+0
3.194500E+1	2.481583E+0	6.050120E-1	3.301310E+2	6.766900E+1	1.410000E+0
3.195300E+1	2.481583E+0	6.050120E-1	3.301310E+2	6.766900E+1	1.410000E+0
3.203300E+1	2.492604E+0	6.277227E-1	3.301310E+2	6.766900E+1	1.410000E+0
3.204200E+1	2.492604E+0	6.277227E-1	3.301310E+2	6.766900E+1	1.410000E+0
3.212300E+1	2.503525E+0	6.503733E-1	3.301310E+2	6.766900E+1	1.410000E+0
3.213200E+1	2.503525E+0	6.503733E-1	3.301310E+2	6.766900E+1	1.410000E+0
3.221300E+1	2.507933E+0	6.595029E-1	3.301310E+2	6.766900E+1	1.410000E+0
3.222200E+1	2.507933E+0	6.595029E-1	3.301310E+2	6.766900E+1	1.410000E+0
3.230300E+1	2.517431E+0	6.795093E-1	3.301310E+2	6.766900E+1	1.410000E+0
3.231300E+1	2.517431E+0	6.795093E-1	3.301310E+2	6.766900E+1	1.410000E+0
3.242300E+1	2.520114E+0	6.875438E-1	3.301310E+2	6.766900E+1	1.410000E+0
3.243600E+1	2.520114E+0	6.875438E-1	3.301310E+2	6.766900E+1	1.410000E+0
3.251900E+1	2.531103E+0	7.128837E-1	3.301310E+2	6.766900E+1	1.410000E+0
3.252600E+1	2.531103E+0	7.128837E-1	3.301310E+2	6.766900E+1	1.410000E+0
3.261300E+1	2.536609E+0	7.254796E-1	3.301310E+2	6.766900E+1	1.410000E+0
3.262200E+1	2.536609E+0	7.254796E-1	3.301310E+2	6.766900E+1	1.410000E+0
3.270300E+1	2.551067E+0	7.582435E-1	3.301310E+2	6.766900E+1	1.410000E+0
3.271200E+1	2.551067E+0	7.582435E-1	3.301310E+2	6.766900E+1	1.410000E+0
3.279300E+1	2.553126E+0	7.662966E-1	3.301310E+2	6.766900E+1	1.410000E+0
3.280200E+1	2.553126E+0	7.662966E-1	3.301310E+2	6.766900E+1	1.410000E+0
3.291300E+1	2.558628E+0	7.792676E-1	3.301310E+2	6.766900E+1	1.410000E+0
3.292200E+1	2.558628E+0	7.792676E-1	3.301310E+2	6.766900E+1	1.410000E+0
3.300300E+1	2.564127E+0	7.948100E-1	3.301310E+2	6.766900E+1	1.410000E+0
3.301200E+1	2.564127E+0	7.948100E-1	3.301310E+2	6.766900E+1	1.410000E+0
3.309300E+1	2.578365E+0	8.286705E-1	3.301310E+2	6.766900E+1	1.410000E+0
3.310100E+1	2.578365E+0	8.286705E-1	3.301310E+2	6.766900E+1	1.410000E+0
3.318200E+1	2.580658E+0	8.377324E-1	3.301310E+2	6.766900E+1	1.410000E+0
3.319100E+1	2.580658E+0	8.377324E-1	3.301310E+2	6.766900E+1	1.410000E+0
3.327200E+1	2.591607E+0	8.650432E-1	3.301310E+2	6.766900E+1	1.410000E+0
3.328000E+1	2.591607E+0	8.650432E-1	3.301310E+2	6.766900E+1	1.410000E+0
3.339200E+1	2.601013E+0	8.885353E-1	3.301310E+2	6.766900E+1	1.410000E+0
3.340100E+1	2.601013E+0	8.885353E-1	3.301310E+2	6.766900E+1	1.410000E+0
3.348100E+1	2.611635E+0	9.191897E-1	3.301310E+2	6.766900E+1	1.410000E+0
3.349500E+1	2.611635E+0	9.191897E-1	3.301310E+2	6.766900E+1	1.410000E+0
3.357800E+1	2.613646E+0	9.264294E-1	3.301310E+2	6.766900E+1	1.410000E+0
3.358700E+1	2.613646E+0	9.264294E-1	3.301310E+2	6.766900E+1	1.410000E+0
3.367100E+1	2.619156E+0	9.427450E-1	3.301310E+2	6.766900E+1	1.410000E+0
3.368100E+1	2.619156E+0	9.427450E-1	3.301310E+2	6.766900E+1	1.410000E+0
3.376100E+1	2.627992E+0	9.676632E-1	3.301310E+2	6.766900E+1	1.410000E+0
3.377000E+1	2.627992E+0	9.676632E-1	3.301310E+2	6.766900E+1	1.410000E+0
3.388400E+1	2.638478E+0	9.978381E-1	3.301310E+2	6.766900E+1	1.410000E+0
3.389300E+1	2.638478E+0	9.978381E-1	3.301310E+2	6.766900E+1	1.410000E+0
3.397100E+1	2.641193E+0	1.007588E+0	3.301310E+2	6.766900E+1	1.410000E+0
3.398000E+1	2.641193E+0	1.007588E+0	3.301310E+2	6.766900E+1	1.410000E+0
3.406100E+1	2.652133E+0	1.039239E+0	3.301310E+2	6.766900E+1	1.410000E+0
3.407000E+1	2.652133E+0	1.039239E+0	3.301310E+2	6.766900E+1	1.410000E+0
3.415000E+1	2.663256E+0	1.072496E+0	3.301310E+2	6.766900E+1	1.410000E+0
3.415900E+1	2.663256E+0	1.072496E+0	3.301310E+2	6.766900E+1	1.410000E+0
3.424100E+1	2.665834E+0	1.081875E+0	3.301310E+2	6.766900E+1	1.410000E+0
3.425000E+1	2.665834E+0	1.081875E+0	3.301310E+2	6.766900E+1	1.410000E+0
3.436200E+1	2.668796E+0	1.094020E+0	3.301310E+2	6.766900E+1	1.410000E+0
3.437100E+1	2.668796E+0	1.094020E+0	3.301310E+2	6.766900E+1	1.410000E+0
3.445100E+1	2.679719E+0	1.128256E+0	3.301310E+2	6.766900E+1	1.410000E+0
3.446500E+1	2.679719E+0	1.128256E+0	3.301310E+2	6.766900E+1	1.410000E+0
3.454600E+1	2.690747E+0	1.162755E+0	3.301310E+2	6.766900E+1	1.410000E+0
3.455500E+1	2.690747E+0	1.162755E+0	3.301310E+2	6.766900E+1	1.410000E+0
3.464100E+1	2.700314E+0	1.194278E+0	3.301310E+2	6.766900E+1	1.410000E+0
3.465000E+1	2.700314E+0	1.194278E+0	3.301310E+2	6.766900E+1	1.410000E+0
3.473100E+1	2.701755E+0	1.203484E+0	3.301310E+2	6.766900E+1	1.410000E+0
3.473900E+1	2.701755E+0	1.203484E+0	3.301310E+2	6.766900E+1	1.410000E+0
3.485200E+1	2.712808E+0	1.238660E+0	3.301310E+2	6.766900E+1	1.410000E+0
3.486100E+1	2.712808E+0	1.238660E+0	3.301310E+2	6.766900E+1	1.410000E+0
3.494000E+1	2.718353E+0	1.258320E+0	3.301310E+2	6.766900E+1	1.410000E+0
3.494900E+1	2.718353E+0	1.258320E+0	3.301310E+2	6.766900E+1	1.410000E+0
3.503000E+1	2.726665E+0	1.288631E+0	3.301310E+2	6.766900E+1	1.410000E+0
3.503800E+1	2.726665E+0	1.288631E+0	3.301310E+2	6.766900E+1	1.410000E+0
3.512100E+1	2.729365E+0	1.300168E+0	3.301310E+2	6.766900E+1	1.410000E+0
3.513000E+1	2.729365E+0	1.300168E+0	3.301310E+2	6.766900E+1	1.410000E+0
3.520900E+1	2.740408E+0	1.339150E+0	3.301310E+2	6.766900E+1	1.410000E+0
3.521800E+1	2.740408E+0	1.339150E+0	3.301310E+2	6.766900E+1	1.410000E+0
3.533100E+1	2.751409E+0	1.377366E+0	3.301310E+2	6.766900E+1	1.410000E+0
3.534000E+1	2.751409E+0	1.377366E+0	3.301310E+2	6.766900E+1	1.410000E+0
3.550500E+1	2.743584E+0	1.527908E+2	3.301310E+2	6.766900E+1	1.410000E+0
