Sample;s4(i1)
V-V length(cm);1.000000
Field (T);1.005608
Temp (K);4.200000
Angle (deg.);0.000000
Field(T)_memo;1.000000
Time(sec.)	Current(A)	Voltage(uV)	Temp.1(K)	Temp.2(K)	Temp.3(K)
0.000000E+0	8.154267E-4	-1.506383E-5	3.301310E+2	6.766900E+1	1.410000E+0
2.000000E-2	8.136223E-4	-1.506383E-5	3.301310E+2	6.766900E+1	1.410000E+0
2.900000E-2	8.136223E-4	-1.506383E-5	3.301310E+2	6.766900E+1	1.410000E+0
1.370000E-1	1.992396E-2	-1.857872E-5	3.301310E+2	6.766900E+1	1.410000E+0
1.460000E-1	1.992396E-2	-1.857872E-5	3.301310E+2	6.766900E+1	1.410000E+0
2.300000E-1	4.812876E-2	-1.305532E-5	3.301310E+2	6.766900E+1	1.410000E+0
2.390000E-1	4.812876E-2	-1.305532E-5	3.301310E+2	6.766900E+1	1.410000E+0
3.210000E-1	6.966940E-2	4.017021E-6	3.301310E+2	6.766900E+1	1.410000E+0
3.290000E-1	6.966940E-2	4.017021E-6	3.301310E+2	6.766900E+1	1.410000E+0
4.100000E-1	8.669248E-2	-4.017021E-6	3.301310E+2	6.766900E+1	1.410000E+0
4.190000E-1	8.669248E-2	-4.017021E-6	3.301310E+2	6.766900E+1	1.410000E+0
5.000000E-1	1.081662E-1	-6.025532E-6	3.301310E+2	6.766900E+1	1.410000E+0
5.090000E-1	1.081662E-1	-6.025532E-6	3.301310E+2	6.766900E+1	1.410000E+0
6.210000E-1	1.302216E-1	-1.405957E-5	3.301310E+2	6.766900E+1	1.410000E+0
6.290000E-1	1.302216E-1	-1.405957E-5	3.301310E+2	6.766900E+1	1.410000E+0
7.090000E-1	1.577676E-1	1.506383E-6	3.301310E+2	6.766900E+1	1.410000E+0
7.180000E-1	1.577676E-1	1.506383E-6	3.301310E+2	6.766900E+1	1.410000E+0
7.980000E-1	1.750588E-1	-4.017021E-6	3.301310E+2	6.766900E+1	1.410000E+0
8.070000E-1	1.750588E-1	-4.017021E-6	3.301310E+2	6.766900E+1	1.410000E+0
8.900000E-1	1.974735E-1	-2.711489E-5	3.301310E+2	6.766900E+1	1.410000E+0
8.990000E-1	1.974735E-1	-2.711489E-5	3.301310E+2	6.766900E+1	1.410000E+0
9.790000E-1	2.294443E-1	-1.807660E-5	3.301310E+2	6.766900E+1	1.410000E+0
9.920000E-1	2.294443E-1	-1.807660E-5	3.301310E+2	6.766900E+1	1.410000E+0
1.100000E+0	2.464551E-1	-1.305532E-5	3.301310E+2	6.766900E+1	1.410000E+0
1.109000E+0	2.464551E-1	-1.305532E-5	3.301310E+2	6.766900E+1	1.410000E+0
1.190000E+0	2.678329E-1	-7.531915E-6	3.301310E+2	6.766900E+1	1.410000E+0
1.199000E+0	2.678329E-1	-7.531915E-6	3.301310E+2	6.766900E+1	1.410000E+0
1.279000E+0	2.946402E-1	-2.862128E-5	3.301310E+2	6.766900E+1	1.410000E+0
1.288000E+0	2.946402E-1	-2.862128E-5	3.301310E+2	6.766900E+1	1.410000E+0
1.370000E+0	3.174428E-1	-1.104681E-5	3.301310E+2	6.766900E+1	1.410000E+0
1.378000E+0	3.174428E-1	-1.104681E-5	3.301310E+2	6.766900E+1	1.410000E+0
1.460000E+0	3.400104E-1	2.159149E-5	3.301310E+2	6.766900E+1	1.410000E+0
1.469000E+0	3.400104E-1	2.159149E-5	3.301310E+2	6.766900E+1	1.410000E+0
1.580000E+0	3.571830E-1	-2.259574E-5	3.301310E+2	6.766900E+1	1.410000E+0
1.589000E+0	3.571830E-1	-2.259574E-5	3.301310E+2	6.766900E+1	1.410000E+0
1.670000E+0	3.875140E-1	-2.008511E-6	3.301310E+2	6.766900E+1	1.410000E+0
1.679000E+0	3.875140E-1	-2.008511E-6	3.301310E+2	6.766900E+1	1.410000E+0
1.760000E+0	4.075742E-1	-1.305532E-5	3.301310E+2	6.766900E+1	1.410000E+0
1.768000E+0	4.075742E-1	-1.305532E-5	3.301310E+2	6.766900E+1	1.410000E+0
1.849000E+0	4.282949E-1	-6.527660E-6	3.301310E+2	6.766900E+1	1.410000E+0
1.858000E+0	4.282949E-1	-6.527660E-6	3.301310E+2	6.766900E+1	1.410000E+0
1.940000E+0	4.505408E-1	9.038298E-6	3.301310E+2	6.766900E+1	1.410000E+0
1.952000E+0	4.505408E-1	9.038298E-6	3.301310E+2	6.766900E+1	1.410000E+0
2.067000E+0	4.675128E-1	-3.012766E-6	3.301310E+2	6.766900E+1	1.410000E+0
2.076000E+0	4.675128E-1	-3.012766E-6	3.301310E+2	6.766900E+1	1.410000E+0
2.159000E+0	5.006106E-1	-6.025532E-6	3.301310E+2	6.766900E+1	1.410000E+0
2.168000E+0	5.006106E-1	-6.025532E-6	3.301310E+2	6.766900E+1	1.410000E+0
2.249000E+0	5.137742E-1	-4.519149E-6	3.301310E+2	6.766900E+1	1.410000E+0
2.258000E+0	5.137742E-1	-4.519149E-6	3.301310E+2	6.766900E+1	1.410000E+0
2.340000E+0	5.467698E-1	1.606808E-5	3.301310E+2	6.766900E+1	1.410000E+0
2.348000E+0	5.467698E-1	1.606808E-5	3.301310E+2	6.766900E+1	1.410000E+0
2.429000E+0	5.647901E-1	5.021277E-6	3.301310E+2	6.766900E+1	1.410000E+0
2.439000E+0	5.647901E-1	5.021277E-6	3.301310E+2	6.766900E+1	1.410000E+0
2.553000E+0	5.883643E-1	-8.034344E-6	3.301310E+2	6.766900E+1	1.410000E+0
2.562000E+0	5.883643E-1	-8.034344E-6	3.301310E+2	6.766900E+1	1.410000E+0
2.645000E+0	6.090835E-1	-1.506413E-5	3.301310E+2	6.766900E+1	1.410000E+0
2.654000E+0	6.090835E-1	-1.506413E-5	3.301310E+2	6.766900E+1	1.410000E+0
2.739000E+0	6.373092E-1	-2.309817E-5	3.301310E+2	6.766900E+1	1.410000E+0
2.749000E+0	6.373092E-1	-2.309817E-5	3.301310E+2	6.766900E+1	1.410000E+0
2.830000E+0	6.588747E-1	-4.017324E-6	3.301310E+2	6.766900E+1	1.410000E+0
2.839000E+0	6.588747E-1	-4.017324E-6	3.301310E+2	6.766900E+1	1.410000E+0
2.919000E+0	6.772898E-1	2.510335E-6	3.301310E+2	6.766900E+1	1.410000E+0
2.931000E+0	6.772898E-1	2.510335E-6	3.301310E+2	6.766900E+1	1.410000E+0
3.047000E+0	6.986767E-1	-5.024308E-7	3.301310E+2	6.766900E+1	1.410000E+0
3.055000E+0	6.986767E-1	-5.024308E-7	3.301310E+2	6.766900E+1	1.410000E+0
3.140000E+0	7.275291E-1	1.205076E-5	3.301310E+2	6.766900E+1	1.410000E+0
3.148000E+0	7.275291E-1	1.205076E-5	3.301310E+2	6.766900E+1	1.410000E+0
3.229000E+0	7.480921E-1	-9.038599E-6	3.301310E+2	6.766900E+1	1.410000E+0
3.238000E+0	7.480921E-1	-9.038599E-6	3.301310E+2	6.766900E+1	1.410000E+0
3.319000E+0	7.697968E-1	-1.908115E-5	3.301310E+2	6.766900E+1	1.410000E+0
3.327000E+0	7.697968E-1	-1.908115E-5	3.301310E+2	6.766900E+1	1.410000E+0
3.409000E+0	7.962740E-1	1.154863E-5	3.301310E+2	6.766900E+1	1.410000E+0
3.418000E+0	7.962740E-1	1.154863E-5	3.301310E+2	6.766900E+1	1.410000E+0
3.530000E+0	8.117760E-1	-2.962583E-5	3.301310E+2	6.766900E+1	1.410000E+0
3.539000E+0	8.117760E-1	-2.962583E-5	3.301310E+2	6.766900E+1	1.410000E+0
3.619000E+0	8.370991E-1	-9.038599E-6	3.301310E+2	6.766900E+1	1.410000E+0
3.628000E+0	8.370991E-1	-9.038599E-6	3.301310E+2	6.766900E+1	1.410000E+0
3.708000E+0	8.489404E-1	8.033738E-6	3.301310E+2	6.766900E+1	1.410000E+0
3.717000E+0	8.489404E-1	8.033738E-6	3.301310E+2	6.766900E+1	1.410000E+0
3.800000E+0	8.843493E-1	-1.355775E-5	3.301310E+2	6.766900E+1	1.410000E+0
3.808000E+0	8.843493E-1	-1.355775E-5	3.301310E+2	6.766900E+1	1.410000E+0
3.889000E+0	9.073302E-1	-8.536472E-6	3.301310E+2	6.766900E+1	1.410000E+0
3.898000E+0	9.073302E-1	-8.536472E-6	3.301310E+2	6.766900E+1	1.410000E+0
4.010000E+0	9.301494E-1	-5.024308E-7	3.301310E+2	6.766900E+1	1.410000E+0
4.022000E+0	9.301494E-1	-5.024308E-7	3.301310E+2	6.766900E+1	1.410000E+0
4.105000E+0	9.448432E-1	-2.912370E-5	3.301310E+2	6.766900E+1	1.410000E+0
4.115000E+0	9.448432E-1	-2.912370E-5	3.301310E+2	6.766900E+1	1.410000E+0
4.200000E+0	9.806146E-1	-2.008814E-6	3.301310E+2	6.766900E+1	1.410000E+0
4.208000E+0	9.806146E-1	-2.008814E-6	3.301310E+2	6.766900E+1	1.410000E+0
4.289000E+0	9.968554E-1	1.003952E-6	3.301310E+2	6.766900E+1	1.410000E+0
4.298000E+0	9.968554E-1	1.003952E-6	3.301310E+2	6.766900E+1	1.410000E+0
4.379000E+0	1.018173E+0	-5.021579E-6	3.301310E+2	6.766900E+1	1.410000E+0
4.388000E+0	1.018173E+0	-5.021579E-6	3.301310E+2	6.766900E+1	1.410000E+0
4.500000E+0	1.044791E+0	-3.163434E-5	3.301310E+2	6.766900E+1	1.410000E+0
4.509000E+0	1.044791E+0	-3.163434E-5	3.301310E+2	6.766900E+1	1.410000E+0
4.588000E+0	1.067638E+0	-3.665562E-5	3.301310E+2	6.766900E+1	1.410000E+0
4.597000E+0	1.067638E+0	-3.665562E-5	3.301310E+2	6.766900E+1	1.410000E+0
4.679000E+0	1.088980E+0	-1.958328E-5	3.301310E+2	6.766900E+1	1.410000E+0
4.688000E+0	1.088980E+0	-1.958328E-5	3.301310E+2	6.766900E+1	1.410000E+0
4.768000E+0	1.106466E+0	-3.615349E-5	3.301310E+2	6.766900E+1	1.410000E+0
4.777000E+0	1.106466E+0	-3.615349E-5	3.301310E+2	6.766900E+1	1.410000E+0
4.859000E+0	1.136685E+0	-1.757477E-5	3.301310E+2	6.766900E+1	1.410000E+0
4.868000E+0	1.136685E+0	-1.757477E-5	3.301310E+2	6.766900E+1	1.410000E+0
4.979000E+0	1.153155E+0	1.104650E-5	3.301310E+2	6.766900E+1	1.410000E+0
4.992000E+0	1.153155E+0	1.104650E-5	3.301310E+2	6.766900E+1	1.410000E+0
5.074000E+0	1.177358E+0	-2.460455E-5	3.301310E+2	6.766900E+1	1.410000E+0
5.083000E+0	1.177358E+0	-2.460455E-5	3.301310E+2	6.766900E+1	1.410000E+0
5.169000E+0	1.198838E+0	-2.711519E-5	3.301310E+2	6.766900E+1	1.410000E+0
5.178000E+0	1.198838E+0	-2.711519E-5	3.301310E+2	6.766900E+1	1.410000E+0
5.259000E+0	1.227761E+0	-1.707264E-5	3.301310E+2	6.766900E+1	1.410000E+0
5.268000E+0	1.227761E+0	-1.707264E-5	3.301310E+2	6.766900E+1	1.410000E+0
5.349000E+0	1.245154E+0	-2.360030E-5	3.301310E+2	6.766900E+1	1.410000E+0
5.357000E+0	1.245154E+0	-2.360030E-5	3.301310E+2	6.766900E+1	1.410000E+0
5.469000E+0	1.267223E+0	-3.012796E-5	3.301310E+2	6.766900E+1	1.410000E+0
5.478000E+0	1.267223E+0	-3.012796E-5	3.301310E+2	6.766900E+1	1.410000E+0
5.559000E+0	1.290278E+0	-2.209392E-5	3.301310E+2	6.766900E+1	1.410000E+0
5.568000E+0	1.290278E+0	-2.209392E-5	3.301310E+2	6.766900E+1	1.410000E+0
5.648000E+0	1.316603E+0	-5.024308E-7	3.301310E+2	6.766900E+1	1.410000E+0
5.657000E+0	1.316603E+0	-5.024308E-7	3.301310E+2	6.766900E+1	1.410000E+0
5.739000E+0	1.336825E+0	1.054438E-5	3.301310E+2	6.766900E+1	1.410000E+0
5.748000E+0	1.336825E+0	1.054438E-5	3.301310E+2	6.766900E+1	1.410000E+0
5.828000E+0	1.359865E+0	-1.657051E-5	3.301310E+2	6.766900E+1	1.410000E+0
5.837000E+0	1.359865E+0	-1.657051E-5	3.301310E+2	6.766900E+1	1.410000E+0
5.949000E+0	1.386404E+0	-2.761732E-5	3.301310E+2	6.766900E+1	1.410000E+0
5.963000E+0	1.386404E+0	-2.761732E-5	3.301310E+2	6.766900E+1	1.410000E+0
6.045000E+0	1.409911E+0	-1.908115E-5	3.301310E+2	6.766900E+1	1.410000E+0
6.054000E+0	1.409911E+0	-1.908115E-5	3.301310E+2	6.766900E+1	1.410000E+0
6.137000E+0	1.427319E+0	-1.154924E-5	3.301310E+2	6.766900E+1	1.410000E+0
6.147000E+0	1.427319E+0	-1.154924E-5	3.301310E+2	6.766900E+1	1.410000E+0
6.228000E+0	1.448338E+0	-3.866413E-5	3.301310E+2	6.766900E+1	1.410000E+0
6.237000E+0	1.448338E+0	-3.866413E-5	3.301310E+2	6.766900E+1	1.410000E+0
6.319000E+0	1.477081E+0	-1.355775E-5	3.301310E+2	6.766900E+1	1.410000E+0
6.328000E+0	1.477081E+0	-1.355775E-5	3.301310E+2	6.766900E+1	1.410000E+0
6.441000E+0	1.497654E+0	2.510335E-6	3.301310E+2	6.766900E+1	1.410000E+0
6.450000E+0	1.497654E+0	2.510335E-6	3.301310E+2	6.766900E+1	1.410000E+0
6.528000E+0	1.518971E+0	-3.314072E-5	3.301310E+2	6.766900E+1	1.410000E+0
6.537000E+0	1.518971E+0	-3.314072E-5	3.301310E+2	6.766900E+1	1.410000E+0
6.618000E+0	1.546705E+0	-1.958328E-5	3.301310E+2	6.766900E+1	1.410000E+0
6.627000E+0	1.546705E+0	-1.958328E-5	3.301310E+2	6.766900E+1	1.410000E+0
6.709000E+0	1.569848E+0	-3.063008E-5	3.301310E+2	6.766900E+1	1.410000E+0
6.718000E+0	1.569848E+0	-3.063008E-5	3.301310E+2	6.766900E+1	1.410000E+0
6.799000E+0	1.580214E+0	-3.866413E-5	3.301310E+2	6.766900E+1	1.410000E+0
6.807000E+0	1.580214E+0	-3.866413E-5	3.301310E+2	6.766900E+1	1.410000E+0
6.920000E+0	1.607824E+0	-3.364285E-5	3.301310E+2	6.766900E+1	1.410000E+0
6.933000E+0	1.607824E+0	-3.364285E-5	3.301310E+2	6.766900E+1	1.410000E+0
7.017000E+0	1.633220E+0	-2.360030E-5	3.301310E+2	6.766900E+1	1.410000E+0
7.027000E+0	1.633220E+0	-2.360030E-5	3.301310E+2	6.766900E+1	1.410000E+0
7.108000E+0	1.658052E+0	-4.117476E-5	3.301310E+2	6.766900E+1	1.410000E+0
7.117000E+0	1.658052E+0	-4.117476E-5	3.301310E+2	6.766900E+1	1.410000E+0
7.199000E+0	1.675285E+0	-2.410243E-5	3.301310E+2	6.766900E+1	1.410000E+0
7.208000E+0	1.675285E+0	-2.410243E-5	3.301310E+2	6.766900E+1	1.410000E+0
7.288000E+0	1.697379E+0	-4.669817E-5	3.301310E+2	6.766900E+1	1.410000E+0
7.297000E+0	1.697379E+0	-4.669817E-5	3.301310E+2	6.766900E+1	1.410000E+0
7.410000E+0	1.729143E+0	-1.606839E-5	3.301310E+2	6.766900E+1	1.410000E+0
7.419000E+0	1.729143E+0	-1.606839E-5	3.301310E+2	6.766900E+1	1.410000E+0
7.497000E+0	1.746816E+0	-1.606839E-5	3.301310E+2	6.766900E+1	1.410000E+0
7.506000E+0	1.746816E+0	-1.606839E-5	3.301310E+2	6.766900E+1	1.410000E+0
7.588000E+0	1.766963E+0	-2.309817E-5	3.301310E+2	6.766900E+1	1.410000E+0
7.597000E+0	1.766963E+0	-2.309817E-5	3.301310E+2	6.766900E+1	1.410000E+0
7.678000E+0	1.797632E+0	-2.560881E-5	3.301310E+2	6.766900E+1	1.410000E+0
7.688000E+0	1.797632E+0	-2.560881E-5	3.301310E+2	6.766900E+1	1.410000E+0
7.768000E+0	1.817070E+0	-2.360030E-5	3.301310E+2	6.766900E+1	1.410000E+0
7.777000E+0	1.817070E+0	-2.360030E-5	3.301310E+2	6.766900E+1	1.410000E+0
7.889000E+0	1.839712E+0	-3.565136E-5	3.301310E+2	6.766900E+1	1.410000E+0
7.898000E+0	1.839712E+0	-3.565136E-5	3.301310E+2	6.766900E+1	1.410000E+0
7.978000E+0	1.857039E+0	-3.765987E-5	3.301310E+2	6.766900E+1	1.410000E+0
7.992000E+0	1.857039E+0	-3.765987E-5	3.301310E+2	6.766900E+1	1.410000E+0
8.074000E+0	1.886354E+0	-2.259604E-5	3.301310E+2	6.766900E+1	1.410000E+0
8.083000E+0	1.886354E+0	-2.259604E-5	3.301310E+2	6.766900E+1	1.410000E+0
8.168000E+0	1.912200E+0	-4.017051E-5	3.301310E+2	6.766900E+1	1.410000E+0
8.177000E+0	1.912200E+0	-4.017051E-5	3.301310E+2	6.766900E+1	1.410000E+0
8.258000E+0	1.927973E+0	-3.364285E-5	3.301310E+2	6.766900E+1	1.410000E+0
8.266000E+0	1.927973E+0	-3.364285E-5	3.301310E+2	6.766900E+1	1.410000E+0
8.379000E+0	1.950208E+0	-3.464711E-5	3.301310E+2	6.766900E+1	1.410000E+0
8.388000E+0	1.950208E+0	-3.464711E-5	3.301310E+2	6.766900E+1	1.410000E+0
8.468000E+0	1.977433E+0	-3.615349E-5	3.301310E+2	6.766900E+1	1.410000E+0
8.477000E+0	1.977433E+0	-3.615349E-5	3.301310E+2	6.766900E+1	1.410000E+0
8.558000E+0	1.999581E+0	-4.870668E-5	3.301310E+2	6.766900E+1	1.410000E+0
8.567000E+0	1.999581E+0	-4.870668E-5	3.301310E+2	6.766900E+1	1.410000E+0
8.647000E+0	2.010355E+0	-4.820455E-5	3.301310E+2	6.766900E+1	1.410000E+0
8.656000E+0	2.010355E+0	-4.820455E-5	3.301310E+2	6.766900E+1	1.410000E+0
8.738000E+0	2.047785E+0	-3.464711E-5	3.301310E+2	6.766900E+1	1.410000E+0
8.747000E+0	2.047785E+0	-3.464711E-5	3.301310E+2	6.766900E+1	1.410000E+0
8.858000E+0	2.070960E+0	-2.962583E-5	3.301310E+2	6.766900E+1	1.410000E+0
8.868000E+0	2.070960E+0	-2.962583E-5	3.301310E+2	6.766900E+1	1.410000E+0
8.947000E+0	2.088054E+0	-3.364285E-5	3.301310E+2	6.766900E+1	1.410000E+0
8.960000E+0	2.088054E+0	-3.364285E-5	3.301310E+2	6.766900E+1	1.410000E+0
9.044000E+0	2.109667E+0	-4.117476E-5	3.301310E+2	6.766900E+1	1.410000E+0
9.052000E+0	2.109667E+0	-4.117476E-5	3.301310E+2	6.766900E+1	1.410000E+0
9.138000E+0	2.137502E+0	-5.272370E-5	3.301310E+2	6.766900E+1	1.410000E+0
9.146000E+0	2.137502E+0	-5.272370E-5	3.301310E+2	6.766900E+1	1.410000E+0
9.227000E+0	2.159158E+0	-2.410243E-5	3.301310E+2	6.766900E+1	1.410000E+0
9.236000E+0	2.159158E+0	-2.410243E-5	3.301310E+2	6.766900E+1	1.410000E+0
9.350000E+0	2.177164E+0	-3.213647E-5	3.301310E+2	6.766900E+1	1.410000E+0
9.359000E+0	2.177164E+0	-3.213647E-5	3.301310E+2	6.766900E+1	1.410000E+0
9.437000E+0	2.195606E+0	-4.720029E-5	3.301310E+2	6.766900E+1	1.410000E+0
9.446000E+0	2.195606E+0	-4.720029E-5	3.301310E+2	6.766900E+1	1.410000E+0
9.527000E+0	2.231344E+0	-2.811945E-5	3.301310E+2	6.766900E+1	1.410000E+0
9.536000E+0	2.231344E+0	-2.811945E-5	3.301310E+2	6.766900E+1	1.410000E+0
9.617000E+0	2.248055E+0	-4.017051E-5	3.301310E+2	6.766900E+1	1.410000E+0
9.625000E+0	2.248055E+0	-4.017051E-5	3.301310E+2	6.766900E+1	1.410000E+0
9.707000E+0	2.269446E+0	-5.071519E-5	3.301310E+2	6.766900E+1	1.410000E+0
9.716000E+0	2.269446E+0	-5.071519E-5	3.301310E+2	6.766900E+1	1.410000E+0
9.829000E+0	2.296649E+0	-4.519178E-5	3.301310E+2	6.766900E+1	1.410000E+0
9.838000E+0	2.296649E+0	-4.519178E-5	3.301310E+2	6.766900E+1	1.410000E+0
9.917000E+0	2.319346E+0	-2.912370E-5	3.301310E+2	6.766900E+1	1.410000E+0
9.931000E+0	2.319346E+0	-2.912370E-5	3.301310E+2	6.766900E+1	1.410000E+0
1.001400E+1	2.341431E+0	-2.862157E-5	3.301310E+2	6.766900E+1	1.410000E+0
1.002300E+1	2.341431E+0	-2.862157E-5	3.301310E+2	6.766900E+1	1.410000E+0
1.010800E+1	2.357173E+0	-3.816200E-5	3.301310E+2	6.766900E+1	1.410000E+0
1.011700E+1	2.357173E+0	-3.816200E-5	3.301310E+2	6.766900E+1	1.410000E+0
1.019700E+1	2.388781E+0	-3.565136E-5	3.301310E+2	6.766900E+1	1.410000E+0
1.020600E+1	2.388781E+0	-3.565136E-5	3.301310E+2	6.766900E+1	1.410000E+0
1.031700E+1	2.401327E+0	-5.071519E-5	3.301310E+2	6.766900E+1	1.410000E+0
1.032600E+1	2.401327E+0	-5.071519E-5	3.301310E+2	6.766900E+1	1.410000E+0
1.040700E+1	2.429732E+0	-5.272370E-5	3.301310E+2	6.766900E+1	1.410000E+0
1.041500E+1	2.429732E+0	-5.272370E-5	3.301310E+2	6.766900E+1	1.410000E+0
1.049700E+1	2.445770E+0	-5.674072E-5	3.301310E+2	6.766900E+1	1.410000E+0
1.050600E+1	2.445770E+0	-5.674072E-5	3.301310E+2	6.766900E+1	1.410000E+0
1.058700E+1	2.479592E+0	-5.322583E-5	3.301310E+2	6.766900E+1	1.410000E+0
1.059600E+1	2.479592E+0	-5.322583E-5	3.301310E+2	6.766900E+1	1.410000E+0
1.067600E+1	2.501156E+0	-6.477476E-5	3.301310E+2	6.766900E+1	1.410000E+0
1.068500E+1	2.501156E+0	-6.477476E-5	3.301310E+2	6.766900E+1	1.410000E+0
1.079800E+1	2.518336E+0	-5.272370E-5	3.301310E+2	6.766900E+1	1.410000E+0
1.080700E+1	2.518336E+0	-5.272370E-5	3.301310E+2	6.766900E+1	1.410000E+0
1.088700E+1	2.545840E+0	-5.774497E-5	3.301310E+2	6.766900E+1	1.410000E+0
1.089600E+1	2.545840E+0	-5.774497E-5	3.301310E+2	6.766900E+1	1.410000E+0
1.097700E+1	2.566682E+0	-4.017051E-5	3.301310E+2	6.766900E+1	1.410000E+0
1.099000E+1	2.566682E+0	-4.017051E-5	3.301310E+2	6.766900E+1	1.410000E+0
1.107300E+1	2.588693E+0	-3.765987E-5	3.301310E+2	6.766900E+1	1.410000E+0
1.108100E+1	2.588693E+0	-3.765987E-5	3.301310E+2	6.766900E+1	1.410000E+0
1.116700E+1	2.612421E+0	-5.423008E-5	3.301310E+2	6.766900E+1	1.410000E+0
1.117500E+1	2.612421E+0	-5.423008E-5	3.301310E+2	6.766900E+1	1.410000E+0
1.128700E+1	2.637744E+0	-5.674072E-5	3.301310E+2	6.766900E+1	1.410000E+0
1.129700E+1	2.637744E+0	-5.674072E-5	3.301310E+2	6.766900E+1	1.410000E+0
1.137600E+1	2.661147E+0	-4.418753E-5	3.301310E+2	6.766900E+1	1.410000E+0
1.138500E+1	2.661147E+0	-4.418753E-5	3.301310E+2	6.766900E+1	1.410000E+0
1.146700E+1	2.677840E+0	-4.720029E-5	3.301310E+2	6.766900E+1	1.410000E+0
1.147500E+1	2.677840E+0	-4.720029E-5	3.301310E+2	6.766900E+1	1.410000E+0
1.155700E+1	2.699353E+0	-4.418753E-5	3.301310E+2	6.766900E+1	1.410000E+0
1.156600E+1	2.699353E+0	-4.418753E-5	3.301310E+2	6.766900E+1	1.410000E+0
1.164700E+1	2.727664E+0	-4.167689E-5	3.301310E+2	6.766900E+1	1.410000E+0
1.165700E+1	2.727664E+0	-4.167689E-5	3.301310E+2	6.766900E+1	1.410000E+0
1.176800E+1	2.741242E+0	-4.720029E-5	3.301310E+2	6.766900E+1	1.410000E+0
1.177700E+1	2.741242E+0	-4.720029E-5	3.301310E+2	6.766900E+1	1.410000E+0
1.185700E+1	2.771385E+0	-5.121732E-5	3.301310E+2	6.766900E+1	1.410000E+0
1.186500E+1	2.771385E+0	-5.121732E-5	3.301310E+2	6.766900E+1	1.410000E+0
1.194700E+1	2.789476E+0	-5.071519E-5	3.301310E+2	6.766900E+1	1.410000E+0
1.195900E+1	2.789476E+0	-5.071519E-5	3.301310E+2	6.766900E+1	1.410000E+0
1.204300E+1	2.821670E+0	-5.372795E-5	3.301310E+2	6.766900E+1	1.410000E+0
1.205200E+1	2.821670E+0	-5.372795E-5	3.301310E+2	6.766900E+1	1.410000E+0
1.213700E+1	2.838725E+0	-5.021306E-5	3.301310E+2	6.766900E+1	1.410000E+0
1.214600E+1	2.838725E+0	-5.021306E-5	3.301310E+2	6.766900E+1	1.410000E+0
1.226000E+1	2.860197E+0	-6.377155E-5	3.301310E+2	6.766900E+1	1.410000E+0
1.226900E+1	2.860197E+0	-6.377155E-5	3.301310E+2	6.766900E+1	1.410000E+0
1.235300E+1	2.881428E+0	-5.423113E-5	3.301310E+2	6.766900E+1	1.410000E+0
1.236100E+1	2.881428E+0	-5.423113E-5	3.301310E+2	6.766900E+1	1.410000E+0
1.244700E+1	2.910554E+0	-4.669922E-5	3.301310E+2	6.766900E+1	1.410000E+0
1.245600E+1	2.910554E+0	-4.669922E-5	3.301310E+2	6.766900E+1	1.410000E+0
1.253700E+1	2.931147E+0	-5.322688E-5	3.301310E+2	6.766900E+1	1.410000E+0
1.254500E+1	2.931147E+0	-5.322688E-5	3.301310E+2	6.766900E+1	1.410000E+0
1.262700E+1	2.948342E+0	-6.628219E-5	3.301310E+2	6.766900E+1	1.410000E+0
1.263600E+1	2.948342E+0	-6.628219E-5	3.301310E+2	6.766900E+1	1.410000E+0
1.274700E+1	2.980436E+0	-5.272475E-5	3.301310E+2	6.766900E+1	1.410000E+0
1.275500E+1	2.980436E+0	-5.272475E-5	3.301310E+2	6.766900E+1	1.410000E+0
1.283600E+1	2.997291E+0	-4.870773E-5	3.301310E+2	6.766900E+1	1.410000E+0
1.284500E+1	2.997291E+0	-4.870773E-5	3.301310E+2	6.766900E+1	1.410000E+0
1.292600E+1	3.019535E+0	-4.167795E-5	3.301310E+2	6.766900E+1	1.410000E+0
1.293900E+1	3.019535E+0	-4.167795E-5	3.301310E+2	6.766900E+1	1.410000E+0
1.302300E+1	3.046344E+0	-4.418859E-5	3.301310E+2	6.766900E+1	1.410000E+0
1.303100E+1	3.046344E+0	-4.418859E-5	3.301310E+2	6.766900E+1	1.410000E+0
1.311700E+1	3.070198E+0	-5.724390E-5	3.301310E+2	6.766900E+1	1.410000E+0
1.312600E+1	3.070198E+0	-5.724390E-5	3.301310E+2	6.766900E+1	1.410000E+0
1.323800E+1	3.091519E+0	-6.075879E-5	3.301310E+2	6.766900E+1	1.410000E+0
1.324700E+1	3.091519E+0	-6.075879E-5	3.301310E+2	6.766900E+1	1.410000E+0
1.332700E+1	3.106672E+0	-6.276730E-5	3.301310E+2	6.766900E+1	1.410000E+0
1.333500E+1	3.106672E+0	-6.276730E-5	3.301310E+2	6.766900E+1	1.410000E+0
1.341700E+1	3.138993E+0	-7.180559E-5	3.301310E+2	6.766900E+1	1.410000E+0
1.342600E+1	3.138993E+0	-7.180559E-5	3.301310E+2	6.766900E+1	1.410000E+0
1.350600E+1	3.157728E+0	-4.770348E-5	3.301310E+2	6.766900E+1	1.410000E+0
1.351500E+1	3.157728E+0	-4.770348E-5	3.301310E+2	6.766900E+1	1.410000E+0
1.359700E+1	3.174665E+0	-4.920986E-5	3.301310E+2	6.766900E+1	1.410000E+0
1.360600E+1	3.174665E+0	-4.920986E-5	3.301310E+2	6.766900E+1	1.410000E+0
1.371700E+1	3.201826E+0	-7.029920E-5	3.301310E+2	6.766900E+1	1.410000E+0
1.372600E+1	3.201826E+0	-7.029920E-5	3.301310E+2	6.766900E+1	1.410000E+0
1.380600E+1	3.226624E+0	-7.481835E-5	3.301310E+2	6.766900E+1	1.410000E+0
1.381500E+1	3.226624E+0	-7.481835E-5	3.301310E+2	6.766900E+1	1.410000E+0
1.389700E+1	3.250690E+0	-8.335451E-5	3.301310E+2	6.766900E+1	1.410000E+0
1.390600E+1	3.250690E+0	-8.335451E-5	3.301310E+2	6.766900E+1	1.410000E+0
1.399100E+1	3.262691E+0	-8.235026E-5	3.301310E+2	6.766900E+1	1.410000E+0
1.400600E+1	3.262691E+0	-8.235026E-5	3.301310E+2	6.766900E+1	1.410000E+0
1.408200E+1	3.295951E+0	-5.573751E-5	3.301310E+2	6.766900E+1	1.410000E+0
1.409100E+1	3.295951E+0	-5.573751E-5	3.301310E+2	6.766900E+1	1.410000E+0
1.420900E+1	3.318703E+0	-6.829070E-5	3.301310E+2	6.766900E+1	1.410000E+0
1.421800E+1	3.318703E+0	-6.829070E-5	3.301310E+2	6.766900E+1	1.410000E+0
1.429700E+1	3.338769E+0	-6.829070E-5	3.301310E+2	6.766900E+1	1.410000E+0
1.430500E+1	3.338769E+0	-6.829070E-5	3.301310E+2	6.766900E+1	1.410000E+0
1.438700E+1	3.360418E+0	-5.322688E-5	3.301310E+2	6.766900E+1	1.410000E+0
1.439600E+1	3.360418E+0	-5.322688E-5	3.301310E+2	6.766900E+1	1.410000E+0
1.447700E+1	3.386064E+0	-5.523539E-5	3.301310E+2	6.766900E+1	1.410000E+0
1.448600E+1	3.386064E+0	-5.523539E-5	3.301310E+2	6.766900E+1	1.410000E+0
1.456700E+1	3.410055E+0	-5.322688E-5	3.301310E+2	6.766900E+1	1.410000E+0
1.457500E+1	3.410055E+0	-5.322688E-5	3.301310E+2	6.766900E+1	1.410000E+0
1.468700E+1	3.427606E+0	-6.025666E-5	3.301310E+2	6.766900E+1	1.410000E+0
1.469600E+1	3.427606E+0	-6.025666E-5	3.301310E+2	6.766900E+1	1.410000E+0
1.477600E+1	3.448337E+0	-7.280984E-5	3.301310E+2	6.766900E+1	1.410000E+0
1.478500E+1	3.448337E+0	-7.280984E-5	3.301310E+2	6.766900E+1	1.410000E+0
1.486800E+1	3.478111E+0	-7.331197E-5	3.301310E+2	6.766900E+1	1.410000E+0
1.487600E+1	3.478111E+0	-7.331197E-5	3.301310E+2	6.766900E+1	1.410000E+0
1.495700E+1	3.499130E+0	-5.473326E-5	3.301310E+2	6.766900E+1	1.410000E+0
1.497000E+1	3.499130E+0	-5.473326E-5	3.301310E+2	6.766900E+1	1.410000E+0
1.505300E+1	3.520773E+0	-7.331197E-5	3.301310E+2	6.766900E+1	1.410000E+0
1.506200E+1	3.520773E+0	-7.331197E-5	3.301310E+2	6.766900E+1	1.410000E+0
1.517900E+1	3.548196E+0	-6.226517E-5	3.301310E+2	6.766900E+1	1.410000E+0
1.518700E+1	3.548196E+0	-6.226517E-5	3.301310E+2	6.766900E+1	1.410000E+0
1.526700E+1	3.563446E+0	-5.172050E-5	3.301310E+2	6.766900E+1	1.410000E+0
1.527600E+1	3.563446E+0	-5.172050E-5	3.301310E+2	6.766900E+1	1.410000E+0
1.535800E+1	3.587964E+0	-7.381410E-5	3.301310E+2	6.766900E+1	1.410000E+0
1.536600E+1	3.587964E+0	-7.381410E-5	3.301310E+2	6.766900E+1	1.410000E+0
1.544700E+1	3.609021E+0	-8.235026E-5	3.301310E+2	6.766900E+1	1.410000E+0
1.545500E+1	3.609021E+0	-8.235026E-5	3.301310E+2	6.766900E+1	1.410000E+0
1.553700E+1	3.636286E+0	-6.728644E-5	3.301310E+2	6.766900E+1	1.410000E+0
1.554600E+1	3.636286E+0	-6.728644E-5	3.301310E+2	6.766900E+1	1.410000E+0
1.565800E+1	3.658061E+0	-5.674177E-5	3.301310E+2	6.766900E+1	1.410000E+0
1.566600E+1	3.658061E+0	-5.674177E-5	3.301310E+2	6.766900E+1	1.410000E+0
1.574700E+1	3.681110E+0	-7.331197E-5	3.301310E+2	6.766900E+1	1.410000E+0
1.575600E+1	3.681110E+0	-7.331197E-5	3.301310E+2	6.766900E+1	1.410000E+0
1.583700E+1	3.697254E+0	-6.929495E-5	3.301310E+2	6.766900E+1	1.410000E+0
1.584600E+1	3.697254E+0	-6.929495E-5	3.301310E+2	6.766900E+1	1.410000E+0
1.592600E+1	3.730476E+0	-6.427368E-5	3.301310E+2	6.766900E+1	1.410000E+0
1.594000E+1	3.730476E+0	-6.427368E-5	3.301310E+2	6.766900E+1	1.410000E+0
1.602300E+1	3.748167E+0	-6.728644E-5	3.301310E+2	6.766900E+1	1.410000E+0
1.603200E+1	3.748167E+0	-6.728644E-5	3.301310E+2	6.766900E+1	1.410000E+0
1.614800E+1	3.770381E+0	-5.724390E-5	3.301310E+2	6.766900E+1	1.410000E+0
1.615700E+1	3.770381E+0	-5.724390E-5	3.301310E+2	6.766900E+1	1.410000E+0
1.623600E+1	3.794320E+0	-6.678431E-5	3.301310E+2	6.766900E+1	1.410000E+0
1.624500E+1	3.794320E+0	-6.678431E-5	3.301310E+2	6.766900E+1	1.410000E+0
1.632700E+1	3.818045E+0	-5.272475E-5	3.301310E+2	6.766900E+1	1.410000E+0
1.633500E+1	3.818045E+0	-5.272475E-5	3.301310E+2	6.766900E+1	1.410000E+0
1.641700E+1	3.841366E+0	-5.573751E-5	3.301310E+2	6.766900E+1	1.410000E+0
1.642500E+1	3.841366E+0	-5.573751E-5	3.301310E+2	6.766900E+1	1.410000E+0
1.650700E+1	3.855676E+0	-5.322688E-5	3.301310E+2	6.766900E+1	1.410000E+0
1.651600E+1	3.855676E+0	-5.322688E-5	3.301310E+2	6.766900E+1	1.410000E+0
1.662900E+1	3.888215E+0	-5.071624E-5	3.301310E+2	6.766900E+1	1.410000E+0
1.663800E+1	3.888215E+0	-5.071624E-5	3.301310E+2	6.766900E+1	1.410000E+0
1.672300E+1	3.906258E+0	-6.075879E-5	3.301310E+2	6.766900E+1	1.410000E+0
1.673200E+1	3.906258E+0	-6.075879E-5	3.301310E+2	6.766900E+1	1.410000E+0
1.681600E+1	3.929773E+0	-4.519284E-5	3.301310E+2	6.766900E+1	1.410000E+0
1.682500E+1	3.929773E+0	-4.519284E-5	3.301310E+2	6.766900E+1	1.410000E+0
1.690700E+1	3.943497E+0	-6.778857E-5	3.301310E+2	6.766900E+1	1.410000E+0
1.692000E+1	3.943497E+0	-6.778857E-5	3.301310E+2	6.766900E+1	1.410000E+0
1.700300E+1	3.978879E+0	-5.875028E-5	3.301310E+2	6.766900E+1	1.410000E+0
1.701200E+1	3.978879E+0	-5.875028E-5	3.301310E+2	6.766900E+1	1.410000E+0
1.712700E+1	3.996265E+0	-6.226517E-5	3.301310E+2	6.766900E+1	1.410000E+0
1.713600E+1	3.996265E+0	-6.226517E-5	3.301310E+2	6.766900E+1	1.410000E+0
1.721600E+1	4.018113E+0	-5.423113E-5	3.301310E+2	6.766900E+1	1.410000E+0
1.722500E+1	4.018113E+0	-5.423113E-5	3.301310E+2	6.766900E+1	1.410000E+0
1.730600E+1	4.036124E+0	-6.578006E-5	3.301310E+2	6.766900E+1	1.410000E+0
1.731500E+1	4.036124E+0	-6.578006E-5	3.301310E+2	6.766900E+1	1.410000E+0
1.739600E+1	4.067959E+0	-6.126091E-5	3.301310E+2	6.766900E+1	1.410000E+0
1.740600E+1	4.067959E+0	-6.126091E-5	3.301310E+2	6.766900E+1	1.410000E+0
1.748600E+1	4.088402E+0	-4.920986E-5	3.301310E+2	6.766900E+1	1.410000E+0
1.749500E+1	4.088402E+0	-4.920986E-5	3.301310E+2	6.766900E+1	1.410000E+0
1.760800E+1	4.110624E+0	-3.314179E-5	3.301310E+2	6.766900E+1	1.410000E+0
1.761900E+1	4.110624E+0	-3.314179E-5	3.301310E+2	6.766900E+1	1.410000E+0
1.770400E+1	4.134833E+0	-6.176304E-5	3.301310E+2	6.766900E+1	1.410000E+0
1.771400E+1	4.134833E+0	-6.176304E-5	3.301310E+2	6.766900E+1	1.410000E+0
1.779800E+1	4.161084E+0	-5.473326E-5	3.301310E+2	6.766900E+1	1.410000E+0
1.780700E+1	4.161084E+0	-5.473326E-5	3.301310E+2	6.766900E+1	1.410000E+0
1.788700E+1	4.177241E+0	-7.331197E-5	3.301310E+2	6.766900E+1	1.410000E+0
1.789600E+1	4.177241E+0	-7.331197E-5	3.301310E+2	6.766900E+1	1.410000E+0
1.797700E+1	4.199915E+0	-5.724390E-5	3.301310E+2	6.766900E+1	1.410000E+0
1.799000E+1	4.199915E+0	-5.724390E-5	3.301310E+2	6.766900E+1	1.410000E+0
1.810400E+1	4.228158E+0	-5.372901E-5	3.301310E+2	6.766900E+1	1.410000E+0
1.811300E+1	4.228158E+0	-5.372901E-5	3.301310E+2	6.766900E+1	1.410000E+0
1.819600E+1	4.249398E+0	-6.226517E-5	3.301310E+2	6.766900E+1	1.410000E+0
1.820400E+1	4.249398E+0	-6.226517E-5	3.301310E+2	6.766900E+1	1.410000E+0
1.828700E+1	4.271076E+0	-4.870773E-5	3.301310E+2	6.766900E+1	1.410000E+0
1.829500E+1	4.271076E+0	-4.870773E-5	3.301310E+2	6.766900E+1	1.410000E+0
1.837700E+1	4.297339E+0	-4.469071E-5	3.301310E+2	6.766900E+1	1.410000E+0
1.838600E+1	4.297339E+0	-4.469071E-5	3.301310E+2	6.766900E+1	1.410000E+0
1.846700E+1	4.320744E+0	-6.527793E-5	3.301310E+2	6.766900E+1	1.410000E+0
1.847700E+1	4.320744E+0	-6.527793E-5	3.301310E+2	6.766900E+1	1.410000E+0
1.858700E+1	4.334820E+0	-8.134600E-5	3.301310E+2	6.766900E+1	1.410000E+0
1.859600E+1	4.334820E+0	-8.134600E-5	3.301310E+2	6.766900E+1	1.410000E+0
1.867700E+1	4.358895E+0	-7.331197E-5	3.301310E+2	6.766900E+1	1.410000E+0
1.868600E+1	4.358895E+0	-7.331197E-5	3.301310E+2	6.766900E+1	1.410000E+0
1.876800E+1	4.378338E+0	-7.331197E-5	3.301310E+2	6.766900E+1	1.410000E+0
1.877700E+1	4.378338E+0	-7.331197E-5	3.301310E+2	6.766900E+1	1.410000E+0
1.885600E+1	4.408681E+0	-6.879282E-5	3.301310E+2	6.766900E+1	1.410000E+0
1.886500E+1	4.408681E+0	-6.879282E-5	3.301310E+2	6.766900E+1	1.410000E+0
1.894600E+1	4.425742E+0	-7.230771E-5	3.301310E+2	6.766900E+1	1.410000E+0
1.895900E+1	4.425742E+0	-7.230771E-5	3.301310E+2	6.766900E+1	1.410000E+0
1.907500E+1	4.448301E+0	-6.578006E-5	3.301310E+2	6.766900E+1	1.410000E+0
1.908500E+1	4.448301E+0	-6.578006E-5	3.301310E+2	6.766900E+1	1.410000E+0
1.916700E+1	4.469049E+0	-6.979708E-5	3.301310E+2	6.766900E+1	1.410000E+0
1.917600E+1	4.469049E+0	-6.979708E-5	3.301310E+2	6.766900E+1	1.410000E+0
1.925600E+1	4.497836E+0	-7.783111E-5	3.301310E+2	6.766900E+1	1.410000E+0
1.926500E+1	4.497836E+0	-7.783111E-5	3.301310E+2	6.766900E+1	1.410000E+0
1.934700E+1	4.518153E+0	-7.632473E-5	3.301310E+2	6.766900E+1	1.410000E+0
1.935500E+1	4.518153E+0	-7.632473E-5	3.301310E+2	6.766900E+1	1.410000E+0
1.943600E+1	4.550113E+0	-8.134600E-5	3.301310E+2	6.766900E+1	1.410000E+0
1.944500E+1	4.550113E+0	-8.134600E-5	3.301310E+2	6.766900E+1	1.410000E+0
1.955800E+1	4.568339E+0	-8.536302E-5	3.301310E+2	6.766900E+1	1.410000E+0
1.956600E+1	4.568339E+0	-8.536302E-5	3.301310E+2	6.766900E+1	1.410000E+0
1.964700E+1	4.590732E+0	-7.783111E-5	3.301310E+2	6.766900E+1	1.410000E+0
1.965600E+1	4.590732E+0	-7.783111E-5	3.301310E+2	6.766900E+1	1.410000E+0
1.973700E+1	4.608190E+0	-7.481835E-5	3.301310E+2	6.766900E+1	1.410000E+0
1.974600E+1	4.608190E+0	-7.481835E-5	3.301310E+2	6.766900E+1	1.410000E+0
1.982700E+1	4.638183E+0	-7.080133E-5	3.301310E+2	6.766900E+1	1.410000E+0
1.983600E+1	4.638183E+0	-7.080133E-5	3.301310E+2	6.766900E+1	1.410000E+0
1.991600E+1	4.658105E+0	-6.929495E-5	3.301310E+2	6.766900E+1	1.410000E+0
1.992900E+1	4.658105E+0	-6.929495E-5	3.301310E+2	6.766900E+1	1.410000E+0
2.003800E+1	4.674125E+0	-7.632473E-5	3.301310E+2	6.766900E+1	1.410000E+0
2.004700E+1	4.674125E+0	-7.632473E-5	3.301310E+2	6.766900E+1	1.410000E+0
2.012600E+1	4.700919E+0	-6.979708E-5	3.301310E+2	6.766900E+1	1.410000E+0
2.013500E+1	4.700919E+0	-6.979708E-5	3.301310E+2	6.766900E+1	1.410000E+0
2.021600E+1	4.727915E+0	-8.084388E-5	3.301310E+2	6.766900E+1	1.410000E+0
2.022500E+1	4.727915E+0	-8.084388E-5	3.301310E+2	6.766900E+1	1.410000E+0
2.030600E+1	4.750607E+0	-5.071624E-5	3.301310E+2	6.766900E+1	1.410000E+0
2.031500E+1	4.750607E+0	-5.071624E-5	3.301310E+2	6.766900E+1	1.410000E+0
2.039700E+1	4.761333E+0	-9.038429E-5	3.301310E+2	6.766900E+1	1.410000E+0
2.040600E+1	4.761333E+0	-9.038429E-5	3.301310E+2	6.766900E+1	1.410000E+0
2.051700E+1	4.797144E+0	-8.887791E-5	3.301310E+2	6.766900E+1	1.410000E+0
2.052500E+1	4.797144E+0	-8.887791E-5	3.301310E+2	6.766900E+1	1.410000E+0
2.072600E+1	4.822260E+0	-8.536302E-5	3.301310E+2	6.766900E+1	1.410000E+0
2.073500E+1	4.822260E+0	-8.536302E-5	3.301310E+2	6.766900E+1	1.410000E+0
2.081700E+1	4.831690E+0	-7.783176E-5	3.301310E+2	6.766900E+1	1.410000E+0
2.082600E+1	4.831690E+0	-7.783176E-5	3.301310E+2	6.766900E+1	1.410000E+0
2.093700E+1	4.858831E+0	-6.979772E-5	3.301310E+2	6.766900E+1	1.410000E+0
2.095100E+1	4.858831E+0	-6.979772E-5	3.301310E+2	6.766900E+1	1.410000E+0
2.103400E+1	4.877041E+0	-8.586579E-5	3.301310E+2	6.766900E+1	1.410000E+0
2.104300E+1	4.877041E+0	-8.586579E-5	3.301310E+2	6.766900E+1	1.410000E+0
2.112700E+1	4.909779E+0	-8.988280E-5	3.301310E+2	6.766900E+1	1.410000E+0
2.113600E+1	4.909779E+0	-8.988280E-5	3.301310E+2	6.766900E+1	1.410000E+0
2.121700E+1	4.924545E+0	-9.189131E-5	3.301310E+2	6.766900E+1	1.410000E+0
2.122600E+1	4.924545E+0	-9.189131E-5	3.301310E+2	6.766900E+1	1.410000E+0
2.130600E+1	4.947253E+0	-1.029381E-4	3.301310E+2	6.766900E+1	1.410000E+0
2.131500E+1	4.947253E+0	-1.029381E-4	3.301310E+2	6.766900E+1	1.410000E+0
2.142700E+1	4.979772E+0	-6.778921E-5	3.301310E+2	6.766900E+1	1.410000E+0
2.143600E+1	4.979772E+0	-6.778921E-5	3.301310E+2	6.766900E+1	1.410000E+0
2.151600E+1	4.996567E+0	-1.024360E-4	3.301310E+2	6.766900E+1	1.410000E+0
2.152500E+1	4.996567E+0	-1.024360E-4	3.301310E+2	6.766900E+1	1.410000E+0
2.160700E+1	5.018105E+0	-1.034402E-4	3.301310E+2	6.766900E+1	1.410000E+0
2.161600E+1	5.018105E+0	-1.034402E-4	3.301310E+2	6.766900E+1	1.410000E+0
2.169600E+1	5.045554E+0	-8.486153E-5	3.301310E+2	6.766900E+1	1.410000E+0
2.170500E+1	5.045554E+0	-8.486153E-5	3.301310E+2	6.766900E+1	1.410000E+0
2.178700E+1	5.067983E+0	-7.984026E-5	3.301310E+2	6.766900E+1	1.410000E+0
2.179500E+1	5.067983E+0	-7.984026E-5	3.301310E+2	6.766900E+1	1.410000E+0
2.191100E+1	5.090428E+0	-9.641046E-5	3.301310E+2	6.766900E+1	1.410000E+0
2.192300E+1	5.090428E+0	-9.641046E-5	3.301310E+2	6.766900E+1	1.410000E+0
2.200600E+1	5.108046E+0	-9.389982E-5	3.301310E+2	6.766900E+1	1.410000E+0
2.201500E+1	5.108046E+0	-9.389982E-5	3.301310E+2	6.766900E+1	1.410000E+0
2.209700E+1	5.138206E+0	-1.044445E-4	3.301310E+2	6.766900E+1	1.410000E+0
2.210600E+1	5.138206E+0	-1.044445E-4	3.301310E+2	6.766900E+1	1.410000E+0
2.218600E+1	5.156386E+0	-9.239344E-5	3.301310E+2	6.766900E+1	1.410000E+0
2.219500E+1	5.156386E+0	-9.239344E-5	3.301310E+2	6.766900E+1	1.410000E+0
2.227700E+1	5.177796E+0	-9.741471E-5	3.301310E+2	6.766900E+1	1.410000E+0
2.228600E+1	5.177796E+0	-9.741471E-5	3.301310E+2	6.766900E+1	1.410000E+0
2.239700E+1	5.196091E+0	-9.992535E-5	3.301310E+2	6.766900E+1	1.410000E+0
2.240600E+1	5.196091E+0	-9.992535E-5	3.301310E+2	6.766900E+1	1.410000E+0
2.248600E+1	5.227855E+0	-9.691258E-5	3.301310E+2	6.766900E+1	1.410000E+0
2.249500E+1	5.227855E+0	-9.691258E-5	3.301310E+2	6.766900E+1	1.410000E+0
2.257700E+1	5.250354E+0	-9.841896E-5	3.301310E+2	6.766900E+1	1.410000E+0
2.258700E+1	5.250354E+0	-9.841896E-5	3.301310E+2	6.766900E+1	1.410000E+0
2.266700E+1	5.260551E+0	-9.942322E-5	3.301310E+2	6.766900E+1	1.410000E+0
2.267600E+1	5.260551E+0	-9.942322E-5	3.301310E+2	6.766900E+1	1.410000E+0
2.275600E+1	5.297772E+0	-7.732963E-5	3.301310E+2	6.766900E+1	1.410000E+0
2.276500E+1	5.297772E+0	-7.732963E-5	3.301310E+2	6.766900E+1	1.410000E+0
2.287800E+1	5.316147E+0	-8.486153E-5	3.301310E+2	6.766900E+1	1.410000E+0
2.288700E+1	5.316147E+0	-8.486153E-5	3.301310E+2	6.766900E+1	1.410000E+0
2.296600E+1	5.337955E+0	-1.019339E-4	3.301310E+2	6.766900E+1	1.410000E+0
2.297900E+1	5.337955E+0	-1.019339E-4	3.301310E+2	6.766900E+1	1.410000E+0
2.306300E+1	5.355495E+0	-8.486153E-5	3.301310E+2	6.766900E+1	1.410000E+0
2.307200E+1	5.355495E+0	-8.486153E-5	3.301310E+2	6.766900E+1	1.410000E+0
2.315300E+1	5.380841E+0	-8.687004E-5	3.301310E+2	6.766900E+1	1.410000E+0
2.316100E+1	5.380841E+0	-8.687004E-5	3.301310E+2	6.766900E+1	1.410000E+0
2.324400E+1	5.406412E+0	-9.590833E-5	3.301310E+2	6.766900E+1	1.410000E+0
2.325300E+1	5.406412E+0	-9.590833E-5	3.301310E+2	6.766900E+1	1.410000E+0
2.336700E+1	5.427349E+0	-1.059509E-4	3.301310E+2	6.766900E+1	1.410000E+0
2.337600E+1	5.427349E+0	-1.059509E-4	3.301310E+2	6.766900E+1	1.410000E+0
2.345700E+1	5.447458E+0	-8.486153E-5	3.301310E+2	6.766900E+1	1.410000E+0
2.346600E+1	5.447458E+0	-8.486153E-5	3.301310E+2	6.766900E+1	1.410000E+0
2.354700E+1	5.475813E+0	-1.129806E-4	3.301310E+2	6.766900E+1	1.410000E+0
2.355600E+1	5.475813E+0	-1.129806E-4	3.301310E+2	6.766900E+1	1.410000E+0
2.363700E+1	5.497088E+0	-1.230232E-4	3.301310E+2	6.766900E+1	1.410000E+0
2.364600E+1	5.497088E+0	-1.230232E-4	3.301310E+2	6.766900E+1	1.410000E+0
2.372600E+1	5.520184E+0	-9.088706E-5	3.301310E+2	6.766900E+1	1.410000E+0
2.373500E+1	5.520184E+0	-9.088706E-5	3.301310E+2	6.766900E+1	1.410000E+0
2.384800E+1	5.546127E+0	-8.235090E-5	3.301310E+2	6.766900E+1	1.410000E+0
2.385700E+1	5.546127E+0	-8.235090E-5	3.301310E+2	6.766900E+1	1.410000E+0
2.393700E+1	5.569236E+0	-9.741471E-5	3.301310E+2	6.766900E+1	1.410000E+0
2.395100E+1	5.569236E+0	-9.741471E-5	3.301310E+2	6.766900E+1	1.410000E+0
2.403200E+1	5.586314E+0	-1.019339E-4	3.301310E+2	6.766900E+1	1.410000E+0
2.404100E+1	5.586314E+0	-1.019339E-4	3.301310E+2	6.766900E+1	1.410000E+0
2.412300E+1	5.603117E+0	-1.019339E-4	3.301310E+2	6.766900E+1	1.410000E+0
2.413200E+1	5.603117E+0	-1.019339E-4	3.301310E+2	6.766900E+1	1.410000E+0
2.421700E+1	5.636234E+0	-1.149892E-4	3.301310E+2	6.766900E+1	1.410000E+0
2.422600E+1	5.636234E+0	-1.149892E-4	3.301310E+2	6.766900E+1	1.410000E+0
2.433800E+1	5.654508E+0	-1.019339E-4	3.301310E+2	6.766900E+1	1.410000E+0
2.434600E+1	5.654508E+0	-1.019339E-4	3.301310E+2	6.766900E+1	1.410000E+0
2.442700E+1	5.680171E+0	-1.104700E-4	3.301310E+2	6.766900E+1	1.410000E+0
2.443500E+1	5.680171E+0	-1.104700E-4	3.301310E+2	6.766900E+1	1.410000E+0
2.451700E+1	5.693431E+0	-1.134828E-4	3.301310E+2	6.766900E+1	1.410000E+0
2.452600E+1	5.693431E+0	-1.134828E-4	3.301310E+2	6.766900E+1	1.410000E+0
2.460600E+1	5.730110E+0	-1.164955E-4	3.301310E+2	6.766900E+1	1.410000E+0
2.461500E+1	5.730110E+0	-1.164955E-4	3.301310E+2	6.766900E+1	1.410000E+0
2.469600E+1	5.746245E+0	-1.180019E-4	3.301310E+2	6.766900E+1	1.410000E+0
2.470600E+1	5.746245E+0	-1.180019E-4	3.301310E+2	6.766900E+1	1.410000E+0
2.481800E+1	5.768445E+0	-1.215168E-4	3.301310E+2	6.766900E+1	1.410000E+0
2.482700E+1	5.768445E+0	-1.215168E-4	3.301310E+2	6.766900E+1	1.410000E+0
2.490700E+1	5.786407E+0	-9.339769E-5	3.301310E+2	6.766900E+1	1.410000E+0
2.492000E+1	5.786407E+0	-9.339769E-5	3.301310E+2	6.766900E+1	1.410000E+0
2.501300E+1	5.817726E+0	-9.239344E-5	3.301310E+2	6.766900E+1	1.410000E+0
2.502200E+1	5.817726E+0	-9.239344E-5	3.301310E+2	6.766900E+1	1.410000E+0
2.510300E+1	5.837186E+0	-9.841896E-5	3.301310E+2	6.766900E+1	1.410000E+0
2.511200E+1	5.837186E+0	-9.841896E-5	3.301310E+2	6.766900E+1	1.410000E+0
2.519200E+1	5.854078E+0	-1.139849E-4	3.301310E+2	6.766900E+1	1.410000E+0
2.520100E+1	5.854078E+0	-1.139849E-4	3.301310E+2	6.766900E+1	1.410000E+0
2.528300E+1	5.883103E+0	-1.154913E-4	3.301310E+2	6.766900E+1	1.410000E+0
2.529200E+1	5.883103E+0	-1.154913E-4	3.301310E+2	6.766900E+1	1.410000E+0
2.537300E+1	5.903968E+0	-1.295508E-4	3.301310E+2	6.766900E+1	1.410000E+0
2.538200E+1	5.903968E+0	-1.295508E-4	3.301310E+2	6.766900E+1	1.410000E+0
2.549400E+1	5.926133E+0	-1.230232E-4	3.301310E+2	6.766900E+1	1.410000E+0
2.550300E+1	5.926133E+0	-1.230232E-4	3.301310E+2	6.766900E+1	1.410000E+0
2.558200E+1	5.947730E+0	-1.034402E-4	3.301310E+2	6.766900E+1	1.410000E+0
2.559200E+1	5.947730E+0	-1.034402E-4	3.301310E+2	6.766900E+1	1.410000E+0
2.567300E+1	5.974386E+0	-1.169977E-4	3.301310E+2	6.766900E+1	1.410000E+0
2.568200E+1	5.974386E+0	-1.169977E-4	3.301310E+2	6.766900E+1	1.410000E+0
2.576300E+1	5.991647E+0	-1.285466E-4	3.301310E+2	6.766900E+1	1.410000E+0
2.577100E+1	5.991647E+0	-1.285466E-4	3.301310E+2	6.766900E+1	1.410000E+0
2.585300E+1	6.014636E+0	-9.841896E-5	3.301310E+2	6.766900E+1	1.410000E+0
2.586300E+1	6.014636E+0	-9.841896E-5	3.301310E+2	6.766900E+1	1.410000E+0
2.597900E+1	6.040107E+0	-1.174998E-4	3.301310E+2	6.766900E+1	1.410000E+0
2.599200E+1	6.040107E+0	-1.174998E-4	3.301310E+2	6.766900E+1	1.410000E+0
2.607200E+1	6.066713E+0	-1.200104E-4	3.301310E+2	6.766900E+1	1.410000E+0
2.608200E+1	6.066713E+0	-1.200104E-4	3.301310E+2	6.766900E+1	1.410000E+0
2.616300E+1	6.078110E+0	-1.240274E-4	3.301310E+2	6.766900E+1	1.410000E+0
2.617100E+1	6.078110E+0	-1.240274E-4	3.301310E+2	6.766900E+1	1.410000E+0
2.625300E+1	6.107777E+0	-1.210147E-4	3.301310E+2	6.766900E+1	1.410000E+0
2.626200E+1	6.107777E+0	-1.210147E-4	3.301310E+2	6.766900E+1	1.410000E+0
2.634300E+1	6.130830E+0	-1.235253E-4	3.301310E+2	6.766900E+1	1.410000E+0
2.635200E+1	6.130830E+0	-1.235253E-4	3.301310E+2	6.766900E+1	1.410000E+0
2.646400E+1	6.157902E+0	-1.190062E-4	3.301310E+2	6.766900E+1	1.410000E+0
2.647300E+1	6.157902E+0	-1.190062E-4	3.301310E+2	6.766900E+1	1.410000E+0
2.655700E+1	6.171511E+0	-9.138919E-5	3.301310E+2	6.766900E+1	1.410000E+0
2.656700E+1	6.171511E+0	-9.138919E-5	3.301310E+2	6.766900E+1	1.410000E+0
2.664700E+1	6.197829E+0	-1.129806E-4	3.301310E+2	6.766900E+1	1.410000E+0
2.665500E+1	6.197829E+0	-1.129806E-4	3.301310E+2	6.766900E+1	1.410000E+0
2.673600E+1	6.226229E+0	-1.099679E-4	3.301310E+2	6.766900E+1	1.410000E+0
2.674500E+1	6.226229E+0	-1.099679E-4	3.301310E+2	6.766900E+1	1.410000E+0
2.682700E+1	6.247928E+0	-1.190062E-4	3.301310E+2	6.766900E+1	1.410000E+0
2.683600E+1	6.247928E+0	-1.190062E-4	3.301310E+2	6.766900E+1	1.410000E+0
2.694800E+1	6.269768E+0	-1.069551E-4	3.301310E+2	6.766900E+1	1.410000E+0
2.696100E+1	6.269768E+0	-1.069551E-4	3.301310E+2	6.766900E+1	1.410000E+0
2.704300E+1	6.294605E+0	-1.069551E-4	3.301310E+2	6.766900E+1	1.410000E+0
2.705200E+1	6.294605E+0	-1.069551E-4	3.301310E+2	6.766900E+1	1.410000E+0
2.713300E+1	6.316241E+0	-1.215168E-4	3.301310E+2	6.766900E+1	1.410000E+0
2.714200E+1	6.316241E+0	-1.215168E-4	3.301310E+2	6.766900E+1	1.410000E+0
2.722400E+1	6.333432E+0	-1.159934E-4	3.301310E+2	6.766900E+1	1.410000E+0
2.723300E+1	6.333432E+0	-1.159934E-4	3.301310E+2	6.766900E+1	1.410000E+0
2.731300E+1	6.356363E+0	-1.245296E-4	3.301310E+2	6.766900E+1	1.410000E+0
2.732200E+1	6.356363E+0	-1.245296E-4	3.301310E+2	6.766900E+1	1.410000E+0
2.743400E+1	6.371172E+0	-1.169977E-4	3.301310E+2	6.766900E+1	1.410000E+0
2.744300E+1	6.371172E+0	-1.169977E-4	3.301310E+2	6.766900E+1	1.410000E+0
2.752300E+1	6.405480E+0	-1.335679E-4	3.301310E+2	6.766900E+1	1.410000E+0
2.753200E+1	6.405480E+0	-1.335679E-4	3.301310E+2	6.766900E+1	1.410000E+0
2.761200E+1	6.422526E+0	-1.270402E-4	3.301310E+2	6.766900E+1	1.410000E+0
2.762200E+1	6.422526E+0	-1.270402E-4	3.301310E+2	6.766900E+1	1.410000E+0
2.770300E+1	6.444173E+0	-1.240274E-4	3.301310E+2	6.766900E+1	1.410000E+0
2.771200E+1	6.444173E+0	-1.240274E-4	3.301310E+2	6.766900E+1	1.410000E+0
2.779300E+1	6.476028E+0	-1.180019E-4	3.301310E+2	6.766900E+1	1.410000E+0
2.780200E+1	6.476028E+0	-1.180019E-4	3.301310E+2	6.766900E+1	1.410000E+0
2.791400E+1	6.494916E+0	-1.375849E-4	3.301310E+2	6.766900E+1	1.410000E+0
2.792800E+1	6.494916E+0	-1.375849E-4	3.301310E+2	6.766900E+1	1.410000E+0
2.800700E+1	6.517315E+0	-1.335679E-4	3.301310E+2	6.766900E+1	1.410000E+0
2.801600E+1	6.517315E+0	-1.335679E-4	3.301310E+2	6.766900E+1	1.410000E+0
2.809800E+1	6.544228E+0	-1.084615E-4	3.301310E+2	6.766900E+1	1.410000E+0
2.810700E+1	6.544228E+0	-1.084615E-4	3.301310E+2	6.766900E+1	1.410000E+0
2.818700E+1	6.567278E+0	-1.295508E-4	3.301310E+2	6.766900E+1	1.410000E+0
2.819600E+1	6.567278E+0	-1.295508E-4	3.301310E+2	6.766900E+1	1.410000E+0
2.827800E+1	6.588761E+0	-1.174998E-4	3.301310E+2	6.766900E+1	1.410000E+0
2.828700E+1	6.588761E+0	-1.174998E-4	3.301310E+2	6.766900E+1	1.410000E+0
2.839900E+1	6.605554E+0	-1.300530E-4	3.301310E+2	6.766900E+1	1.410000E+0
2.840800E+1	6.605554E+0	-1.300530E-4	3.301310E+2	6.766900E+1	1.410000E+0
2.848700E+1	6.634770E+0	-1.240274E-4	3.301310E+2	6.766900E+1	1.410000E+0
2.849600E+1	6.634770E+0	-1.240274E-4	3.301310E+2	6.766900E+1	1.410000E+0
2.867300E+1	6.570624E+0	4.128919E+2	3.301310E+2	6.766900E+1	1.410000E+0
