Sample;s4(j)
V-V length(cm);1.000000
Field (T);4.018147
Temp (K);4.200000
Angle (deg.);0.000000
Field(T)_memo;4.000000
Time(sec.)	Current(A)	Voltage(uV)	Temp.1(K)	Temp.2(K)	Temp.3(K)
0.000000E+0	7.885605E-4	-6.527675E-6	3.301310E+2	6.766900E+1	1.410000E+0
7.700000E-2	7.869566E-4	1.707238E-5	3.301310E+2	6.766900E+1	1.410000E+0
8.600000E-2	7.869566E-4	1.707238E-5	3.301310E+2	6.766900E+1	1.410000E+0
1.670000E-1	8.039979E-4	3.012773E-6	3.301310E+2	6.766900E+1	1.410000E+0
1.760000E-1	8.039979E-4	3.012773E-6	3.301310E+2	6.766900E+1	1.410000E+0
2.560000E-1	1.179243E-2	1.606812E-5	3.301310E+2	6.766900E+1	1.410000E+0
2.650000E-1	1.179243E-2	1.606812E-5	3.301310E+2	6.766900E+1	1.410000E+0
3.460000E-1	1.181048E-2	3.514902E-6	3.301310E+2	6.766900E+1	1.410000E+0
3.540000E-1	1.181048E-2	3.514902E-6	3.301310E+2	6.766900E+1	1.410000E+0
4.660000E-1	2.283159E-2	2.510644E-5	3.301310E+2	6.766900E+1	1.410000E+0
4.750000E-1	2.283159E-2	2.510644E-5	3.301310E+2	6.766900E+1	1.410000E+0
5.560000E-1	2.284523E-2	6.527675E-6	3.301310E+2	6.766900E+1	1.410000E+0
5.650000E-1	2.284523E-2	6.527675E-6	3.301310E+2	6.766900E+1	1.410000E+0
6.460000E-1	2.738202E-2	2.008515E-6	3.301310E+2	6.766900E+1	1.410000E+0
6.550000E-1	2.738202E-2	2.008515E-6	3.301310E+2	6.766900E+1	1.410000E+0
7.360000E-1	2.835238E-2	1.757451E-5	3.301310E+2	6.766900E+1	1.410000E+0
7.440000E-1	2.835238E-2	1.757451E-5	3.301310E+2	6.766900E+1	1.410000E+0
8.270000E-1	3.470357E-2	-1.355748E-5	3.301310E+2	6.766900E+1	1.410000E+0
8.400000E-1	3.470357E-2	-1.355748E-5	3.301310E+2	6.766900E+1	1.410000E+0
9.520000E-1	3.929270E-2	1.506387E-6	3.301310E+2	6.766900E+1	1.410000E+0
9.610000E-1	3.929270E-2	1.506387E-6	3.301310E+2	6.766900E+1	1.410000E+0
1.046000E+0	4.896494E-2	2.560857E-5	3.301310E+2	6.766900E+1	1.410000E+0
1.054000E+0	4.896494E-2	2.560857E-5	3.301310E+2	6.766900E+1	1.410000E+0
1.134000E+0	5.033506E-2	1.807664E-5	3.301310E+2	6.766900E+1	1.410000E+0
1.143000E+0	5.033506E-2	1.807664E-5	3.301310E+2	6.766900E+1	1.410000E+0
1.224000E+0	5.033286E-2	1.154896E-5	3.301310E+2	6.766900E+1	1.410000E+0
1.233000E+0	5.033286E-2	1.154896E-5	3.301310E+2	6.766900E+1	1.410000E+0
1.314000E+0	6.134295E-2	1.606812E-5	3.301310E+2	6.766900E+1	1.410000E+0
1.323000E+0	6.134295E-2	1.606812E-5	3.301310E+2	6.766900E+1	1.410000E+0
1.439000E+0	6.136020E-2	-1.355748E-5	3.301310E+2	6.766900E+1	1.410000E+0
1.447000E+0	6.136020E-2	-1.355748E-5	3.301310E+2	6.766900E+1	1.410000E+0
1.531000E+0	7.237530E-2	-1.506387E-6	3.301310E+2	6.766900E+1	1.410000E+0
1.540000E+0	7.237530E-2	-1.506387E-6	3.301310E+2	6.766900E+1	1.410000E+0
1.624000E+0	7.238493E-2	-1.305535E-5	3.301310E+2	6.766900E+1	1.410000E+0
1.633000E+0	7.238493E-2	-1.305535E-5	3.301310E+2	6.766900E+1	1.410000E+0
1.713000E+0	7.685917E-2	-1.305535E-5	3.301310E+2	6.766900E+1	1.410000E+0
1.722000E+0	7.685917E-2	-1.305535E-5	3.301310E+2	6.766900E+1	1.410000E+0
1.805000E+0	7.783614E-2	3.514902E-6	3.301310E+2	6.766900E+1	1.410000E+0
1.813000E+0	7.783614E-2	3.514902E-6	3.301310E+2	6.766900E+1	1.410000E+0
1.925000E+0	8.645263E-2	3.012462E-6	3.301310E+2	6.766900E+1	1.410000E+0
1.938000E+0	8.645263E-2	3.012462E-6	3.301310E+2	6.766900E+1	1.410000E+0
2.024000E+0	8.889315E-2	5.523105E-6	3.301310E+2	6.766900E+1	1.410000E+0
2.032000E+0	8.889315E-2	5.523105E-6	3.301310E+2	6.766900E+1	1.410000E+0
2.114000E+0	9.785668E-2	-1.908120E-5	3.301310E+2	6.766900E+1	1.410000E+0
2.122000E+0	9.785668E-2	-1.908120E-5	3.301310E+2	6.766900E+1	1.410000E+0
2.203000E+0	9.991106E-2	3.012462E-6	3.301310E+2	6.766900E+1	1.410000E+0
2.212000E+0	9.991106E-2	3.012462E-6	3.301310E+2	6.766900E+1	1.410000E+0
2.292000E+0	9.989622E-2	-8.536499E-6	3.301310E+2	6.766900E+1	1.410000E+0
2.301000E+0	9.989622E-2	-8.536499E-6	3.301310E+2	6.766900E+1	1.410000E+0
2.414000E+0	1.109364E-1	2.309761E-5	3.301310E+2	6.766900E+1	1.410000E+0
2.422000E+0	1.109364E-1	2.309761E-5	3.301310E+2	6.766900E+1	1.410000E+0
2.503000E+0	1.109348E-1	1.556568E-5	3.301310E+2	6.766900E+1	1.410000E+0
2.511000E+0	1.109348E-1	1.556568E-5	3.301310E+2	6.766900E+1	1.410000E+0
2.592000E+0	1.219096E-1	-5.024394E-7	3.301310E+2	6.766900E+1	1.410000E+0
2.601000E+0	1.219096E-1	-5.024394E-7	3.301310E+2	6.766900E+1	1.410000E+0
2.683000E+0	1.219082E-1	1.908058E-5	3.301310E+2	6.766900E+1	1.410000E+0
2.692000E+0	1.219082E-1	1.908058E-5	3.301310E+2	6.766900E+1	1.410000E+0
2.773000E+0	1.310564E-1	1.807632E-5	3.301310E+2	6.766900E+1	1.410000E+0
2.781000E+0	1.310564E-1	1.807632E-5	3.301310E+2	6.766900E+1	1.410000E+0
2.893000E+0	1.329528E-1	6.025234E-6	3.301310E+2	6.766900E+1	1.410000E+0
2.906000E+0	1.329528E-1	6.025234E-6	3.301310E+2	6.766900E+1	1.410000E+0
2.991000E+0	1.384447E-1	-8.034370E-6	3.301310E+2	6.766900E+1	1.410000E+0
3.000000E+0	1.384447E-1	-8.034370E-6	3.301310E+2	6.766900E+1	1.410000E+0
3.082000E+0	1.384892E-1	1.656994E-5	3.301310E+2	6.766900E+1	1.410000E+0
3.091000E+0	1.384892E-1	1.656994E-5	3.301310E+2	6.766900E+1	1.410000E+0
3.172000E+0	1.476177E-1	1.506076E-6	3.301310E+2	6.766900E+1	1.410000E+0
3.181000E+0	1.476177E-1	1.506076E-6	3.301310E+2	6.766900E+1	1.410000E+0
3.261000E+0	1.495031E-1	2.058697E-5	3.301310E+2	6.766900E+1	1.410000E+0
3.270000E+0	1.495031E-1	2.058697E-5	3.301310E+2	6.766900E+1	1.410000E+0
3.383000E+0	1.494977E-1	1.003947E-6	3.301310E+2	6.766900E+1	1.410000E+0
3.392000E+0	1.494977E-1	1.003947E-6	3.301310E+2	6.766900E+1	1.410000E+0
3.471000E+0	1.605390E-1	1.456142E-5	3.301310E+2	6.766900E+1	1.410000E+0
3.480000E+0	1.605390E-1	1.456142E-5	3.301310E+2	6.766900E+1	1.410000E+0
3.561000E+0	1.605320E-1	1.355717E-5	3.301310E+2	6.766900E+1	1.410000E+0
3.569000E+0	1.605320E-1	1.355717E-5	3.301310E+2	6.766900E+1	1.410000E+0
3.650000E+0	1.715261E-1	6.025234E-6	3.301310E+2	6.766900E+1	1.410000E+0
3.659000E+0	1.715261E-1	6.025234E-6	3.301310E+2	6.766900E+1	1.410000E+0
3.741000E+0	1.715363E-1	-7.030113E-6	3.301310E+2	6.766900E+1	1.410000E+0
3.750000E+0	1.715363E-1	-7.030113E-6	3.301310E+2	6.766900E+1	1.410000E+0
3.861000E+0	1.803623E-1	-1.004568E-6	3.301310E+2	6.766900E+1	1.410000E+0
3.874000E+0	1.803623E-1	-1.004568E-6	3.301310E+2	6.766900E+1	1.410000E+0
3.959000E+0	1.825745E-1	-1.205140E-5	3.301310E+2	6.766900E+1	1.410000E+0
3.969000E+0	1.825745E-1	-1.205140E-5	3.301310E+2	6.766900E+1	1.410000E+0
4.051000E+0	1.867718E-1	-2.510954E-6	3.301310E+2	6.766900E+1	1.410000E+0
4.060000E+0	1.867718E-1	-2.510954E-6	3.301310E+2	6.766900E+1	1.410000E+0
4.139000E+0	1.880656E-1	9.038007E-6	3.301310E+2	6.766900E+1	1.410000E+0
4.149000E+0	1.880656E-1	9.038007E-6	3.301310E+2	6.766900E+1	1.410000E+0
4.230000E+0	1.972346E-1	-4.017341E-6	3.301310E+2	6.766900E+1	1.410000E+0
4.239000E+0	1.972346E-1	-4.017341E-6	3.301310E+2	6.766900E+1	1.410000E+0
4.351000E+0	1.991029E-1	1.405929E-5	3.301310E+2	6.766900E+1	1.410000E+0
4.360000E+0	1.991029E-1	1.405929E-5	3.301310E+2	6.766900E+1	1.410000E+0
4.440000E+0	1.991137E-1	-1.506697E-6	3.301310E+2	6.766900E+1	1.410000E+0
4.449000E+0	1.991137E-1	-1.506697E-6	3.301310E+2	6.766900E+1	1.410000E+0
4.529000E+0	2.082086E-1	-7.030113E-6	3.301310E+2	6.766900E+1	1.410000E+0
4.539000E+0	2.082086E-1	-7.030113E-6	3.301310E+2	6.766900E+1	1.410000E+0
4.619000E+0	2.100374E-1	6.527363E-6	3.301310E+2	6.766900E+1	1.410000E+0
4.628000E+0	2.100374E-1	6.527363E-6	3.301310E+2	6.766900E+1	1.410000E+0
4.709000E+0	2.210541E-1	-4.519469E-6	3.301310E+2	6.766900E+1	1.410000E+0
4.717000E+0	2.210541E-1	-4.519469E-6	3.301310E+2	6.766900E+1	1.410000E+0
4.830000E+0	2.210589E-1	-3.515212E-6	3.301310E+2	6.766900E+1	1.410000E+0
4.843000E+0	2.210589E-1	-3.515212E-6	3.301310E+2	6.766900E+1	1.410000E+0
4.925000E+0	2.283354E-1	-2.510954E-6	3.301310E+2	6.766900E+1	1.410000E+0
4.934000E+0	2.283354E-1	-2.510954E-6	3.301310E+2	6.766900E+1	1.410000E+0
5.018000E+0	2.320847E-1	-1.154927E-5	3.301310E+2	6.766900E+1	1.410000E+0
5.027000E+0	2.320847E-1	-1.154927E-5	3.301310E+2	6.766900E+1	1.410000E+0
5.108000E+0	2.360896E-1	-1.606843E-5	3.301310E+2	6.766900E+1	1.410000E+0
5.117000E+0	2.360896E-1	-1.606843E-5	3.301310E+2	6.766900E+1	1.410000E+0
5.198000E+0	2.375958E-1	1.004226E-5	3.301310E+2	6.766900E+1	1.410000E+0
5.207000E+0	2.375958E-1	1.004226E-5	3.301310E+2	6.766900E+1	1.410000E+0
5.320000E+0	2.466917E-1	-2.510954E-6	3.301310E+2	6.766900E+1	1.410000E+0
5.329000E+0	2.466917E-1	-2.510954E-6	3.301310E+2	6.766900E+1	1.410000E+0
5.408000E+0	2.486492E-1	1.506076E-6	3.301310E+2	6.766900E+1	1.410000E+0
5.417000E+0	2.486492E-1	1.506076E-6	3.301310E+2	6.766900E+1	1.410000E+0
5.498000E+0	2.486370E-1	-6.527984E-6	3.301310E+2	6.766900E+1	1.410000E+0
5.506000E+0	2.486370E-1	-6.527984E-6	3.301310E+2	6.766900E+1	1.410000E+0
5.587000E+0	2.596311E-1	-2.510675E-5	3.301310E+2	6.766900E+1	1.410000E+0
5.597000E+0	2.596311E-1	-2.510675E-5	3.301310E+2	6.766900E+1	1.410000E+0
5.677000E+0	2.596282E-1	2.008204E-6	3.301310E+2	6.766900E+1	1.410000E+0
5.686000E+0	2.596282E-1	2.008204E-6	3.301310E+2	6.766900E+1	1.410000E+0
5.801000E+0	2.706660E-1	-1.205140E-5	3.301310E+2	6.766900E+1	1.410000E+0
5.810000E+0	2.706660E-1	-1.205140E-5	3.301310E+2	6.766900E+1	1.410000E+0
5.894000E+0	2.706560E-1	-9.038628E-6	3.301310E+2	6.766900E+1	1.410000E+0
5.907000E+0	2.706560E-1	-9.038628E-6	3.301310E+2	6.766900E+1	1.410000E+0
5.987000E+0	2.761641E-1	7.531620E-6	3.301310E+2	6.766900E+1	1.410000E+0
5.996000E+0	2.761641E-1	7.531620E-6	3.301310E+2	6.766900E+1	1.410000E+0
6.076000E+0	2.816735E-1	-1.305566E-5	3.301310E+2	6.766900E+1	1.410000E+0
6.084000E+0	2.816735E-1	-1.305566E-5	3.301310E+2	6.766900E+1	1.410000E+0
6.167000E+0	2.904195E-1	-3.013083E-6	3.301310E+2	6.766900E+1	1.410000E+0
6.176000E+0	2.904195E-1	-3.013083E-6	3.301310E+2	6.766900E+1	1.410000E+0
6.286000E+0	2.927225E-1	-1.757482E-5	3.301310E+2	6.766900E+1	1.410000E+0
6.295000E+0	2.927225E-1	-1.757482E-5	3.301310E+2	6.766900E+1	1.410000E+0
6.376000E+0	2.964475E-1	-2.360036E-5	3.301310E+2	6.766900E+1	1.410000E+0
6.385000E+0	2.964475E-1	-2.360036E-5	3.301310E+2	6.766900E+1	1.410000E+0
6.467000E+0	2.983636E-1	-3.106612E-10	3.301310E+2	6.766900E+1	1.410000E+0
6.475000E+0	2.983636E-1	-3.106612E-10	3.301310E+2	6.766900E+1	1.410000E+0
6.556000E+0	2.983664E-1	4.016719E-6	3.301310E+2	6.766900E+1	1.410000E+0
6.565000E+0	2.983664E-1	4.016719E-6	3.301310E+2	6.766900E+1	1.410000E+0
6.646000E+0	3.094250E-1	-1.054501E-5	3.301310E+2	6.766900E+1	1.410000E+0
6.655000E+0	3.094250E-1	-1.054501E-5	3.301310E+2	6.766900E+1	1.410000E+0
6.766000E+0	3.094234E-1	-1.305566E-5	3.301310E+2	6.766900E+1	1.410000E+0
6.775000E+0	3.094234E-1	-1.305566E-5	3.301310E+2	6.766900E+1	1.410000E+0
6.856000E+0	3.158758E-1	-2.711526E-5	3.301310E+2	6.766900E+1	1.410000E+0
6.869000E+0	3.158758E-1	-2.711526E-5	3.301310E+2	6.766900E+1	1.410000E+0
6.951000E+0	3.204619E-1	-1.004289E-5	3.301310E+2	6.766900E+1	1.410000E+0
6.960000E+0	3.204619E-1	-1.004289E-5	3.301310E+2	6.766900E+1	1.410000E+0
7.045000E+0	3.315135E-1	-1.054501E-5	3.301310E+2	6.766900E+1	1.410000E+0
7.054000E+0	3.315135E-1	-1.054501E-5	3.301310E+2	6.766900E+1	1.410000E+0
7.135000E+0	3.315135E-1	-1.104714E-5	3.301310E+2	6.766900E+1	1.410000E+0
7.144000E+0	3.315135E-1	-1.104714E-5	3.301310E+2	6.766900E+1	1.410000E+0
7.255000E+0	3.394293E-1	2.510333E-6	3.301310E+2	6.766900E+1	1.410000E+0
7.264000E+0	3.394293E-1	2.510333E-6	3.301310E+2	6.766900E+1	1.410000E+0
7.345000E+0	3.425132E-1	2.510333E-6	3.301310E+2	6.766900E+1	1.410000E+0
7.353000E+0	3.425132E-1	2.510333E-6	3.301310E+2	6.766900E+1	1.410000E+0
7.434000E+0	3.465700E-1	-2.309823E-5	3.301310E+2	6.766900E+1	1.410000E+0
7.443000E+0	3.465700E-1	-2.309823E-5	3.301310E+2	6.766900E+1	1.410000E+0
7.524000E+0	3.480486E-1	-9.540757E-6	3.301310E+2	6.766900E+1	1.410000E+0
7.533000E+0	3.480486E-1	-9.540757E-6	3.301310E+2	6.766900E+1	1.410000E+0
7.614000E+0	3.480558E-1	-1.506697E-6	3.301310E+2	6.766900E+1	1.410000E+0
7.623000E+0	3.480558E-1	-1.506697E-6	3.301310E+2	6.766900E+1	1.410000E+0
7.735000E+0	3.590819E-1	-1.255353E-5	3.301310E+2	6.766900E+1	1.410000E+0
7.743000E+0	3.590819E-1	-1.255353E-5	3.301310E+2	6.766900E+1	1.410000E+0
7.824000E+0	3.591092E-1	-1.556630E-5	3.301310E+2	6.766900E+1	1.410000E+0
7.837000E+0	3.591092E-1	-1.556630E-5	3.301310E+2	6.766900E+1	1.410000E+0
7.919000E+0	3.701073E-1	-1.104714E-5	3.301310E+2	6.766900E+1	1.410000E+0
7.927000E+0	3.701073E-1	-1.104714E-5	3.301310E+2	6.766900E+1	1.410000E+0
8.013000E+0	3.701059E-1	-2.912378E-5	3.301310E+2	6.766900E+1	1.410000E+0
8.022000E+0	3.701059E-1	-2.912378E-5	3.301310E+2	6.766900E+1	1.410000E+0
8.103000E+0	3.766898E-1	-1.004289E-5	3.301310E+2	6.766900E+1	1.410000E+0
8.112000E+0	3.766898E-1	-1.004289E-5	3.301310E+2	6.766900E+1	1.410000E+0
8.225000E+0	3.811208E-1	-2.510954E-6	3.301310E+2	6.766900E+1	1.410000E+0
8.233000E+0	3.811208E-1	-2.510954E-6	3.301310E+2	6.766900E+1	1.410000E+0
8.312000E+0	3.896515E-1	-1.657056E-5	3.301310E+2	6.766900E+1	1.410000E+0
8.321000E+0	3.896515E-1	-1.657056E-5	3.301310E+2	6.766900E+1	1.410000E+0
8.403000E+0	3.920601E-1	1.004226E-5	3.301310E+2	6.766900E+1	1.410000E+0
8.412000E+0	3.920601E-1	1.004226E-5	3.301310E+2	6.766900E+1	1.410000E+0
8.493000E+0	3.975482E-1	-1.657056E-5	3.301310E+2	6.766900E+1	1.410000E+0
8.502000E+0	3.975482E-1	-1.657056E-5	3.301310E+2	6.766900E+1	1.410000E+0
8.582000E+0	4.031013E-1	4.016719E-6	3.301310E+2	6.766900E+1	1.410000E+0
8.592000E+0	4.031013E-1	4.016719E-6	3.301310E+2	6.766900E+1	1.410000E+0
8.703000E+0	4.031037E-1	-2.510675E-5	3.301310E+2	6.766900E+1	1.410000E+0
8.712000E+0	4.031037E-1	-2.510675E-5	3.301310E+2	6.766900E+1	1.410000E+0
8.792000E+0	4.085892E-1	-3.464719E-5	3.301310E+2	6.766900E+1	1.410000E+0
8.801000E+0	4.085892E-1	-3.464719E-5	3.301310E+2	6.766900E+1	1.410000E+0
8.881000E+0	4.085787E-1	-8.034370E-6	3.301310E+2	6.766900E+1	1.410000E+0
8.894000E+0	4.085787E-1	-8.034370E-6	3.301310E+2	6.766900E+1	1.410000E+0
8.978000E+0	4.196237E-1	-6.025855E-6	3.301310E+2	6.766900E+1	1.410000E+0
8.987000E+0	4.196237E-1	-6.025855E-6	3.301310E+2	6.766900E+1	1.410000E+0
9.071000E+0	4.196343E-1	1.405929E-5	3.301310E+2	6.766900E+1	1.410000E+0
9.079000E+0	4.196343E-1	1.405929E-5	3.301310E+2	6.766900E+1	1.410000E+0
9.193000E+0	4.285381E-1	-3.106612E-10	3.301310E+2	6.766900E+1	1.410000E+0
9.202000E+0	4.285381E-1	-3.106612E-10	3.301310E+2	6.766900E+1	1.410000E+0
9.281000E+0	4.306202E-1	-8.536499E-6	3.301310E+2	6.766900E+1	1.410000E+0
9.289000E+0	4.306202E-1	-8.536499E-6	3.301310E+2	6.766900E+1	1.410000E+0
9.371000E+0	4.393179E-1	-2.862165E-5	3.301310E+2	6.766900E+1	1.410000E+0
9.379000E+0	4.393179E-1	-2.862165E-5	3.301310E+2	6.766900E+1	1.410000E+0
9.461000E+0	4.416449E-1	-1.305566E-5	3.301310E+2	6.766900E+1	1.410000E+0
9.470000E+0	4.416449E-1	-1.305566E-5	3.301310E+2	6.766900E+1	1.410000E+0
9.551000E+0	4.502167E-1	-1.958333E-5	3.301310E+2	6.766900E+1	1.410000E+0
9.560000E+0	4.502167E-1	-1.958333E-5	3.301310E+2	6.766900E+1	1.410000E+0
9.671000E+0	4.526478E-1	3.514590E-6	3.301310E+2	6.766900E+1	1.410000E+0
9.680000E+0	4.526478E-1	3.514590E-6	3.301310E+2	6.766900E+1	1.410000E+0
9.760000E+0	4.526516E-1	-1.255353E-5	3.301310E+2	6.766900E+1	1.410000E+0
9.769000E+0	4.526516E-1	-1.255353E-5	3.301310E+2	6.766900E+1	1.410000E+0
9.851000E+0	4.581800E-1	-9.540757E-6	3.301310E+2	6.766900E+1	1.410000E+0
9.865000E+0	4.581800E-1	-9.540757E-6	3.301310E+2	6.766900E+1	1.410000E+0
9.946000E+0	4.581876E-1	-9.038628E-6	3.301310E+2	6.766900E+1	1.410000E+0
9.955000E+0	4.581876E-1	-9.038628E-6	3.301310E+2	6.766900E+1	1.410000E+0
1.003900E+1	4.691869E-1	-2.058759E-5	3.301310E+2	6.766900E+1	1.410000E+0
1.004900E+1	4.691869E-1	-2.058759E-5	3.301310E+2	6.766900E+1	1.410000E+0
1.016000E+1	4.692109E-1	-3.916635E-5	3.301310E+2	6.766900E+1	1.410000E+0
1.016900E+1	4.692109E-1	-3.916635E-5	3.301310E+2	6.766900E+1	1.410000E+0
1.025000E+1	4.777919E-1	-3.464719E-5	3.301310E+2	6.766900E+1	1.410000E+0
1.025900E+1	4.777919E-1	-3.464719E-5	3.301310E+2	6.766900E+1	1.410000E+0
1.033900E+1	4.801988E-1	5.020977E-6	3.301310E+2	6.766900E+1	1.410000E+0
1.034800E+1	4.801988E-1	5.020977E-6	3.301310E+2	6.766900E+1	1.410000E+0
1.042900E+1	4.892114E-1	-3.515212E-6	3.301310E+2	6.766900E+1	1.410000E+0
1.043800E+1	4.892114E-1	-3.515212E-6	3.301310E+2	6.766900E+1	1.410000E+0
1.052000E+1	4.912389E-1	-2.510954E-6	3.301310E+2	6.766900E+1	1.410000E+0
1.052900E+1	4.912389E-1	-2.510954E-6	3.301310E+2	6.766900E+1	1.410000E+0
1.064000E+1	5.003346E-1	1.004226E-5	3.301310E+2	6.766900E+1	1.410000E+0
1.064900E+1	5.003346E-1	1.004226E-5	3.301310E+2	6.766900E+1	1.410000E+0
1.072900E+1	5.022647E-1	2.811890E-5	3.301310E+2	6.766900E+1	1.410000E+0
1.073800E+1	5.022647E-1	2.811890E-5	3.301310E+2	6.766900E+1	1.410000E+0
1.081900E+1	5.022608E-1	1.004226E-5	3.301310E+2	6.766900E+1	1.410000E+0
1.083200E+1	5.022608E-1	1.004226E-5	3.301310E+2	6.766900E+1	1.410000E+0
1.091600E+1	5.077670E-1	6.929345E-5	3.301310E+2	6.766900E+1	1.410000E+0
1.092500E+1	5.077670E-1	6.929345E-5	3.301310E+2	6.766900E+1	1.410000E+0
1.100900E+1	5.077592E-1	4.117425E-5	3.301310E+2	6.766900E+1	1.410000E+0
1.101700E+1	5.077592E-1	4.117425E-5	3.301310E+2	6.766900E+1	1.410000E+0
1.113200E+1	5.187539E-1	1.029361E-4	3.301310E+2	6.766900E+1	1.410000E+0
1.114000E+1	5.187539E-1	1.029361E-4	3.301310E+2	6.766900E+1	1.410000E+0
1.122500E+1	5.187655E-1	1.476255E-4	3.301310E+2	6.766900E+1	1.410000E+0
1.123400E+1	5.187655E-1	1.476255E-4	3.301310E+2	6.766900E+1	1.410000E+0
1.131800E+1	5.297947E-1	2.083831E-4	3.301310E+2	6.766900E+1	1.410000E+0
1.132600E+1	5.297947E-1	2.083831E-4	3.301310E+2	6.766900E+1	1.410000E+0
1.140800E+1	5.298003E-1	2.093874E-4	3.301310E+2	6.766900E+1	1.410000E+0
1.141600E+1	5.298003E-1	2.093874E-4	3.301310E+2	6.766900E+1	1.410000E+0
1.149800E+1	5.386908E-1	2.761705E-4	3.301310E+2	6.766900E+1	1.410000E+0
1.150700E+1	5.386908E-1	2.761705E-4	3.301310E+2	6.766900E+1	1.410000E+0
1.161900E+1	5.408013E-1	3.238735E-4	3.301310E+2	6.766900E+1	1.410000E+0
1.162800E+1	5.408013E-1	3.238735E-4	3.301310E+2	6.766900E+1	1.410000E+0
1.170700E+1	5.493434E-1	4.604526E-4	3.301310E+2	6.766900E+1	1.410000E+0
1.171600E+1	5.493434E-1	4.604526E-4	3.301310E+2	6.766900E+1	1.410000E+0
1.179700E+1	5.518387E-1	4.629632E-4	3.301310E+2	6.766900E+1	1.410000E+0
1.180600E+1	5.518387E-1	4.629632E-4	3.301310E+2	6.766900E+1	1.410000E+0
1.188700E+1	5.518509E-1	4.971080E-4	3.301310E+2	6.766900E+1	1.410000E+0
1.190000E+1	5.518509E-1	4.971080E-4	3.301310E+2	6.766900E+1	1.410000E+0
1.198300E+1	5.627850E-1	6.527680E-4	3.301310E+2	6.766900E+1	1.410000E+0
1.199200E+1	5.627850E-1	6.527680E-4	3.301310E+2	6.766900E+1	1.410000E+0
1.210900E+1	5.627720E-1	6.522659E-4	3.301310E+2	6.766900E+1	1.410000E+0
1.211700E+1	5.627720E-1	6.522659E-4	3.301310E+2	6.766900E+1	1.410000E+0
1.219700E+1	5.657604E-1	7.039851E-4	3.301310E+2	6.766900E+1	1.410000E+0
1.220600E+1	5.657604E-1	7.039851E-4	3.301310E+2	6.766900E+1	1.410000E+0
1.228600E+1	5.682946E-1	7.552023E-4	3.301310E+2	6.766900E+1	1.410000E+0
1.229500E+1	5.682946E-1	7.552023E-4	3.301310E+2	6.766900E+1	1.410000E+0
1.237600E+1	5.769780E-1	9.063431E-4	3.301310E+2	6.766900E+1	1.410000E+0
1.238500E+1	5.769780E-1	9.063431E-4	3.301310E+2	6.766900E+1	1.410000E+0
1.246600E+1	5.793253E-1	9.620794E-4	3.301310E+2	6.766900E+1	1.410000E+0
1.247500E+1	5.793253E-1	9.620794E-4	3.301310E+2	6.766900E+1	1.410000E+0
1.258700E+1	5.878919E-1	1.124769E-3	3.301310E+2	6.766900E+1	1.410000E+0
1.259600E+1	5.878919E-1	1.124769E-3	3.301310E+2	6.766900E+1	1.410000E+0
1.267500E+1	5.903318E-1	1.159416E-3	3.301310E+2	6.766900E+1	1.410000E+0
1.268400E+1	5.903318E-1	1.159416E-3	3.301310E+2	6.766900E+1	1.410000E+0
1.276600E+1	5.990203E-1	1.398932E-3	3.301310E+2	6.766900E+1	1.410000E+0
1.277500E+1	5.990203E-1	1.398932E-3	3.301310E+2	6.766900E+1	1.410000E+0
1.285600E+1	6.013732E-1	1.487306E-3	3.301310E+2	6.766900E+1	1.410000E+0
1.286800E+1	6.013732E-1	1.487306E-3	3.301310E+2	6.766900E+1	1.410000E+0
1.295300E+1	6.013806E-1	1.483289E-3	3.301310E+2	6.766900E+1	1.410000E+0
1.296200E+1	6.013806E-1	1.483289E-3	3.301310E+2	6.766900E+1	1.410000E+0
1.307700E+1	6.123580E-1	1.840805E-3	3.301310E+2	6.766900E+1	1.410000E+0
1.308600E+1	6.123580E-1	1.840805E-3	3.301310E+2	6.766900E+1	1.410000E+0
1.316600E+1	6.123576E-1	1.902567E-3	3.301310E+2	6.766900E+1	1.410000E+0
1.317400E+1	6.123576E-1	1.902567E-3	3.301310E+2	6.766900E+1	1.410000E+0
1.325500E+1	6.178665E-1	2.109444E-3	3.301310E+2	6.766900E+1	1.410000E+0
1.326400E+1	6.178665E-1	2.109444E-3	3.301310E+2	6.766900E+1	1.410000E+0
1.334600E+1	6.178774E-1	2.163674E-3	3.301310E+2	6.766900E+1	1.410000E+0
1.335500E+1	6.178774E-1	2.163674E-3	3.301310E+2	6.766900E+1	1.410000E+0
1.344500E+1	6.234751E-1	2.410721E-3	3.301310E+2	6.766900E+1	1.410000E+0
1.345300E+1	6.234751E-1	2.410721E-3	3.301310E+2	6.766900E+1	1.410000E+0
1.356600E+1	6.289037E-1	2.733590E-3	3.301310E+2	6.766900E+1	1.410000E+0
1.357500E+1	6.289037E-1	2.733590E-3	3.301310E+2	6.766900E+1	1.410000E+0
1.365500E+1	6.360839E-1	3.234715E-3	3.301310E+2	6.766900E+1	1.410000E+0
1.366400E+1	6.360839E-1	3.234715E-3	3.301310E+2	6.766900E+1	1.410000E+0
1.374400E+1	6.399655E-1	3.522937E-3	3.301310E+2	6.766900E+1	1.410000E+0
1.375300E+1	6.399655E-1	3.522937E-3	3.301310E+2	6.766900E+1	1.410000E+0
1.383500E+1	6.441837E-1	3.883968E-3	3.301310E+2	6.766900E+1	1.410000E+0
1.384800E+1	6.441837E-1	3.883968E-3	3.301310E+2	6.766900E+1	1.410000E+0
1.393100E+1	6.509700E-1	4.520165E-3	3.301310E+2	6.766900E+1	1.410000E+0
1.394000E+1	6.509700E-1	4.520165E-3	3.301310E+2	6.766900E+1	1.410000E+0
1.405600E+1	6.509790E-1	4.557323E-3	3.301310E+2	6.766900E+1	1.410000E+0
1.406500E+1	6.509790E-1	4.557323E-3	3.301310E+2	6.766900E+1	1.410000E+0
1.414300E+1	6.620512E-1	5.677070E-3	3.301310E+2	6.766900E+1	1.410000E+0
1.415300E+1	6.620512E-1	5.677070E-3	3.301310E+2	6.766900E+1	1.410000E+0
1.423400E+1	6.620687E-1	5.754398E-3	3.301310E+2	6.766900E+1	1.410000E+0
1.424300E+1	6.620687E-1	5.754398E-3	3.301310E+2	6.766900E+1	1.410000E+0
1.432400E+1	6.730984E-1	7.092572E-3	3.301310E+2	6.766900E+1	1.410000E+0
1.433300E+1	6.730984E-1	7.092572E-3	3.301310E+2	6.766900E+1	1.410000E+0
1.441400E+1	6.730992E-1	7.170904E-3	3.301310E+2	6.766900E+1	1.410000E+0
1.442300E+1	6.730992E-1	7.170904E-3	3.301310E+2	6.766900E+1	1.410000E+0
1.453400E+1	6.775286E-1	7.819152E-3	3.301310E+2	6.766900E+1	1.410000E+0
1.454300E+1	6.775286E-1	7.819152E-3	3.301310E+2	6.766900E+1	1.410000E+0
1.462400E+1	6.786413E-1	8.058166E-3	3.301310E+2	6.766900E+1	1.410000E+0
1.463300E+1	6.786413E-1	8.058166E-3	3.301310E+2	6.766900E+1	1.410000E+0
1.471400E+1	6.871543E-1	9.396339E-3	3.301310E+2	6.766900E+1	1.410000E+0
1.472300E+1	6.871543E-1	9.396339E-3	3.301310E+2	6.766900E+1	1.410000E+0
1.480300E+1	6.896806E-1	9.856290E-3	3.301310E+2	6.766900E+1	1.410000E+0
1.481300E+1	6.896806E-1	9.856290E-3	3.301310E+2	6.766900E+1	1.410000E+0
1.489300E+1	6.978226E-1	1.144854E-2	3.301310E+2	6.766900E+1	1.410000E+0
1.490600E+1	6.978226E-1	1.144854E-2	3.301310E+2	6.766900E+1	1.410000E+0
1.502000E+1	7.006743E-1	1.214750E-2	3.301310E+2	6.766900E+1	1.410000E+0
1.502900E+1	7.006743E-1	1.214750E-2	3.301310E+2	6.766900E+1	1.410000E+0
1.511200E+1	7.006881E-1	1.222232E-2	3.301310E+2	6.766900E+1	1.410000E+0
1.512200E+1	7.006881E-1	1.222232E-2	3.301310E+2	6.766900E+1	1.410000E+0
1.520300E+1	7.117220E-1	1.468727E-2	3.301310E+2	6.766900E+1	1.410000E+0
1.521200E+1	7.117220E-1	1.468727E-2	3.301310E+2	6.766900E+1	1.410000E+0
1.529300E+1	7.117162E-1	1.482134E-2	3.301310E+2	6.766900E+1	1.410000E+0
1.530200E+1	7.117162E-1	1.482134E-2	3.301310E+2	6.766900E+1	1.410000E+0
1.538200E+1	7.227484E-1	1.779394E-2	3.301310E+2	6.766900E+1	1.410000E+0
1.539100E+1	7.227484E-1	1.779394E-2	3.301310E+2	6.766900E+1	1.410000E+0
1.550600E+1	7.227480E-1	1.797270E-2	3.301310E+2	6.766900E+1	1.410000E+0
1.551500E+1	7.227480E-1	1.797270E-2	3.301310E+2	6.766900E+1	1.410000E+0
1.559300E+1	7.265901E-1	1.928075E-2	3.301310E+2	6.766900E+1	1.410000E+0
1.560100E+1	7.265901E-1	1.928075E-2	3.301310E+2	6.766900E+1	1.410000E+0
1.568200E+1	7.282581E-1	1.983560E-2	3.301310E+2	6.766900E+1	1.410000E+0
1.569100E+1	7.282581E-1	1.983560E-2	3.301310E+2	6.766900E+1	1.410000E+0
1.577300E+1	7.364151E-1	2.263045E-2	3.301310E+2	6.766900E+1	1.410000E+0
1.578200E+1	7.364151E-1	2.263045E-2	3.301310E+2	6.766900E+1	1.410000E+0
1.586300E+1	7.391768E-1	2.372961E-2	3.301310E+2	6.766900E+1	1.410000E+0
1.587600E+1	7.391768E-1	2.372961E-2	3.301310E+2	6.766900E+1	1.410000E+0
1.599100E+1	7.480551E-1	2.805897E-2	3.301310E+2	6.766900E+1	1.410000E+0
1.600000E+1	7.480551E-1	2.805897E-2	3.301310E+2	6.766900E+1	1.410000E+0
1.608200E+1	7.502416E-1	2.837280E-2	3.301310E+2	6.766900E+1	1.410000E+0
1.609100E+1	7.502416E-1	2.837280E-2	3.301310E+2	6.766900E+1	1.410000E+0
1.617200E+1	7.502282E-1	2.850737E-2	3.301310E+2	6.766900E+1	1.410000E+0
1.618000E+1	7.502282E-1	2.850737E-2	3.301310E+2	6.766900E+1	1.410000E+0
1.626200E+1	7.612463E-1	3.347091E-2	3.301310E+2	6.766900E+1	1.410000E+0
1.627100E+1	7.612463E-1	3.347091E-2	3.301310E+2	6.766900E+1	1.410000E+0
1.635200E+1	7.612623E-1	3.370189E-2	3.301310E+2	6.766900E+1	1.410000E+0
1.636100E+1	7.612623E-1	3.370189E-2	3.301310E+2	6.766900E+1	1.410000E+0
1.647200E+1	7.722856E-1	3.934281E-2	3.301310E+2	6.766900E+1	1.410000E+0
1.648100E+1	7.722856E-1	3.934281E-2	3.301310E+2	6.766900E+1	1.410000E+0
1.656200E+1	7.723007E-1	3.971187E-2	3.301310E+2	6.766900E+1	1.410000E+0
1.657100E+1	7.723007E-1	3.971187E-2	3.301310E+2	6.766900E+1	1.410000E+0
1.665100E+1	7.765652E-1	4.222955E-2	3.301310E+2	6.766900E+1	1.410000E+0
1.666000E+1	7.765652E-1	4.222955E-2	3.301310E+2	6.766900E+1	1.410000E+0
1.674100E+1	7.778203E-1	4.311681E-2	3.301310E+2	6.766900E+1	1.410000E+0
1.675000E+1	7.778203E-1	4.311681E-2	3.301310E+2	6.766900E+1	1.410000E+0
1.683200E+1	7.866946E-1	4.856039E-2	3.301310E+2	6.766900E+1	1.410000E+0
1.684500E+1	7.866946E-1	4.856039E-2	3.301310E+2	6.766900E+1	1.410000E+0
1.695800E+1	7.888149E-1	5.017122E-2	3.301310E+2	6.766900E+1	1.410000E+0
1.696700E+1	7.888149E-1	5.017122E-2	3.301310E+2	6.766900E+1	1.410000E+0
1.705100E+1	7.987111E-1	5.698862E-2	3.301310E+2	6.766900E+1	1.410000E+0
1.706000E+1	7.987111E-1	5.698862E-2	3.301310E+2	6.766900E+1	1.410000E+0
1.714000E+1	7.998519E-1	5.817315E-2	3.301310E+2	6.766900E+1	1.410000E+0
1.714900E+1	7.998519E-1	5.817315E-2	3.301310E+2	6.766900E+1	1.410000E+0
1.723100E+1	7.998416E-1	5.844028E-2	3.301310E+2	6.766900E+1	1.410000E+0
1.724000E+1	7.998416E-1	5.844028E-2	3.301310E+2	6.766900E+1	1.410000E+0
1.732000E+1	8.108499E-1	6.678918E-2	3.301310E+2	6.766900E+1	1.410000E+0
1.732900E+1	8.108499E-1	6.678918E-2	3.301310E+2	6.766900E+1	1.410000E+0
1.744100E+1	8.108660E-1	6.719239E-2	3.301310E+2	6.766900E+1	1.410000E+0
1.744900E+1	8.108660E-1	6.719239E-2	3.301310E+2	6.766900E+1	1.410000E+0
1.752900E+1	8.218783E-1	7.649633E-2	3.301310E+2	6.766900E+1	1.410000E+0
1.753800E+1	8.218783E-1	7.649633E-2	3.301310E+2	6.766900E+1	1.410000E+0
1.762000E+1	8.218849E-1	7.700599E-2	3.301310E+2	6.766900E+1	1.410000E+0
1.762900E+1	8.218849E-1	7.700599E-2	3.301310E+2	6.766900E+1	1.410000E+0
1.770900E+1	8.302919E-1	8.480255E-2	3.301310E+2	6.766900E+1	1.410000E+0
1.771800E+1	8.302919E-1	8.480255E-2	3.301310E+2	6.766900E+1	1.410000E+0
1.779900E+1	8.328743E-1	8.761598E-2	3.301310E+2	6.766900E+1	1.410000E+0
1.780800E+1	8.328743E-1	8.761598E-2	3.301310E+2	6.766900E+1	1.410000E+0
1.792200E+1	8.373660E-1	9.230988E-2	3.301310E+2	6.766900E+1	1.410000E+0
1.793500E+1	8.373660E-1	9.230988E-2	3.301310E+2	6.766900E+1	1.410000E+0
1.801900E+1	8.383556E-1	9.377108E-2	3.301310E+2	6.766900E+1	1.410000E+0
1.802800E+1	8.383556E-1	9.377108E-2	3.301310E+2	6.766900E+1	1.410000E+0
1.811000E+1	8.465493E-1	1.023324E-1	3.301310E+2	6.766900E+1	1.410000E+0
1.811900E+1	8.465493E-1	1.023324E-1	3.301310E+2	6.766900E+1	1.410000E+0
1.819900E+1	8.493803E-1	1.057755E-1	3.301310E+2	6.766900E+1	1.410000E+0
1.820800E+1	8.493803E-1	1.057755E-1	3.301310E+2	6.766900E+1	1.410000E+0
1.828900E+1	8.493671E-1	1.060808E-1	3.301310E+2	6.766900E+1	1.410000E+0
1.829800E+1	8.493671E-1	1.060808E-1	3.301310E+2	6.766900E+1	1.410000E+0
1.841000E+1	8.589307E-1	1.168921E-1	3.301310E+2	6.766900E+1	1.410000E+0
1.841900E+1	8.589307E-1	1.168921E-1	3.301310E+2	6.766900E+1	1.410000E+0
1.849900E+1	8.604067E-1	1.193239E-1	3.301310E+2	6.766900E+1	1.410000E+0
1.850800E+1	8.604067E-1	1.193239E-1	3.301310E+2	6.766900E+1	1.410000E+0
1.858900E+1	8.691434E-1	1.299143E-1	3.301310E+2	6.766900E+1	1.410000E+0
1.859800E+1	8.691434E-1	1.299143E-1	3.301310E+2	6.766900E+1	1.410000E+0
1.867900E+1	8.714183E-1	1.332886E-1	3.301310E+2	6.766900E+1	1.410000E+0
1.868800E+1	8.714183E-1	1.332886E-1	3.301310E+2	6.766900E+1	1.410000E+0
1.876800E+1	8.758537E-1	1.392047E-1	3.301310E+2	6.766900E+1	1.410000E+0
1.877700E+1	8.758537E-1	1.392047E-1	3.301310E+2	6.766900E+1	1.410000E+0
1.889000E+1	8.824521E-1	1.483234E-1	3.301310E+2	6.766900E+1	1.410000E+0
1.890300E+1	8.824521E-1	1.483234E-1	3.301310E+2	6.766900E+1	1.410000E+0
1.898500E+1	8.852058E-1	1.530790E-1	3.301310E+2	6.766900E+1	1.410000E+0
1.899300E+1	8.852058E-1	1.530790E-1	3.301310E+2	6.766900E+1	1.410000E+0
1.907900E+1	8.879685E-1	1.568726E-1	3.301310E+2	6.766900E+1	1.410000E+0
1.908800E+1	8.879685E-1	1.568726E-1	3.301310E+2	6.766900E+1	1.410000E+0
1.916800E+1	8.950536E-1	1.673395E-1	3.301310E+2	6.766900E+1	1.410000E+0
1.917700E+1	8.950536E-1	1.673395E-1	3.301310E+2	6.766900E+1	1.410000E+0
1.925800E+1	8.989866E-1	1.737467E-1	3.301310E+2	6.766900E+1	1.410000E+0
1.926700E+1	8.989866E-1	1.737467E-1	3.301310E+2	6.766900E+1	1.410000E+0
1.937900E+1	8.989796E-1	1.741564E-1	3.301310E+2	6.766900E+1	1.410000E+0
1.938800E+1	8.989796E-1	1.741564E-1	3.301310E+2	6.766900E+1	1.410000E+0
1.946700E+1	9.100185E-1	1.914487E-1	3.301310E+2	6.766900E+1	1.410000E+0
1.947600E+1	9.100185E-1	1.914487E-1	3.301310E+2	6.766900E+1	1.410000E+0
1.955700E+1	9.100197E-1	1.919940E-1	3.301310E+2	6.766900E+1	1.410000E+0
1.956600E+1	9.100197E-1	1.919940E-1	3.301310E+2	6.766900E+1	1.410000E+0
1.964800E+1	9.209630E-1	2.102419E-1	3.301310E+2	6.766900E+1	1.410000E+0
1.965700E+1	9.209630E-1	2.102419E-1	3.301310E+2	6.766900E+1	1.410000E+0
1.973700E+1	9.209687E-1	2.109414E-1	3.301310E+2	6.766900E+1	1.410000E+0
1.974600E+1	9.209687E-1	2.109414E-1	3.301310E+2	6.766900E+1	1.410000E+0
1.985800E+1	9.295663E-1	2.263447E-1	3.301310E+2	6.766900E+1	1.410000E+0
1.987100E+1	9.295663E-1	2.263447E-1	3.301310E+2	6.766900E+1	1.410000E+0
1.995300E+1	9.319908E-1	2.317697E-1	3.301310E+2	6.766900E+1	1.410000E+0
1.996200E+1	9.319908E-1	2.317697E-1	3.301310E+2	6.766900E+1	1.410000E+0
2.004700E+1	9.374931E-1	2.423636E-1	3.301310E+2	6.766900E+1	1.410000E+0
2.005600E+1	9.374931E-1	2.423636E-1	3.301310E+2	6.766900E+1	1.410000E+0
2.013700E+1	9.430023E-1	2.535134E-1	3.301310E+2	6.766900E+1	1.410000E+0
2.014600E+1	9.430023E-1	2.535134E-1	3.301310E+2	6.766900E+1	1.410000E+0
2.022700E+1	9.472646E-1	2.624894E-1	3.301310E+2	6.766900E+1	1.410000E+0
2.023600E+1	9.472646E-1	2.624894E-1	3.301310E+2	6.766900E+1	1.410000E+0
2.034800E+1	9.485068E-1	2.657281E-1	3.301310E+2	6.766900E+1	1.410000E+0
2.035600E+1	9.485068E-1	2.657281E-1	3.301310E+2	6.766900E+1	1.410000E+0
2.043700E+1	9.485126E-1	2.664201E-1	3.301310E+2	6.766900E+1	1.410000E+0
2.044600E+1	9.485126E-1	2.664201E-1	3.301310E+2	6.766900E+1	1.410000E+0
2.052700E+1	9.594892E-1	2.890902E-1	3.301310E+2	6.766900E+1	1.410000E+0
2.053600E+1	9.594892E-1	2.890902E-1	3.301310E+2	6.766900E+1	1.410000E+0
2.061700E+1	9.595089E-1	2.900452E-1	3.301310E+2	6.766900E+1	1.410000E+0
2.062600E+1	9.595089E-1	2.900452E-1	3.301310E+2	6.766900E+1	1.410000E+0
2.070700E+1	9.705364E-1	3.144146E-1	3.301310E+2	6.766900E+1	1.410000E+0
2.071600E+1	9.705364E-1	3.144146E-1	3.301310E+2	6.766900E+1	1.410000E+0
2.083000E+1	9.705353E-1	3.155052E-1	3.301310E+2	6.766900E+1	1.410000E+0
2.084300E+1	9.705353E-1	3.155052E-1	3.301310E+2	6.766900E+1	1.410000E+0
2.092700E+1	9.812881E-1	3.405670E-1	3.301310E+2	6.766900E+1	1.410000E+0
2.093600E+1	9.812881E-1	3.405670E-1	3.301310E+2	6.766900E+1	1.410000E+0
2.101700E+1	9.815554E-1	3.424896E-1	3.301310E+2	6.766900E+1	1.410000E+0
2.102600E+1	9.815554E-1	3.424896E-1	3.301310E+2	6.766900E+1	1.410000E+0
2.110700E+1	9.898469E-1	3.629308E-1	3.301310E+2	6.766900E+1	1.410000E+0
2.111600E+1	9.898469E-1	3.629308E-1	3.301310E+2	6.766900E+1	1.410000E+0
2.119700E+1	9.926142E-1	3.707359E-1	3.301310E+2	6.766900E+1	1.410000E+0
2.120600E+1	9.926142E-1	3.707359E-1	3.301310E+2	6.766900E+1	1.410000E+0
2.131800E+1	9.953368E-1	3.781483E-1	3.301310E+2	6.766900E+1	1.410000E+0
2.132700E+1	9.953368E-1	3.781483E-1	3.301310E+2	6.766900E+1	1.410000E+0
2.140500E+1	9.981254E-1	3.863310E-1	3.301310E+2	6.766900E+1	1.410000E+0
2.141400E+1	9.981254E-1	3.863310E-1	3.301310E+2	6.766900E+1	1.410000E+0
2.149500E+1	9.981236E-1	3.868216E-1	3.301310E+2	6.766900E+1	1.410000E+0
2.150400E+1	9.981236E-1	3.868216E-1	3.301310E+2	6.766900E+1	1.410000E+0
2.158600E+1	1.009308E+0	4.161490E-1	3.301310E+2	6.766900E+1	1.410000E+0
2.159400E+1	1.009308E+0	4.161490E-1	3.301310E+2	6.766900E+1	1.410000E+0
2.167600E+1	1.009327E+0	4.172943E-1	3.301310E+2	6.766900E+1	1.410000E+0
2.168500E+1	1.009327E+0	4.172943E-1	3.301310E+2	6.766900E+1	1.410000E+0
2.179700E+1	1.020345E+0	4.479116E-1	3.301310E+2	6.766900E+1	1.410000E+0
2.180500E+1	1.020345E+0	4.479116E-1	3.301310E+2	6.766900E+1	1.410000E+0
2.188500E+1	1.020382E+0	4.491373E-1	3.301310E+2	6.766900E+1	1.410000E+0
2.189700E+1	1.020382E+0	4.491373E-1	3.301310E+2	6.766900E+1	1.410000E+0
2.198100E+1	1.029175E+0	4.807916E-1	3.301310E+2	6.766900E+1	1.410000E+0
2.199100E+1	1.029175E+0	4.807916E-1	3.301310E+2	6.766900E+1	1.410000E+0
2.207600E+1	1.031409E+0	4.821413E-1	3.301310E+2	6.766900E+1	1.410000E+0
2.208500E+1	1.031409E+0	4.821413E-1	3.301310E+2	6.766900E+1	1.410000E+0
2.216600E+1	1.040387E+0	5.094671E-1	3.301310E+2	6.766900E+1	1.410000E+0
2.217500E+1	1.040387E+0	5.094671E-1	3.301310E+2	6.766900E+1	1.410000E+0
2.228600E+1	1.042435E+0	5.174575E-1	3.301310E+2	6.766900E+1	1.410000E+0
2.229500E+1	1.042435E+0	5.174575E-1	3.301310E+2	6.766900E+1	1.410000E+0
2.237500E+1	1.046765E+0	5.316693E-1	3.301310E+2	6.766900E+1	1.410000E+0
2.238300E+1	1.046765E+0	5.316693E-1	3.301310E+2	6.766900E+1	1.410000E+0
2.246500E+1	1.047907E+0	5.365434E-1	3.301310E+2	6.766900E+1	1.410000E+0
2.247400E+1	1.047907E+0	5.365434E-1	3.301310E+2	6.766900E+1	1.410000E+0
2.255500E+1	1.047899E+0	5.373408E-1	3.301310E+2	6.766900E+1	1.410000E+0
2.256400E+1	1.047899E+0	5.373408E-1	3.301310E+2	6.766900E+1	1.410000E+0
2.264500E+1	1.058938E+0	5.734173E-1	3.301310E+2	6.766900E+1	1.410000E+0
2.265400E+1	1.058938E+0	5.734173E-1	3.301310E+2	6.766900E+1	1.410000E+0
2.276700E+1	1.058949E+0	5.750864E-1	3.301310E+2	6.766900E+1	1.410000E+0
2.277600E+1	1.058949E+0	5.750864E-1	3.301310E+2	6.766900E+1	1.410000E+0
2.285500E+1	1.069951E+0	6.125588E-1	3.301310E+2	6.766900E+1	1.410000E+0
2.286800E+1	1.069951E+0	6.125588E-1	3.301310E+2	6.766900E+1	1.410000E+0
2.295100E+1	1.069946E+0	6.142173E-1	3.301310E+2	6.766900E+1	1.410000E+0
2.296000E+1	1.069946E+0	6.142173E-1	3.301310E+2	6.766900E+1	1.410000E+0
2.304500E+1	1.079631E+0	6.480643E-1	3.301310E+2	6.766900E+1	1.410000E+0
2.305400E+1	1.079631E+0	6.480643E-1	3.301310E+2	6.766900E+1	1.410000E+0
2.313500E+1	1.080999E+0	6.539613E-1	3.301310E+2	6.766900E+1	1.410000E+0
2.314400E+1	1.080999E+0	6.539613E-1	3.301310E+2	6.766900E+1	1.410000E+0
2.325600E+1	1.089658E+0	6.854282E-1	3.301310E+2	6.766900E+1	1.410000E+0
2.326500E+1	1.089658E+0	6.854282E-1	3.301310E+2	6.766900E+1	1.410000E+0
2.334500E+1	1.091912E+0	6.961160E-1	3.301310E+2	6.766900E+1	1.410000E+0
2.335400E+1	1.091912E+0	6.961160E-1	3.301310E+2	6.766900E+1	1.410000E+0
2.343500E+1	1.100210E+0	7.275408E-1	3.301310E+2	6.766900E+1	1.410000E+0
2.344400E+1	1.100210E+0	7.275408E-1	3.301310E+2	6.766900E+1	1.410000E+0
2.352500E+1	1.102948E+0	7.399559E-1	3.301310E+2	6.766900E+1	1.410000E+0
2.353400E+1	1.102948E+0	7.399559E-1	3.301310E+2	6.766900E+1	1.410000E+0
2.361500E+1	1.102948E+0	7.413458E-1	3.301310E+2	6.766900E+1	1.410000E+0
2.362400E+1	1.102948E+0	7.413458E-1	3.301310E+2	6.766900E+1	1.410000E+0
2.373500E+1	1.108462E+0	7.630714E-1	3.301310E+2	6.766900E+1	1.410000E+0
2.374500E+1	1.108462E+0	7.630714E-1	3.301310E+2	6.766900E+1	1.410000E+0
2.382500E+1	1.108483E+0	7.647817E-1	3.301310E+2	6.766900E+1	1.410000E+0
2.383700E+1	1.108483E+0	7.647817E-1	3.301310E+2	6.766900E+1	1.410000E+0
2.392000E+1	1.119504E+0	8.095691E-1	3.301310E+2	6.766900E+1	1.410000E+0
2.392800E+1	1.119504E+0	8.095691E-1	3.301310E+2	6.766900E+1	1.410000E+0
2.401500E+1	1.119512E+0	8.114787E-1	3.301310E+2	6.766900E+1	1.410000E+0
2.402400E+1	1.119512E+0	8.114787E-1	3.301310E+2	6.766900E+1	1.410000E+0
2.410400E+1	1.128276E+0	8.480563E-1	3.301310E+2	6.766900E+1	1.410000E+0
2.411300E+1	1.128276E+0	8.480563E-1	3.301310E+2	6.766900E+1	1.410000E+0
2.422500E+1	1.130530E+0	8.600024E-1	3.301310E+2	6.766900E+1	1.410000E+0
2.423400E+1	1.130530E+0	8.600024E-1	3.301310E+2	6.766900E+1	1.410000E+0
2.431400E+1	1.138952E+0	8.954783E-1	3.301310E+2	6.766900E+1	1.410000E+0
2.432300E+1	1.138952E+0	8.954783E-1	3.301310E+2	6.766900E+1	1.410000E+0
2.440400E+1	1.141538E+0	9.067843E-1	3.301310E+2	6.766900E+1	1.410000E+0
2.441200E+1	1.141538E+0	9.067843E-1	3.301310E+2	6.766900E+1	1.410000E+0
2.449500E+1	1.150565E+0	9.453945E-1	3.301310E+2	6.766900E+1	1.410000E+0
2.450400E+1	1.150565E+0	9.453945E-1	3.301310E+2	6.766900E+1	1.410000E+0
2.458400E+1	1.152563E+0	9.555912E-1	3.301310E+2	6.766900E+1	1.410000E+0
2.459300E+1	1.152563E+0	9.555912E-1	3.301310E+2	6.766900E+1	1.410000E+0
2.470600E+1	1.152572E+0	9.562862E-1	3.301310E+2	6.766900E+1	1.410000E+0
2.471500E+1	1.152572E+0	9.562862E-1	3.301310E+2	6.766900E+1	1.410000E+0
2.479400E+1	1.158009E+0	9.813072E-1	3.301310E+2	6.766900E+1	1.410000E+0
2.480300E+1	1.158009E+0	9.813072E-1	3.301310E+2	6.766900E+1	1.410000E+0
2.488400E+1	1.158053E+0	9.822171E-1	3.301310E+2	6.766900E+1	1.410000E+0
2.489800E+1	1.158053E+0	9.822171E-1	3.301310E+2	6.766900E+1	1.410000E+0
2.497900E+1	1.169082E+0	1.033431E+0	3.301310E+2	6.766900E+1	1.410000E+0
2.498800E+1	1.169082E+0	1.033431E+0	3.301310E+2	6.766900E+1	1.410000E+0
2.507300E+1	1.169076E+0	1.035370E+0	3.301310E+2	6.766900E+1	1.410000E+0
2.508200E+1	1.169076E+0	1.035370E+0	3.301310E+2	6.766900E+1	1.410000E+0
2.519600E+1	1.180044E+0	1.087563E+0	3.301310E+2	6.766900E+1	1.410000E+0
2.520500E+1	1.180044E+0	1.087563E+0	3.301310E+2	6.766900E+1	1.410000E+0
2.528300E+1	1.180049E+0	1.090532E+0	3.301310E+2	6.766900E+1	1.410000E+0
2.529300E+1	1.180049E+0	1.090532E+0	3.301310E+2	6.766900E+1	1.410000E+0
2.537400E+1	1.188485E+0	1.132879E+0	3.301310E+2	6.766900E+1	1.410000E+0
2.538300E+1	1.188485E+0	1.132879E+0	3.301310E+2	6.766900E+1	1.410000E+0
2.546400E+1	1.191083E+0	1.148151E+0	3.301310E+2	6.766900E+1	1.410000E+0
2.547200E+1	1.191083E+0	1.148151E+0	3.301310E+2	6.766900E+1	1.410000E+0
2.555300E+1	1.200171E+0	1.193622E+0	3.301310E+2	6.766900E+1	1.410000E+0
2.556200E+1	1.200171E+0	1.193622E+0	3.301310E+2	6.766900E+1	1.410000E+0
2.567400E+1	1.202103E+0	1.205789E+0	3.301310E+2	6.766900E+1	1.410000E+0
2.568300E+1	1.202103E+0	1.205789E+0	3.301310E+2	6.766900E+1	1.410000E+0
2.576200E+1	1.202108E+0	1.207585E+0	3.301310E+2	6.766900E+1	1.410000E+0
2.577100E+1	1.202108E+0	1.207585E+0	3.301310E+2	6.766900E+1	1.410000E+0
2.585300E+1	1.207640E+0	1.236778E+0	3.301310E+2	6.766900E+1	1.410000E+0
2.586700E+1	1.207640E+0	1.236778E+0	3.301310E+2	6.766900E+1	1.410000E+0
2.595000E+1	1.207641E+0	1.235514E+0	3.301310E+2	6.766900E+1	1.410000E+0
2.595800E+1	1.207641E+0	1.235514E+0	3.301310E+2	6.766900E+1	1.410000E+0
2.604300E+1	1.218675E+0	1.294991E+0	3.301310E+2	6.766900E+1	1.410000E+0
2.605100E+1	1.218675E+0	1.294991E+0	3.301310E+2	6.766900E+1	1.410000E+0
2.616400E+1	1.218679E+0	1.297808E+0	3.301310E+2	6.766900E+1	1.410000E+0
2.617300E+1	1.218679E+0	1.297808E+0	3.301310E+2	6.766900E+1	1.410000E+0
2.625200E+1	1.224177E+0	1.328817E+0	3.301310E+2	6.766900E+1	1.410000E+0
2.626100E+1	1.224177E+0	1.328817E+0	3.301310E+2	6.766900E+1	1.410000E+0
2.634300E+1	1.229673E+0	1.361747E+0	3.301310E+2	6.766900E+1	1.410000E+0
2.635300E+1	1.229673E+0	1.361747E+0	3.301310E+2	6.766900E+1	1.410000E+0
2.643300E+1	1.238217E+0	1.409318E+0	3.301310E+2	6.766900E+1	1.410000E+0
2.644200E+1	1.238217E+0	1.409318E+0	3.301310E+2	6.766900E+1	1.410000E+0
2.652300E+1	1.240699E+0	1.426828E+0	3.301310E+2	6.766900E+1	1.410000E+0
2.653200E+1	1.240699E+0	1.426828E+0	3.301310E+2	6.766900E+1	1.410000E+0
2.664400E+1	1.249145E+0	1.475780E+0	3.301310E+2	6.766900E+1	1.410000E+0
2.665300E+1	1.249145E+0	1.475780E+0	3.301310E+2	6.766900E+1	1.410000E+0
2.673300E+1	1.251716E+0	1.494131E+0	3.301310E+2	6.766900E+1	1.410000E+0
2.674200E+1	1.251716E+0	1.494131E+0	3.301310E+2	6.766900E+1	1.410000E+0
2.682300E+1	1.251732E+0	1.496854E+0	3.301310E+2	6.766900E+1	1.410000E+0
2.683600E+1	1.251732E+0	1.496854E+0	3.301310E+2	6.766900E+1	1.410000E+0
2.691900E+1	1.262770E+0	1.563292E+0	3.301310E+2	6.766900E+1	1.410000E+0
2.692700E+1	1.262770E+0	1.563292E+0	3.301310E+2	6.766900E+1	1.410000E+0
2.701300E+1	1.262773E+0	1.564347E+0	3.301310E+2	6.766900E+1	1.410000E+0
2.702100E+1	1.262773E+0	1.564347E+0	3.301310E+2	6.766900E+1	1.410000E+0
2.713400E+1	1.268171E+0	1.598484E+0	3.301310E+2	6.766900E+1	1.410000E+0
2.714300E+1	1.268171E+0	1.598484E+0	3.301310E+2	6.766900E+1	1.410000E+0
2.722300E+1	1.268191E+0	1.600209E+0	3.301310E+2	6.766900E+1	1.410000E+0
2.723200E+1	1.268191E+0	1.600209E+0	3.301310E+2	6.766900E+1	1.410000E+0
2.731300E+1	1.277061E+0	1.655626E+0	3.301310E+2	6.766900E+1	1.410000E+0
2.732200E+1	1.277061E+0	1.655626E+0	3.301310E+2	6.766900E+1	1.410000E+0
2.740300E+1	1.279201E+0	1.671481E+0	3.301310E+2	6.766900E+1	1.410000E+0
2.741200E+1	1.279201E+0	1.671481E+0	3.301310E+2	6.766900E+1	1.410000E+0
2.749400E+1	1.284362E+0	1.705111E+0	3.301310E+2	6.766900E+1	1.410000E+0
2.750200E+1	1.284362E+0	1.705111E+0	3.301310E+2	6.766900E+1	1.410000E+0
2.761500E+1	1.290233E+0	1.744654E+0	3.301310E+2	6.766900E+1	1.410000E+0
2.762400E+1	1.290233E+0	1.744654E+0	3.301310E+2	6.766900E+1	1.410000E+0
2.770200E+1	1.295758E+0	1.782773E+0	3.301310E+2	6.766900E+1	1.410000E+0
2.771100E+1	1.295758E+0	1.782773E+0	3.301310E+2	6.766900E+1	1.410000E+0
2.779200E+1	1.301283E+0	1.821214E+0	3.301310E+2	6.766900E+1	1.410000E+0
2.780000E+1	1.301283E+0	1.821214E+0	3.301310E+2	6.766900E+1	1.410000E+0
2.788300E+1	1.301289E+0	1.823261E+0	3.301310E+2	6.766900E+1	1.410000E+0
2.789500E+1	1.301289E+0	1.823261E+0	3.301310E+2	6.766900E+1	1.410000E+0
2.797800E+1	1.312287E+0	1.899125E+0	3.301310E+2	6.766900E+1	1.410000E+0
2.798700E+1	1.312287E+0	1.899125E+0	3.301310E+2	6.766900E+1	1.410000E+0
2.810400E+1	1.312294E+0	1.900532E+0	3.301310E+2	6.766900E+1	1.410000E+0
2.811200E+1	1.312294E+0	1.900532E+0	3.301310E+2	6.766900E+1	1.410000E+0
2.819200E+1	1.317822E+0	1.939035E+0	3.301310E+2	6.766900E+1	1.410000E+0
2.820100E+1	1.317822E+0	1.939035E+0	3.301310E+2	6.766900E+1	1.410000E+0
2.828200E+1	1.317840E+0	1.940850E+0	3.301310E+2	6.766900E+1	1.410000E+0
2.829100E+1	1.317840E+0	1.940850E+0	3.301310E+2	6.766900E+1	1.410000E+0
2.837200E+1	1.327010E+0	2.005332E+0	3.301310E+2	6.766900E+1	1.410000E+0
2.838100E+1	1.327010E+0	2.005332E+0	3.301310E+2	6.766900E+1	1.410000E+0
2.846200E+1	1.328866E+0	2.020909E+0	3.301310E+2	6.766900E+1	1.410000E+0
2.847100E+1	1.328866E+0	2.020909E+0	3.301310E+2	6.766900E+1	1.410000E+0
2.858200E+1	1.337099E+0	2.080897E+0	3.301310E+2	6.766900E+1	1.410000E+0
2.859100E+1	1.337099E+0	2.080897E+0	3.301310E+2	6.766900E+1	1.410000E+0
2.867200E+1	1.339894E+0	2.105133E+0	3.301310E+2	6.766900E+1	1.410000E+0
2.868000E+1	1.339894E+0	2.105133E+0	3.301310E+2	6.766900E+1	1.410000E+0
2.876200E+1	1.349021E+0	2.172054E+0	3.301310E+2	6.766900E+1	1.410000E+0
2.877100E+1	1.349021E+0	2.172054E+0	3.301310E+2	6.766900E+1	1.410000E+0
2.885200E+1	1.350942E+0	2.190545E+0	3.301310E+2	6.766900E+1	1.410000E+0
2.886500E+1	1.350942E+0	2.190545E+0	3.301310E+2	6.766900E+1	1.410000E+0
2.894800E+1	1.350942E+0	2.192419E+0	3.301310E+2	6.766900E+1	1.410000E+0
2.895600E+1	1.350942E+0	2.192419E+0	3.301310E+2	6.766900E+1	1.410000E+0
2.906900E+1	1.361954E+0	2.277147E+0	3.301310E+2	6.766900E+1	1.410000E+0
2.907800E+1	1.361954E+0	2.277147E+0	3.301310E+2	6.766900E+1	1.410000E+0
2.916200E+1	1.362391E+0	2.280330E+0	3.301310E+2	6.766900E+1	1.410000E+0
2.917000E+1	1.362391E+0	2.280330E+0	3.301310E+2	6.766900E+1	1.410000E+0
2.925100E+1	1.373440E+0	2.365861E+0	3.301310E+2	6.766900E+1	1.410000E+0
2.926000E+1	1.373440E+0	2.365861E+0	3.301310E+2	6.766900E+1	1.410000E+0
2.934100E+1	1.373447E+0	2.369483E+0	3.301310E+2	6.766900E+1	1.410000E+0
2.935000E+1	1.373447E+0	2.369483E+0	3.301310E+2	6.766900E+1	1.410000E+0
2.943200E+1	1.377758E+0	2.403678E+0	3.301310E+2	6.766900E+1	1.410000E+0
2.944100E+1	1.377758E+0	2.403678E+0	3.301310E+2	6.766900E+1	1.410000E+0
2.955300E+1	1.378937E+0	2.415420E+0	3.301310E+2	6.766900E+1	1.410000E+0
2.956100E+1	1.378937E+0	2.415420E+0	3.301310E+2	6.766900E+1	1.410000E+0
2.964200E+1	1.386956E+0	2.479665E+0	3.301310E+2	6.766900E+1	1.410000E+0
2.965100E+1	1.386956E+0	2.479665E+0	3.301310E+2	6.766900E+1	1.410000E+0
2.973100E+1	1.389989E+0	2.508433E+0	3.301310E+2	6.766900E+1	1.410000E+0
2.974000E+1	1.389989E+0	2.508433E+0	3.301310E+2	6.766900E+1	1.410000E+0
2.982100E+1	1.398058E+0	2.572721E+0	3.301310E+2	6.766900E+1	1.410000E+0
2.983400E+1	1.398058E+0	2.572721E+0	3.301310E+2	6.766900E+1	1.410000E+0
2.991700E+1	1.400975E+0	2.601938E+0	3.301310E+2	6.766900E+1	1.410000E+0
2.992600E+1	1.400975E+0	2.601938E+0	3.301310E+2	6.766900E+1	1.410000E+0
3.004200E+1	1.400978E+0	2.602896E+0	3.301310E+2	6.766900E+1	1.410000E+0
3.005100E+1	1.400978E+0	2.602896E+0	3.301310E+2	6.766900E+1	1.410000E+0
3.013100E+1	1.412014E+0	2.694575E+0	3.301310E+2	6.766900E+1	1.410000E+0
3.014000E+1	1.412014E+0	2.694575E+0	3.301310E+2	6.766900E+1	1.410000E+0
3.022100E+1	1.412020E+0	2.698760E+0	3.301310E+2	6.766900E+1	1.410000E+0
3.022900E+1	1.412020E+0	2.698760E+0	3.301310E+2	6.766900E+1	1.410000E+0
3.031000E+1	1.423024E+0	2.794012E+0	3.301310E+2	6.766900E+1	1.410000E+0
3.031900E+1	1.423024E+0	2.794012E+0	3.301310E+2	6.766900E+1	1.410000E+0
3.040100E+1	1.423016E+0	2.798154E+0	3.301310E+2	6.766900E+1	1.410000E+0
3.040900E+1	1.423016E+0	2.798154E+0	3.301310E+2	6.766900E+1	1.410000E+0
3.052400E+1	1.427549E+0	2.838037E+0	3.301310E+2	6.766900E+1	1.410000E+0
3.053300E+1	1.427549E+0	2.838037E+0	3.301310E+2	6.766900E+1	1.410000E+0
3.061700E+1	1.428559E+0	2.849857E+0	3.301310E+2	6.766900E+1	1.410000E+0
3.062600E+1	1.428559E+0	2.849857E+0	3.301310E+2	6.766900E+1	1.410000E+0
3.071100E+1	1.437884E+0	2.932471E+0	3.301310E+2	6.766900E+1	1.410000E+0
3.071900E+1	1.437884E+0	2.932471E+0	3.301310E+2	6.766900E+1	1.410000E+0
3.080100E+1	1.439587E+0	2.951815E+0	3.301310E+2	6.766900E+1	1.410000E+0
3.081000E+1	1.439587E+0	2.951815E+0	3.301310E+2	6.766900E+1	1.410000E+0
3.089100E+1	1.448446E+0	3.031581E+0	3.301310E+2	6.766900E+1	1.410000E+0
3.090400E+1	1.448446E+0	3.031581E+0	3.301310E+2	6.766900E+1	1.410000E+0
3.102000E+1	1.450525E+0	3.054902E+0	3.301310E+2	6.766900E+1	1.410000E+0
3.102900E+1	1.450525E+0	3.054902E+0	3.301310E+2	6.766900E+1	1.410000E+0
3.111100E+1	1.450515E+0	3.053393E+0	3.301310E+2	6.766900E+1	1.410000E+0
3.112000E+1	1.450515E+0	3.053393E+0	3.301310E+2	6.766900E+1	1.410000E+0
3.120100E+1	1.459614E+0	3.138593E+0	3.301310E+2	6.766900E+1	1.410000E+0
3.121000E+1	1.459614E+0	3.138593E+0	3.301310E+2	6.766900E+1	1.410000E+0
3.129100E+1	1.461570E+0	3.160784E+0	3.301310E+2	6.766900E+1	1.410000E+0
3.130000E+1	1.461570E+0	3.160784E+0	3.301310E+2	6.766900E+1	1.410000E+0
3.138100E+1	1.472579E+0	3.264474E+0	3.301310E+2	6.766900E+1	1.410000E+0
3.138900E+1	1.472579E+0	3.264474E+0	3.301310E+2	6.766900E+1	1.410000E+0
3.150200E+1	1.472575E+0	3.269271E+0	3.301310E+2	6.766900E+1	1.410000E+0
3.151100E+1	1.472575E+0	3.269271E+0	3.301310E+2	6.766900E+1	1.410000E+0
3.159100E+1	1.474236E+0	3.286177E+0	3.301310E+2	6.766900E+1	1.410000E+0
3.160000E+1	1.474236E+0	3.286177E+0	3.301310E+2	6.766900E+1	1.410000E+0
3.168100E+1	1.478100E+0	3.325472E+0	3.301310E+2	6.766900E+1	1.410000E+0
3.168900E+1	1.478100E+0	3.325472E+0	3.301310E+2	6.766900E+1	1.410000E+0
3.177000E+1	1.485995E+0	3.401478E+0	3.301310E+2	6.766900E+1	1.410000E+0
3.177900E+1	1.485995E+0	3.401478E+0	3.301310E+2	6.766900E+1	1.410000E+0
3.186100E+1	1.489076E+0	3.433627E+0	3.301310E+2	6.766900E+1	1.410000E+0
3.187500E+1	1.489076E+0	3.433627E+0	3.301310E+2	6.766900E+1	1.410000E+0
3.198800E+1	1.497837E+0	3.548925E+0	3.301310E+2	6.766900E+1	1.410000E+0
3.199600E+1	1.497837E+0	3.548925E+0	3.301310E+2	6.766900E+1	1.410000E+0
3.208100E+1	1.500111E+0	3.549543E+0	3.301310E+2	6.766900E+1	1.410000E+0
3.209000E+1	1.500111E+0	3.549543E+0	3.301310E+2	6.766900E+1	1.410000E+0
3.217000E+1	1.500111E+0	3.553498E+0	3.301310E+2	6.766900E+1	1.410000E+0
3.217900E+1	1.500111E+0	3.553498E+0	3.301310E+2	6.766900E+1	1.410000E+0
3.226100E+1	1.511103E+0	3.663370E+0	3.301310E+2	6.766900E+1	1.410000E+0
3.227000E+1	1.511103E+0	3.663370E+0	3.301310E+2	6.766900E+1	1.410000E+0
3.235000E+1	1.511118E+0	3.667109E+0	3.301310E+2	6.766900E+1	1.410000E+0
3.235900E+1	1.511118E+0	3.667109E+0	3.301310E+2	6.766900E+1	1.410000E+0
3.247100E+1	1.520260E+0	3.762002E+0	3.301310E+2	6.766900E+1	1.410000E+0
3.248000E+1	1.520260E+0	3.762002E+0	3.301310E+2	6.766900E+1	1.410000E+0
3.256100E+1	1.522149E+0	3.786802E+0	3.301310E+2	6.766900E+1	1.410000E+0
3.257000E+1	1.522149E+0	3.786802E+0	3.301310E+2	6.766900E+1	1.410000E+0
3.265000E+1	1.530144E+0	3.868625E+0	3.301310E+2	6.766900E+1	1.410000E+0
3.265800E+1	1.530144E+0	3.868625E+0	3.301310E+2	6.766900E+1	1.410000E+0
3.273900E+1	1.533108E+0	3.906012E+0	3.301310E+2	6.766900E+1	1.410000E+0
3.274800E+1	1.533108E+0	3.906012E+0	3.301310E+2	6.766900E+1	1.410000E+0
3.283000E+1	1.534994E+0	3.924657E+0	3.301310E+2	6.766900E+1	1.410000E+0
3.284400E+1	1.534994E+0	3.924657E+0	3.301310E+2	6.766900E+1	1.410000E+0
3.295700E+1	1.538654E+0	3.969798E+0	3.301310E+2	6.766900E+1	1.410000E+0
3.296700E+1	1.538654E+0	3.969798E+0	3.301310E+2	6.766900E+1	1.410000E+0
3.305000E+1	1.544156E+0	4.030610E+0	3.301310E+2	6.766900E+1	1.410000E+0
3.305900E+1	1.544156E+0	4.030610E+0	3.301310E+2	6.766900E+1	1.410000E+0
3.314100E+1	1.549682E+0	4.094428E+0	3.301310E+2	6.766900E+1	1.410000E+0
3.315000E+1	1.549682E+0	4.094428E+0	3.301310E+2	6.766900E+1	1.410000E+0
3.322900E+1	1.549684E+0	4.093849E+0	3.301310E+2	6.766900E+1	1.410000E+0
3.323800E+1	1.549684E+0	4.093849E+0	3.301310E+2	6.766900E+1	1.410000E+0
3.332000E+1	1.560688E+0	4.220203E+0	3.301310E+2	6.766900E+1	1.410000E+0
3.333000E+1	1.560688E+0	4.220203E+0	3.301310E+2	6.766900E+1	1.410000E+0
3.344100E+1	1.560713E+0	4.220881E+0	3.301310E+2	6.766900E+1	1.410000E+0
3.345000E+1	1.560713E+0	4.220881E+0	3.301310E+2	6.766900E+1	1.410000E+0
3.353000E+1	1.571730E+0	4.346788E+0	3.301310E+2	6.766900E+1	1.410000E+0
3.353900E+1	1.571730E+0	4.346788E+0	3.301310E+2	6.766900E+1	1.410000E+0
3.361900E+1	1.571740E+0	4.351042E+0	3.301310E+2	6.766900E+1	1.410000E+0
3.362800E+1	1.571740E+0	4.351042E+0	3.301310E+2	6.766900E+1	1.410000E+0
3.370900E+1	1.580514E+0	4.453185E+0	3.301310E+2	6.766900E+1	1.410000E+0
3.371800E+1	1.580514E+0	4.453185E+0	3.301310E+2	6.766900E+1	1.410000E+0
3.379900E+1	1.582733E+0	4.482393E+0	3.301310E+2	6.766900E+1	1.410000E+0
3.380800E+1	1.582733E+0	4.482393E+0	3.301310E+2	6.766900E+1	1.410000E+0
3.392100E+1	1.587010E+0	4.536561E+0	3.301310E+2	6.766900E+1	1.410000E+0
3.393500E+1	1.587010E+0	4.536561E+0	3.301310E+2	6.766900E+1	1.410000E+0
3.401600E+1	1.588229E+0	4.554758E+0	3.301310E+2	6.766900E+1	1.410000E+0
3.402400E+1	1.588229E+0	4.554758E+0	3.301310E+2	6.766900E+1	1.410000E+0
3.410900E+1	1.593239E+0	4.611892E+0	3.301310E+2	6.766900E+1	1.410000E+0
3.411800E+1	1.593239E+0	4.611892E+0	3.301310E+2	6.766900E+1	1.410000E+0
3.420000E+1	1.599266E+0	4.685188E+0	3.301310E+2	6.766900E+1	1.410000E+0
3.421000E+1	1.599266E+0	4.685188E+0	3.301310E+2	6.766900E+1	1.410000E+0
3.429000E+1	1.599270E+0	4.691938E+0	3.301310E+2	6.766900E+1	1.410000E+0
3.429900E+1	1.599270E+0	4.691938E+0	3.301310E+2	6.766900E+1	1.410000E+0
3.441100E+1	1.610290E+0	4.825385E+0	3.301310E+2	6.766900E+1	1.410000E+0
3.442000E+1	1.610290E+0	4.825385E+0	3.301310E+2	6.766900E+1	1.410000E+0
3.449900E+1	1.610300E+0	4.825388E+0	3.301310E+2	6.766900E+1	1.410000E+0
3.450700E+1	1.610300E+0	4.825388E+0	3.301310E+2	6.766900E+1	1.410000E+0
3.458900E+1	1.621229E+0	4.966164E+0	3.301310E+2	6.766900E+1	1.410000E+0
3.459800E+1	1.621229E+0	4.966164E+0	3.301310E+2	6.766900E+1	1.410000E+0
3.467900E+1	1.621238E+0	4.967698E+0	3.301310E+2	6.766900E+1	1.410000E+0
3.468800E+1	1.621238E+0	4.967698E+0	3.301310E+2	6.766900E+1	1.410000E+0
3.476900E+1	1.629953E+0	5.075370E+0	3.301310E+2	6.766900E+1	1.410000E+0
3.477800E+1	1.629953E+0	5.075370E+0	3.301310E+2	6.766900E+1	1.410000E+0
3.489100E+1	1.632261E+0	5.108903E+0	3.301310E+2	6.766900E+1	1.410000E+0
3.490400E+1	1.632261E+0	5.108903E+0	3.301310E+2	6.766900E+1	1.410000E+0
3.498800E+1	1.642885E+0	5.246169E+0	3.301310E+2	6.766900E+1	1.410000E+0
3.499700E+1	1.642885E+0	5.246169E+0	3.301310E+2	6.766900E+1	1.410000E+0
3.507900E+1	1.643276E+0	5.253224E+0	3.301310E+2	6.766900E+1	1.410000E+0
3.508800E+1	1.643276E+0	5.253224E+0	3.301310E+2	6.766900E+1	1.410000E+0
3.516800E+1	1.647288E+0	5.310878E+0	3.301310E+2	6.766900E+1	1.410000E+0
3.517700E+1	1.647288E+0	5.310878E+0	3.301310E+2	6.766900E+1	1.410000E+0
3.525900E+1	1.648792E+0	5.329167E+0	3.301310E+2	6.766900E+1	1.410000E+0
3.526800E+1	1.648792E+0	5.329167E+0	3.301310E+2	6.766900E+1	1.410000E+0
3.537900E+1	1.648799E+0	5.329142E+0	3.301310E+2	6.766900E+1	1.410000E+0
3.538700E+1	1.648799E+0	5.329142E+0	3.301310E+2	6.766900E+1	1.410000E+0
3.546900E+1	1.659834E+0	5.482306E+0	3.301310E+2	6.766900E+1	1.410000E+0
3.547800E+1	1.659834E+0	5.482306E+0	3.301310E+2	6.766900E+1	1.410000E+0
3.555900E+1	1.659839E+0	5.479333E+0	3.301310E+2	6.766900E+1	1.410000E+0
3.556700E+1	1.659839E+0	5.479333E+0	3.301310E+2	6.766900E+1	1.410000E+0
3.564800E+1	1.670823E+0	5.628061E+0	3.301310E+2	6.766900E+1	1.410000E+0
3.565700E+1	1.670823E+0	5.628061E+0	3.301310E+2	6.766900E+1	1.410000E+0
3.573900E+1	1.670833E+0	5.636596E+0	3.301310E+2	6.766900E+1	1.410000E+0
3.574700E+1	1.670833E+0	5.636596E+0	3.301310E+2	6.766900E+1	1.410000E+0
3.586000E+1	1.679719E+0	5.753316E+0	3.301310E+2	6.766900E+1	1.410000E+0
3.587300E+1	1.679719E+0	5.753316E+0	3.301310E+2	6.766900E+1	1.410000E+0
3.595500E+1	1.681875E+0	5.787572E+0	3.301310E+2	6.766900E+1	1.410000E+0
3.596400E+1	1.681875E+0	5.787572E+0	3.301310E+2	6.766900E+1	1.410000E+0
3.604900E+1	1.691871E+0	5.925709E+0	3.301310E+2	6.766900E+1	1.410000E+0
3.605800E+1	1.691871E+0	5.925709E+0	3.301310E+2	6.766900E+1	1.410000E+0
3.613900E+1	1.692892E+0	5.948101E+0	3.301310E+2	6.766900E+1	1.410000E+0
3.614700E+1	1.692892E+0	5.948101E+0	3.301310E+2	6.766900E+1	1.410000E+0
3.622800E+1	1.696800E+0	6.006508E+0	3.301310E+2	6.766900E+1	1.410000E+0
3.623600E+1	1.696800E+0	6.006508E+0	3.301310E+2	6.766900E+1	1.410000E+0
3.634900E+1	1.698410E+0	6.027736E+0	3.301310E+2	6.766900E+1	1.410000E+0
3.635800E+1	1.698410E+0	6.027736E+0	3.301310E+2	6.766900E+1	1.410000E+0
3.643800E+1	1.698394E+0	6.033679E+0	3.301310E+2	6.766900E+1	1.410000E+0
3.644700E+1	1.698394E+0	6.033679E+0	3.301310E+2	6.766900E+1	1.410000E+0
3.652800E+1	1.709565E+0	6.190397E+0	3.301310E+2	6.766900E+1	1.410000E+0
3.653700E+1	1.709565E+0	6.190397E+0	3.301310E+2	6.766900E+1	1.410000E+0
3.661900E+1	1.709573E+0	6.198736E+0	3.301310E+2	6.766900E+1	1.410000E+0
3.662700E+1	1.709573E+0	6.198736E+0	3.301310E+2	6.766900E+1	1.410000E+0
3.670800E+1	1.720636E+0	6.355037E+0	3.301310E+2	6.766900E+1	1.410000E+0
3.671700E+1	1.720636E+0	6.355037E+0	3.301310E+2	6.766900E+1	1.410000E+0
3.683000E+1	1.720635E+0	6.359890E+0	3.301310E+2	6.766900E+1	1.410000E+0
3.684200E+1	1.720635E+0	6.359890E+0	3.301310E+2	6.766900E+1	1.410000E+0
3.692400E+1	1.729434E+0	6.532347E+0	3.301310E+2	6.766900E+1	1.410000E+0
3.693300E+1	1.729434E+0	6.532347E+0	3.301310E+2	6.766900E+1	1.410000E+0
3.701800E+1	1.731678E+0	6.532745E+0	3.301310E+2	6.766900E+1	1.410000E+0
3.702600E+1	1.731678E+0	6.532745E+0	3.301310E+2	6.766900E+1	1.410000E+0
3.710800E+1	1.740523E+0	6.672549E+0	3.301310E+2	6.766900E+1	1.410000E+0
3.711700E+1	1.740523E+0	6.672549E+0	3.301310E+2	6.766900E+1	1.410000E+0
3.719800E+1	1.742720E+0	6.714016E+0	3.301310E+2	6.766900E+1	1.410000E+0
3.720700E+1	1.742720E+0	6.714016E+0	3.301310E+2	6.766900E+1	1.410000E+0
3.731900E+1	1.747085E+0	6.776910E+0	3.301310E+2	6.766900E+1	1.410000E+0
3.732900E+1	1.747085E+0	6.776910E+0	3.301310E+2	6.766900E+1	1.410000E+0
3.740800E+1	1.748235E+0	6.796658E+0	3.301310E+2	6.766900E+1	1.410000E+0
3.741700E+1	1.748235E+0	6.796658E+0	3.301310E+2	6.766900E+1	1.410000E+0
3.749800E+1	1.748236E+0	6.808495E+0	3.301310E+2	6.766900E+1	1.410000E+0
3.750600E+1	1.748236E+0	6.808495E+0	3.301310E+2	6.766900E+1	1.410000E+0
3.758800E+1	1.759224E+0	6.975102E+0	3.301310E+2	6.766900E+1	1.410000E+0
3.759600E+1	1.759224E+0	6.975102E+0	3.301310E+2	6.766900E+1	1.410000E+0
3.767800E+1	1.759227E+0	6.984370E+0	3.301310E+2	6.766900E+1	1.410000E+0
3.768700E+1	1.759227E+0	6.984370E+0	3.301310E+2	6.766900E+1	1.410000E+0
3.779800E+1	1.770249E+0	7.162044E+0	3.301310E+2	6.766900E+1	1.410000E+0
3.780700E+1	1.770249E+0	7.162044E+0	3.301310E+2	6.766900E+1	1.410000E+0
3.788700E+1	1.770274E+0	7.168381E+0	3.301310E+2	6.766900E+1	1.410000E+0
3.790000E+1	1.770274E+0	7.168381E+0	3.301310E+2	6.766900E+1	1.410000E+0
3.798400E+1	1.778860E+0	7.349161E+0	3.301310E+2	6.766900E+1	1.410000E+0
3.799200E+1	1.778860E+0	7.349161E+0	3.301310E+2	6.766900E+1	1.410000E+0
3.807800E+1	1.781275E+0	7.359560E+0	3.301310E+2	6.766900E+1	1.410000E+0
3.808700E+1	1.781275E+0	7.359560E+0	3.301310E+2	6.766900E+1	1.410000E+0
3.816700E+1	1.789136E+0	7.494289E+0	3.301310E+2	6.766900E+1	1.410000E+0
3.817600E+1	1.789136E+0	7.494289E+0	3.301310E+2	6.766900E+1	1.410000E+0
3.828800E+1	1.792303E+0	7.555549E+0	3.301310E+2	6.766900E+1	1.410000E+0
3.829700E+1	1.792303E+0	7.555549E+0	3.301310E+2	6.766900E+1	1.410000E+0
3.837700E+1	1.800495E+0	7.698201E+0	3.301310E+2	6.766900E+1	1.410000E+0
3.838600E+1	1.800495E+0	7.698201E+0	3.301310E+2	6.766900E+1	1.410000E+0
3.846700E+1	1.803250E+0	7.754124E+0	3.301310E+2	6.766900E+1	1.410000E+0
3.847600E+1	1.803250E+0	7.754124E+0	3.301310E+2	6.766900E+1	1.410000E+0
3.855700E+1	1.803259E+0	7.767693E+0	3.301310E+2	6.766900E+1	1.410000E+0
3.856700E+1	1.803259E+0	7.767693E+0	3.301310E+2	6.766900E+1	1.410000E+0
3.864700E+1	1.807686E+0	7.843665E+0	3.301310E+2	6.766900E+1	1.410000E+0
3.865600E+1	1.807686E+0	7.843665E+0	3.301310E+2	6.766900E+1	1.410000E+0
3.876800E+1	1.808761E+0	7.882332E+0	3.301310E+2	6.766900E+1	1.410000E+0
3.877700E+1	1.808761E+0	7.882332E+0	3.301310E+2	6.766900E+1	1.410000E+0
3.885700E+1	1.819776E+0	8.075173E+0	3.301310E+2	6.766900E+1	1.410000E+0
3.887000E+1	1.819776E+0	8.075173E+0	3.301310E+2	6.766900E+1	1.410000E+0
3.895300E+1	1.819775E+0	8.087889E+0	3.301310E+2	6.766900E+1	1.410000E+0
3.896300E+1	1.819775E+0	8.087889E+0	3.301310E+2	6.766900E+1	1.410000E+0
3.904700E+1	1.825273E+0	8.191056E+0	3.301310E+2	6.766900E+1	1.410000E+0
3.905600E+1	1.825273E+0	8.191056E+0	3.301310E+2	6.766900E+1	1.410000E+0
3.913800E+1	1.830814E+0	8.294085E+0	3.301310E+2	6.766900E+1	1.410000E+0
3.914700E+1	1.830814E+0	8.294085E+0	3.301310E+2	6.766900E+1	1.410000E+0
3.925800E+1	1.838880E+0	8.450815E+0	3.301310E+2	6.766900E+1	1.410000E+0
3.926700E+1	1.838880E+0	8.450815E+0	3.301310E+2	6.766900E+1	1.410000E+0
3.934700E+1	1.841795E+0	8.523350E+0	3.301310E+2	6.766900E+1	1.410000E+0
3.935700E+1	1.841795E+0	8.523350E+0	3.301310E+2	6.766900E+1	1.410000E+0
3.943700E+1	1.850167E+0	8.696070E+0	3.301310E+2	6.766900E+1	1.410000E+0
3.944600E+1	1.850167E+0	8.696070E+0	3.301310E+2	6.766900E+1	1.410000E+0
3.952600E+1	1.852851E+0	8.757043E+0	3.301310E+2	6.766900E+1	1.410000E+0
3.953500E+1	1.852851E+0	8.757043E+0	3.301310E+2	6.766900E+1	1.410000E+0
3.961700E+1	1.852856E+0	8.768606E+0	3.301310E+2	6.766900E+1	1.410000E+0
3.962500E+1	1.852856E+0	8.768606E+0	3.301310E+2	6.766900E+1	1.410000E+0
3.973800E+1	1.858349E+0	8.891763E+0	3.301310E+2	6.766900E+1	1.410000E+0
3.974700E+1	1.858349E+0	8.891763E+0	3.301310E+2	6.766900E+1	1.410000E+0
3.982700E+1	1.858360E+0	8.887060E+0	3.301310E+2	6.766900E+1	1.410000E+0
3.984000E+1	1.858360E+0	8.887060E+0	3.301310E+2	6.766900E+1	1.410000E+0
3.992300E+1	1.869358E+0	9.120142E+0	3.301310E+2	6.766900E+1	1.410000E+0
3.993300E+1	1.869358E+0	9.120142E+0	3.301310E+2	6.766900E+1	1.410000E+0
4.001700E+1	1.869360E+0	9.139950E+0	3.301310E+2	6.766900E+1	1.410000E+0
4.002600E+1	1.869360E+0	9.139950E+0	3.301310E+2	6.766900E+1	1.410000E+0
4.010700E+1	1.878424E+0	9.316422E+0	3.301310E+2	6.766900E+1	1.410000E+0
4.011600E+1	1.878424E+0	9.316422E+0	3.301310E+2	6.766900E+1	1.410000E+0
4.023100E+1	1.880372E+0	9.379790E+0	3.301310E+2	6.766900E+1	1.410000E+0
4.024000E+1	1.880372E+0	9.379790E+0	3.301310E+2	6.766900E+1	1.410000E+0
4.032400E+1	1.887646E+0	9.601782E+0	3.301310E+2	6.766900E+1	1.410000E+0
4.033300E+1	1.887646E+0	9.601782E+0	3.301310E+2	6.766900E+1	1.410000E+0
4.041700E+1	1.891350E+0	9.630099E+0	3.301310E+2	6.766900E+1	1.410000E+0
4.042700E+1	1.891350E+0	9.630099E+0	3.301310E+2	6.766900E+1	1.410000E+0
4.050700E+1	1.897851E+0	9.775252E+0	3.301310E+2	6.766900E+1	1.410000E+0
4.051600E+1	1.897851E+0	9.775252E+0	3.301310E+2	6.766900E+1	1.410000E+0
4.059700E+1	1.902387E+0	9.888666E+0	3.301310E+2	6.766900E+1	1.410000E+0
4.060600E+1	1.902387E+0	9.888666E+0	3.301310E+2	6.766900E+1	1.410000E+0
4.071700E+1	1.902396E+0	9.893133E+0	3.301310E+2	6.766900E+1	1.410000E+0
4.072600E+1	1.902396E+0	9.893133E+0	3.301310E+2	6.766900E+1	1.410000E+0
4.080700E+1	1.913396E+0	1.015420E+1	3.301310E+2	6.766900E+1	1.410000E+0
4.081500E+1	1.913396E+0	1.015420E+1	3.301310E+2	6.766900E+1	1.410000E+0
4.089600E+1	1.913399E+0	1.017574E+1	3.301310E+2	6.766900E+1	1.410000E+0
4.090900E+1	1.913399E+0	1.017574E+1	3.301310E+2	6.766900E+1	1.410000E+0
4.099300E+1	1.918914E+0	1.031069E+1	3.301310E+2	6.766900E+1	1.410000E+0
4.100200E+1	1.918914E+0	1.031069E+1	3.301310E+2	6.766900E+1	1.410000E+0
4.108600E+1	1.918904E+0	1.031227E+1	3.301310E+2	6.766900E+1	1.410000E+0
4.109500E+1	1.918904E+0	1.031227E+1	3.301310E+2	6.766900E+1	1.410000E+0
4.120700E+1	1.927820E+0	1.050013E+1	3.301310E+2	6.766900E+1	1.410000E+0
4.121600E+1	1.927820E+0	1.050013E+1	3.301310E+2	6.766900E+1	1.410000E+0
4.129700E+1	1.929886E+0	1.058711E+1	3.301310E+2	6.766900E+1	1.410000E+0
4.130600E+1	1.929886E+0	1.058711E+1	3.301310E+2	6.766900E+1	1.410000E+0
4.138700E+1	1.938278E+0	1.078070E+1	3.301310E+2	6.766900E+1	1.410000E+0
4.139500E+1	1.938278E+0	1.078070E+1	3.301310E+2	6.766900E+1	1.410000E+0
4.147700E+1	1.940928E+0	1.086053E+1	3.301310E+2	6.766900E+1	1.410000E+0
4.148600E+1	1.940928E+0	1.086053E+1	3.301310E+2	6.766900E+1	1.410000E+0
4.156600E+1	1.949769E+0	1.105805E+1	3.301310E+2	6.766900E+1	1.410000E+0
4.157500E+1	1.949769E+0	1.105805E+1	3.301310E+2	6.766900E+1	1.410000E+0
4.168800E+1	1.951962E+0	1.119146E+1	3.301310E+2	6.766900E+1	1.410000E+0
4.169600E+1	1.951962E+0	1.119146E+1	3.301310E+2	6.766900E+1	1.410000E+0
4.177700E+1	1.951948E+0	1.120119E+1	3.301310E+2	6.766900E+1	1.410000E+0
4.178600E+1	1.951948E+0	1.120119E+1	3.301310E+2	6.766900E+1	1.410000E+0
4.186600E+1	1.962964E+0	1.146618E+1	3.301310E+2	6.766900E+1	1.410000E+0
4.188000E+1	1.962964E+0	1.146618E+1	3.301310E+2	6.766900E+1	1.410000E+0
4.196300E+1	1.962974E+0	1.147383E+1	3.301310E+2	6.766900E+1	1.410000E+0
4.197200E+1	1.962974E+0	1.147383E+1	3.301310E+2	6.766900E+1	1.410000E+0
4.205700E+1	1.968488E+0	1.162300E+1	3.301310E+2	6.766900E+1	1.410000E+0
4.206600E+1	1.968488E+0	1.162300E+1	3.301310E+2	6.766900E+1	1.410000E+0
4.217800E+1	1.968513E+0	1.164363E+1	3.301310E+2	6.766900E+1	1.410000E+0
4.218700E+1	1.968513E+0	1.164363E+1	3.301310E+2	6.766900E+1	1.410000E+0
4.226600E+1	1.977059E+0	1.186516E+1	3.301310E+2	6.766900E+1	1.410000E+0
4.227500E+1	1.977059E+0	1.186516E+1	3.301310E+2	6.766900E+1	1.410000E+0
4.235700E+1	1.979423E+0	1.195074E+1	3.301310E+2	6.766900E+1	1.410000E+0
4.236500E+1	1.979423E+0	1.195074E+1	3.301310E+2	6.766900E+1	1.410000E+0
4.259400E+1	1.988172E+0	1.225450E+1	3.301310E+2	6.766900E+1	1.410000E+0
4.260300E+1	1.988172E+0	1.225450E+1	3.301310E+2	6.766900E+1	1.410000E+0
4.268600E+1	1.990451E+0	1.227991E+1	3.301310E+2	6.766900E+1	1.410000E+0
4.269500E+1	1.990451E+0	1.227991E+1	3.301310E+2	6.766900E+1	1.410000E+0
4.277600E+1	1.999489E+0	1.251447E+1	3.301310E+2	6.766900E+1	1.410000E+0
4.278500E+1	1.999489E+0	1.251447E+1	3.301310E+2	6.766900E+1	1.410000E+0
4.286600E+1	2.001495E+0	1.256562E+1	3.301310E+2	6.766900E+1	1.410000E+0
4.287900E+1	2.001495E+0	1.256562E+1	3.301310E+2	6.766900E+1	1.410000E+0
4.295700E+1	2.001487E+0	1.258513E+1	3.301310E+2	6.766900E+1	1.410000E+0
4.296500E+1	2.001487E+0	1.258513E+1	3.301310E+2	6.766900E+1	1.410000E+0
4.307700E+1	2.012554E+0	1.288296E+1	3.301310E+2	6.766900E+1	1.410000E+0
4.308600E+1	2.012554E+0	1.288296E+1	3.301310E+2	6.766900E+1	1.410000E+0
4.316700E+1	2.012533E+0	1.287458E+1	3.301310E+2	6.766900E+1	1.410000E+0
4.317500E+1	2.012533E+0	1.287458E+1	3.301310E+2	6.766900E+1	1.410000E+0
4.325600E+1	2.017963E+0	1.303504E+1	3.301310E+2	6.766900E+1	1.410000E+0
4.326500E+1	2.017963E+0	1.303504E+1	3.301310E+2	6.766900E+1	1.410000E+0
4.334600E+1	2.017976E+0	1.304964E+1	3.301310E+2	6.766900E+1	1.410000E+0
4.335500E+1	2.017976E+0	1.304964E+1	3.301310E+2	6.766900E+1	1.410000E+0
4.343700E+1	2.026742E+0	1.326176E+1	3.301310E+2	6.766900E+1	1.410000E+0
4.344600E+1	2.026742E+0	1.326176E+1	3.301310E+2	6.766900E+1	1.410000E+0
4.355700E+1	2.023933E+0	1.321563E+1	3.301310E+2	6.766900E+1	1.410000E+0
4.356600E+1	2.023933E+0	1.321563E+1	3.301310E+2	6.766900E+1	1.410000E+0
4.364600E+1	2.037335E+0	1.098209E+2	3.301310E+2	6.766900E+1	1.410000E+0
