Sample;s4(j1)
V-V length(cm);1.000000
Field (T);5.023013
Temp (K);4.200000
Angle (deg.);0.000000
Field(T)_memo;5.000000
Time(sec.)	Current(A)	Voltage(uV)	Temp.1(K)	Temp.2(K)	Temp.3(K)
0.000000E+0	7.997872E-4	1.004260E-6	3.301310E+2	6.766900E+1	1.410000E+0
1.400000E-2	7.959780E-4	2.008519E-5	3.301310E+2	6.766900E+1	1.410000E+0
3.100000E-2	7.959780E-4	2.008519E-5	3.301310E+2	6.766900E+1	1.410000E+0
1.060000E-1	7.519273E-3	3.514909E-6	3.301310E+2	6.766900E+1	1.410000E+0
1.140000E-1	7.519273E-3	3.514909E-6	3.301310E+2	6.766900E+1	1.410000E+0
1.980000E-1	1.181809E-2	2.510649E-6	3.301310E+2	6.766900E+1	1.410000E+0
2.070000E-1	1.181809E-2	2.510649E-6	3.301310E+2	6.766900E+1	1.410000E+0
2.880000E-1	2.285444E-2	-1.205112E-5	3.301310E+2	6.766900E+1	1.410000E+0
2.970000E-1	2.285444E-2	-1.205112E-5	3.301310E+2	6.766900E+1	1.410000E+0
3.800000E-1	2.286005E-2	-3.012779E-6	3.301310E+2	6.766900E+1	1.410000E+0
3.890000E-1	2.286005E-2	-3.012779E-6	3.301310E+2	6.766900E+1	1.410000E+0
5.000000E-1	2.838264E-2	-1.405964E-5	3.301310E+2	6.766900E+1	1.410000E+0
5.090000E-1	2.838264E-2	-1.405964E-5	3.301310E+2	6.766900E+1	1.410000E+0
5.890000E-1	3.576112E-2	1.707241E-5	3.301310E+2	6.766900E+1	1.410000E+0
5.980000E-1	3.576112E-2	1.707241E-5	3.301310E+2	6.766900E+1	1.410000E+0
6.790000E-1	3.931213E-2	-1.305538E-5	3.301310E+2	6.766900E+1	1.410000E+0
6.880000E-1	3.931213E-2	-1.305538E-5	3.301310E+2	6.766900E+1	1.410000E+0
7.690000E-1	5.034988E-2	6.025558E-6	3.301310E+2	6.766900E+1	1.410000E+0
7.780000E-1	5.034988E-2	6.025558E-6	3.301310E+2	6.766900E+1	1.410000E+0
8.580000E-1	5.035589E-2	-6.527688E-6	3.301310E+2	6.766900E+1	1.410000E+0
8.670000E-1	5.035589E-2	-6.527688E-6	3.301310E+2	6.766900E+1	1.410000E+0
9.800000E-1	6.139264E-2	-1.004260E-6	3.301310E+2	6.766900E+1	1.410000E+0
9.930000E-1	6.139264E-2	-1.004260E-6	3.301310E+2	6.766900E+1	1.410000E+0
1.073000E+0	6.984292E-2	0.000000E+0	3.301310E+2	6.766900E+1	1.410000E+0
1.082000E+0	6.984292E-2	0.000000E+0	3.301310E+2	6.766900E+1	1.410000E+0
1.166000E+0	7.242097E-2	-6.025558E-6	3.301310E+2	6.766900E+1	1.410000E+0
1.175000E+0	7.242097E-2	-6.025558E-6	3.301310E+2	6.766900E+1	1.410000E+0
1.259000E+0	7.787138E-2	2.460436E-5	3.301310E+2	6.766900E+1	1.410000E+0
1.268000E+0	7.787138E-2	2.460436E-5	3.301310E+2	6.766900E+1	1.410000E+0
1.349000E+0	7.787900E-2	-7.029818E-6	3.301310E+2	6.766900E+1	1.410000E+0
1.358000E+0	7.787900E-2	-7.029818E-6	3.301310E+2	6.766900E+1	1.410000E+0
1.470000E+0	8.891755E-2	2.560807E-5	3.301310E+2	6.766900E+1	1.410000E+0
1.480000E+0	8.891755E-2	2.560807E-5	3.301310E+2	6.766900E+1	1.410000E+0
1.559000E+0	9.685038E-2	-1.506444E-5	3.301310E+2	6.766900E+1	1.410000E+0
1.568000E+0	9.685038E-2	-1.506444E-5	3.301310E+2	6.766900E+1	1.410000E+0
1.649000E+0	9.992924E-2	5.020752E-6	3.301310E+2	6.766900E+1	1.410000E+0
1.658000E+0	9.992924E-2	5.020752E-6	3.301310E+2	6.766900E+1	1.410000E+0
1.740000E+0	1.109610E-1	-9.541009E-6	3.301310E+2	6.766900E+1	1.410000E+0
1.748000E+0	1.109610E-1	-9.541009E-6	3.301310E+2	6.766900E+1	1.410000E+0
1.830000E+0	1.193032E-1	2.510104E-6	3.301310E+2	6.766900E+1	1.410000E+0
1.838000E+0	1.193032E-1	2.510104E-6	3.301310E+2	6.766900E+1	1.410000E+0
1.953000E+0	1.219316E-1	-1.506444E-5	3.301310E+2	6.766900E+1	1.410000E+0
1.967000E+0	1.219316E-1	-1.506444E-5	3.301310E+2	6.766900E+1	1.410000E+0
2.050000E+0	1.321610E-1	-8.034619E-6	3.301310E+2	6.766900E+1	1.410000E+0
2.059000E+0	1.321610E-1	-8.034619E-6	3.301310E+2	6.766900E+1	1.410000E+0
2.140000E+0	1.329543E-1	1.707186E-5	3.301310E+2	6.766900E+1	1.410000E+0
2.149000E+0	1.329543E-1	1.707186E-5	3.301310E+2	6.766900E+1	1.410000E+0
2.230000E+0	1.376515E-1	1.004205E-5	3.301310E+2	6.766900E+1	1.410000E+0
2.238000E+0	1.376515E-1	1.004205E-5	3.301310E+2	6.766900E+1	1.410000E+0
2.320000E+0	1.476074E-1	7.431465E-5	3.301310E+2	6.766900E+1	1.410000E+0
2.329000E+0	1.476074E-1	7.431465E-5	3.301310E+2	6.766900E+1	1.410000E+0
2.442000E+0	1.494950E-1	1.079573E-4	3.301310E+2	6.766900E+1	1.410000E+0
2.451000E+0	1.494950E-1	1.079573E-4	3.301310E+2	6.766900E+1	1.410000E+0
2.530000E+0	1.583111E-1	2.234472E-4	3.301310E+2	6.766900E+1	1.410000E+0
2.539000E+0	1.583111E-1	2.234472E-4	3.301310E+2	6.766900E+1	1.410000E+0
2.620000E+0	1.605337E-1	2.907325E-4	3.301310E+2	6.766900E+1	1.410000E+0
2.630000E+0	1.605337E-1	2.907325E-4	3.301310E+2	6.766900E+1	1.410000E+0
2.710000E+0	1.715141E-1	6.879171E-4	3.301310E+2	6.766900E+1	1.410000E+0
2.718000E+0	1.715141E-1	6.879171E-4	3.301310E+2	6.766900E+1	1.410000E+0
2.801000E+0	1.800755E-1	1.373826E-3	3.301310E+2	6.766900E+1	1.410000E+0
2.810000E+0	1.800755E-1	1.373826E-3	3.301310E+2	6.766900E+1	1.410000E+0
2.920000E+0	1.825569E-1	1.699708E-3	3.301310E+2	6.766900E+1	1.410000E+0
2.929000E+0	1.825569E-1	1.699708E-3	3.301310E+2	6.766900E+1	1.410000E+0
3.011000E+0	1.868802E-1	2.320843E-3	3.301310E+2	6.766900E+1	1.410000E+0
3.024000E+0	1.868802E-1	2.320843E-3	3.301310E+2	6.766900E+1	1.410000E+0
3.107000E+0	1.880492E-1	2.503618E-3	3.301310E+2	6.766900E+1	1.410000E+0
3.116000E+0	1.880492E-1	2.503618E-3	3.301310E+2	6.766900E+1	1.410000E+0
3.200000E+0	1.990719E-1	5.089084E-3	3.301310E+2	6.766900E+1	1.410000E+0
3.209000E+0	1.990719E-1	5.089084E-3	3.301310E+2	6.766900E+1	1.410000E+0
3.291000E+0	2.080880E-1	8.630604E-3	3.301310E+2	6.766900E+1	1.410000E+0
3.300000E+0	2.080880E-1	8.630604E-3	3.301310E+2	6.766900E+1	1.410000E+0
3.412000E+0	2.100131E-1	9.473178E-3	3.301310E+2	6.766900E+1	1.410000E+0
3.421000E+0	2.100131E-1	9.473178E-3	3.301310E+2	6.766900E+1	1.410000E+0
3.501000E+0	2.210336E-1	1.602095E-2	3.301310E+2	6.766900E+1	1.410000E+0
3.510000E+0	2.210336E-1	1.602095E-2	3.301310E+2	6.766900E+1	1.410000E+0
3.590000E+0	2.210450E-1	1.619368E-2	3.301310E+2	6.766900E+1	1.410000E+0
3.599000E+0	2.210450E-1	1.619368E-2	3.301310E+2	6.766900E+1	1.410000E+0
3.680000E+0	2.320421E-1	2.534148E-2	3.301310E+2	6.766900E+1	1.410000E+0
3.689000E+0	2.320421E-1	2.534148E-2	3.301310E+2	6.766900E+1	1.410000E+0
3.771000E+0	2.365694E-1	3.031909E-2	3.301310E+2	6.766900E+1	1.410000E+0
3.780000E+0	2.365694E-1	3.031909E-2	3.301310E+2	6.766900E+1	1.410000E+0
3.892000E+0	2.375797E-1	3.158647E-2	3.301310E+2	6.766900E+1	1.410000E+0
3.901000E+0	2.375797E-1	3.158647E-2	3.301310E+2	6.766900E+1	1.410000E+0
3.981000E+0	2.486140E-1	4.571389E-2	3.301310E+2	6.766900E+1	1.410000E+0
3.994000E+0	2.486140E-1	4.571389E-2	3.301310E+2	6.766900E+1	1.410000E+0
4.078000E+0	2.486379E-1	4.615074E-2	3.301310E+2	6.766900E+1	1.410000E+0
4.087000E+0	2.486379E-1	4.615074E-2	3.301310E+2	6.766900E+1	1.410000E+0
4.168000E+0	2.589890E-1	6.386386E-2	3.301310E+2	6.766900E+1	1.410000E+0
4.177000E+0	2.589890E-1	6.386386E-2	3.301310E+2	6.766900E+1	1.410000E+0
4.262000E+0	2.686740E-1	8.188028E-2	3.301310E+2	6.766900E+1	1.410000E+0
4.271000E+0	2.686740E-1	8.188028E-2	3.301310E+2	6.766900E+1	1.410000E+0
4.382000E+0	2.706538E-1	8.670273E-2	3.301310E+2	6.766900E+1	1.410000E+0
4.391000E+0	2.706538E-1	8.670273E-2	3.301310E+2	6.766900E+1	1.410000E+0
4.472000E+0	2.816689E-1	1.128446E-1	3.301310E+2	6.766900E+1	1.410000E+0
4.480000E+0	2.816689E-1	1.128446E-1	3.301310E+2	6.766900E+1	1.410000E+0
4.561000E+0	2.816776E-1	1.135551E-1	3.301310E+2	6.766900E+1	1.410000E+0
4.570000E+0	2.816776E-1	1.135551E-1	3.301310E+2	6.766900E+1	1.410000E+0
4.652000E+0	2.927362E-1	1.441890E-1	3.301310E+2	6.766900E+1	1.410000E+0
4.661000E+0	2.927362E-1	1.441890E-1	3.301310E+2	6.766900E+1	1.410000E+0
4.741000E+0	2.971035E-1	1.582286E-1	3.301310E+2	6.766900E+1	1.410000E+0
4.750000E+0	2.971035E-1	1.582286E-1	3.301310E+2	6.766900E+1	1.410000E+0
4.863000E+0	2.983592E-1	1.630279E-1	3.301310E+2	6.766900E+1	1.410000E+0
4.872000E+0	2.983592E-1	1.630279E-1	3.301310E+2	6.766900E+1	1.410000E+0
4.953000E+0	3.094330E-1	2.010010E-1	3.301310E+2	6.766900E+1	1.410000E+0
4.967000E+0	3.094330E-1	2.010010E-1	3.301310E+2	6.766900E+1	1.410000E+0
5.048000E+0	3.183484E-1	2.443448E-1	3.301310E+2	6.766900E+1	1.410000E+0
5.057000E+0	3.183484E-1	2.443448E-1	3.301310E+2	6.766900E+1	1.410000E+0
5.142000E+0	3.204812E-1	2.461048E-1	3.301310E+2	6.766900E+1	1.410000E+0
5.151000E+0	3.204812E-1	2.461048E-1	3.301310E+2	6.766900E+1	1.410000E+0
5.232000E+0	3.291610E-1	2.831404E-1	3.301310E+2	6.766900E+1	1.410000E+0
5.241000E+0	3.291610E-1	2.831404E-1	3.301310E+2	6.766900E+1	1.410000E+0
5.353000E+0	3.315408E-1	2.944624E-1	3.301310E+2	6.766900E+1	1.410000E+0
5.362000E+0	3.315408E-1	2.944624E-1	3.301310E+2	6.766900E+1	1.410000E+0
5.442000E+0	3.425120E-1	3.461958E-1	3.301310E+2	6.766900E+1	1.410000E+0
5.451000E+0	3.425120E-1	3.461958E-1	3.301310E+2	6.766900E+1	1.410000E+0
5.532000E+0	3.455452E-1	3.624136E-1	3.301310E+2	6.766900E+1	1.410000E+0
5.541000E+0	3.455452E-1	3.624136E-1	3.301310E+2	6.766900E+1	1.410000E+0
5.622000E+0	3.480767E-1	3.760735E-1	3.301310E+2	6.766900E+1	1.410000E+0
5.631000E+0	3.480767E-1	3.760735E-1	3.301310E+2	6.766900E+1	1.410000E+0
5.712000E+0	3.527586E-1	4.008200E-1	3.301310E+2	6.766900E+1	1.410000E+0
5.721000E+0	3.527586E-1	4.008200E-1	3.301310E+2	6.766900E+1	1.410000E+0
5.834000E+0	3.590998E-1	4.361378E-1	3.301310E+2	6.766900E+1	1.410000E+0
5.843000E+0	3.590998E-1	4.361378E-1	3.301310E+2	6.766900E+1	1.410000E+0
5.922000E+0	3.701147E-1	4.998887E-1	3.301310E+2	6.766900E+1	1.410000E+0
5.931000E+0	3.701147E-1	4.998887E-1	3.301310E+2	6.766900E+1	1.410000E+0
6.013000E+0	3.786983E-1	5.541468E-1	3.301310E+2	6.766900E+1	1.410000E+0
6.026000E+0	3.786983E-1	5.541468E-1	3.301310E+2	6.766900E+1	1.410000E+0
6.109000E+0	3.811492E-1	5.717379E-1	3.301310E+2	6.766900E+1	1.410000E+0
6.118000E+0	3.811492E-1	5.717379E-1	3.301310E+2	6.766900E+1	1.410000E+0
6.199000E+0	3.879692E-1	6.348782E-1	3.301310E+2	6.766900E+1	1.410000E+0
6.208000E+0	3.879692E-1	6.348782E-1	3.301310E+2	6.766900E+1	1.410000E+0
6.326000E+0	3.920783E-1	6.470579E-1	3.301310E+2	6.766900E+1	1.410000E+0
6.335000E+0	3.920783E-1	6.470579E-1	3.301310E+2	6.766900E+1	1.410000E+0
6.419000E+0	4.030862E-1	7.262779E-1	3.301310E+2	6.766900E+1	1.410000E+0
6.428000E+0	4.030862E-1	7.262779E-1	3.301310E+2	6.766900E+1	1.410000E+0
6.509000E+0	4.065454E-1	7.636308E-1	3.301310E+2	6.766900E+1	1.410000E+0
6.517000E+0	4.065454E-1	7.636308E-1	3.301310E+2	6.766900E+1	1.410000E+0
6.603000E+0	4.086084E-1	7.709142E-1	3.301310E+2	6.766900E+1	1.410000E+0
6.612000E+0	4.086084E-1	7.709142E-1	3.301310E+2	6.766900E+1	1.410000E+0
6.693000E+0	4.196544E-1	8.564198E-1	3.301310E+2	6.766900E+1	1.410000E+0
6.702000E+0	4.196544E-1	8.564198E-1	3.301310E+2	6.766900E+1	1.410000E+0
6.813000E+0	4.196608E-1	8.588567E-1	3.301310E+2	6.766900E+1	1.410000E+0
6.821000E+0	4.196608E-1	8.588567E-1	3.301310E+2	6.766900E+1	1.410000E+0
6.903000E+0	4.306400E-1	9.488087E-1	3.301310E+2	6.766900E+1	1.410000E+0
6.912000E+0	4.306400E-1	9.488087E-1	3.301310E+2	6.766900E+1	1.410000E+0
6.994000E+0	4.393279E-1	1.025182E+0	3.301310E+2	6.766900E+1	1.410000E+0
7.007000E+0	4.393279E-1	1.025182E+0	3.301310E+2	6.766900E+1	1.410000E+0
7.089000E+0	4.416886E-1	1.049216E+0	3.301310E+2	6.766900E+1	1.410000E+0
7.098000E+0	4.416886E-1	1.049216E+0	3.301310E+2	6.766900E+1	1.410000E+0
7.183000E+0	4.526852E-1	1.147656E+0	3.301310E+2	6.766900E+1	1.410000E+0
7.191000E+0	4.526852E-1	1.147656E+0	3.301310E+2	6.766900E+1	1.410000E+0
7.305000E+0	4.526880E-1	1.150222E+0	3.301310E+2	6.766900E+1	1.410000E+0
7.314000E+0	4.526880E-1	1.150222E+0	3.301310E+2	6.766900E+1	1.410000E+0
7.393000E+0	4.582271E-1	1.199094E+0	3.301310E+2	6.766900E+1	1.410000E+0
7.402000E+0	4.582271E-1	1.199094E+0	3.301310E+2	6.766900E+1	1.410000E+0
7.484000E+0	4.668538E-1	1.278945E+0	3.301310E+2	6.766900E+1	1.410000E+0
7.492000E+0	4.668538E-1	1.278945E+0	3.301310E+2	6.766900E+1	1.410000E+0
7.574000E+0	4.692592E-1	1.304894E+0	3.301310E+2	6.766900E+1	1.410000E+0
7.583000E+0	4.692592E-1	1.304894E+0	3.301310E+2	6.766900E+1	1.410000E+0
7.663000E+0	4.802166E-1	1.414397E+0	3.301310E+2	6.766900E+1	1.410000E+0
7.673000E+0	4.802166E-1	1.414397E+0	3.301310E+2	6.766900E+1	1.410000E+0
7.784000E+0	4.802284E-1	1.417844E+0	3.301310E+2	6.766900E+1	1.410000E+0
7.793000E+0	4.802284E-1	1.417844E+0	3.301310E+2	6.766900E+1	1.410000E+0
7.873000E+0	4.912493E-1	1.532505E+0	3.301310E+2	6.766900E+1	1.410000E+0
7.882000E+0	4.912493E-1	1.532505E+0	3.301310E+2	6.766900E+1	1.410000E+0
7.964000E+0	4.997329E-1	1.623885E+0	3.301310E+2	6.766900E+1	1.410000E+0
7.978000E+0	4.997329E-1	1.623885E+0	3.301310E+2	6.766900E+1	1.410000E+0
8.061000E+0	5.022732E-1	1.650852E+0	3.301310E+2	6.766900E+1	1.410000E+0
8.070000E+0	5.022732E-1	1.650852E+0	3.301310E+2	6.766900E+1	1.410000E+0
8.154000E+0	5.077850E-1	1.708549E+0	3.301310E+2	6.766900E+1	1.410000E+0
8.163000E+0	5.077850E-1	1.708549E+0	3.301310E+2	6.766900E+1	1.410000E+0
8.275000E+0	5.168850E-1	1.810537E+0	3.301310E+2	6.766900E+1	1.410000E+0
8.284000E+0	5.168850E-1	1.810537E+0	3.301310E+2	6.766900E+1	1.410000E+0
8.365000E+0	5.187742E-1	1.836218E+0	3.301310E+2	6.766900E+1	1.410000E+0
8.373000E+0	5.187742E-1	1.836218E+0	3.301310E+2	6.766900E+1	1.410000E+0
8.454000E+0	5.269324E-1	1.930398E+0	3.301310E+2	6.766900E+1	1.410000E+0
8.463000E+0	5.269324E-1	1.930398E+0	3.301310E+2	6.766900E+1	1.410000E+0
8.544000E+0	5.298282E-1	1.968121E+0	3.301310E+2	6.766900E+1	1.410000E+0
8.553000E+0	5.298282E-1	1.968121E+0	3.301310E+2	6.766900E+1	1.410000E+0
8.634000E+0	5.408184E-1	2.101563E+0	3.301310E+2	6.766900E+1	1.410000E+0
8.643000E+0	5.408184E-1	2.101563E+0	3.301310E+2	6.766900E+1	1.410000E+0
8.757000E+0	5.496528E-1	2.212261E+0	3.301310E+2	6.766900E+1	1.410000E+0
8.765000E+0	5.496528E-1	2.212261E+0	3.301310E+2	6.766900E+1	1.410000E+0
8.844000E+0	5.518724E-1	2.246012E+0	3.301310E+2	6.766900E+1	1.410000E+0
8.854000E+0	5.518724E-1	2.246012E+0	3.301310E+2	6.766900E+1	1.410000E+0
8.935000E+0	5.609300E-1	2.362676E+0	3.301310E+2	6.766900E+1	1.410000E+0
8.944000E+0	5.609300E-1	2.362676E+0	3.301310E+2	6.766900E+1	1.410000E+0
9.028000E+0	5.628043E-1	2.391523E+0	3.301310E+2	6.766900E+1	1.410000E+0
9.045000E+0	5.628043E-1	2.391523E+0	3.301310E+2	6.766900E+1	1.410000E+0
9.120000E+0	5.683139E-1	2.463685E+0	3.301310E+2	6.766900E+1	1.410000E+0
9.129000E+0	5.683139E-1	2.463685E+0	3.301310E+2	6.766900E+1	1.410000E+0
9.246000E+0	5.735004E-1	2.532594E+0	3.301310E+2	6.766900E+1	1.410000E+0
9.254000E+0	5.735004E-1	2.532594E+0	3.301310E+2	6.766900E+1	1.410000E+0
9.335000E+0	5.793568E-1	2.616999E+0	3.301310E+2	6.766900E+1	1.410000E+0
9.344000E+0	5.793568E-1	2.616999E+0	3.301310E+2	6.766900E+1	1.410000E+0
9.425000E+0	5.846717E-1	2.688252E+0	3.301310E+2	6.766900E+1	1.410000E+0
9.434000E+0	5.846717E-1	2.688252E+0	3.301310E+2	6.766900E+1	1.410000E+0
9.515000E+0	5.903782E-1	2.771617E+0	3.301310E+2	6.766900E+1	1.410000E+0
9.524000E+0	5.903782E-1	2.771617E+0	3.301310E+2	6.766900E+1	1.410000E+0
9.605000E+0	6.014003E-1	2.927593E+0	3.301310E+2	6.766900E+1	1.410000E+0
9.614000E+0	6.014003E-1	2.927593E+0	3.301310E+2	6.766900E+1	1.410000E+0
9.726000E+0	6.102968E-1	3.059583E+0	3.301310E+2	6.766900E+1	1.410000E+0
9.735000E+0	6.102968E-1	3.059583E+0	3.301310E+2	6.766900E+1	1.410000E+0
9.815000E+0	6.123963E-1	3.096757E+0	3.301310E+2	6.766900E+1	1.410000E+0
9.824000E+0	6.123963E-1	3.096757E+0	3.301310E+2	6.766900E+1	1.410000E+0
9.905000E+0	6.179011E-1	3.178681E+0	3.301310E+2	6.766900E+1	1.410000E+0
9.914000E+0	6.179011E-1	3.178681E+0	3.301310E+2	6.766900E+1	1.410000E+0
9.995000E+0	6.178969E-1	3.180477E+0	3.301310E+2	6.766900E+1	1.410000E+0
1.000800E+1	6.178969E-1	3.180477E+0	3.301310E+2	6.766900E+1	1.410000E+0
1.009100E+1	6.289172E-1	3.346726E+0	3.301310E+2	6.766900E+1	1.410000E+0
1.010000E+1	6.289172E-1	3.346726E+0	3.301310E+2	6.766900E+1	1.410000E+0
1.021300E+1	6.360384E-1	3.498129E+0	3.301310E+2	6.766900E+1	1.410000E+0
1.022100E+1	6.360384E-1	3.498129E+0	3.301310E+2	6.766900E+1	1.410000E+0
1.030600E+1	6.399808E-1	3.522220E+0	3.301310E+2	6.766900E+1	1.410000E+0
1.031500E+1	6.399808E-1	3.522220E+0	3.301310E+2	6.766900E+1	1.410000E+0
1.039500E+1	6.509937E-1	3.694741E+0	3.301310E+2	6.766900E+1	1.410000E+0
1.040400E+1	6.509937E-1	3.694741E+0	3.301310E+2	6.766900E+1	1.410000E+0
1.048600E+1	6.509885E-1	3.699514E+0	3.301310E+2	6.766900E+1	1.410000E+0
1.049400E+1	6.509885E-1	3.699514E+0	3.301310E+2	6.766900E+1	1.410000E+0
1.057500E+1	6.620719E-1	3.879580E+0	3.301310E+2	6.766900E+1	1.410000E+0
1.058300E+1	6.620719E-1	3.879580E+0	3.301310E+2	6.766900E+1	1.410000E+0
1.069700E+1	6.672918E-1	3.965928E+0	3.301310E+2	6.766900E+1	1.410000E+0
1.070500E+1	6.672918E-1	3.965928E+0	3.301310E+2	6.766900E+1	1.410000E+0
1.078600E+1	6.730994E-1	4.069408E+0	3.301310E+2	6.766900E+1	1.410000E+0
1.079600E+1	6.730994E-1	4.069408E+0	3.301310E+2	6.766900E+1	1.410000E+0
1.087600E+1	6.777247E-1	4.145704E+0	3.301310E+2	6.766900E+1	1.410000E+0
1.088500E+1	6.777247E-1	4.145704E+0	3.301310E+2	6.766900E+1	1.410000E+0
1.096600E+1	6.786581E-1	4.164874E+0	3.301310E+2	6.766900E+1	1.410000E+0
1.097900E+1	6.786581E-1	4.164874E+0	3.301310E+2	6.766900E+1	1.410000E+0
1.106200E+1	6.896995E-1	4.354830E+0	3.301310E+2	6.766900E+1	1.410000E+0
1.107000E+1	6.896995E-1	4.354830E+0	3.301310E+2	6.766900E+1	1.410000E+0
1.118700E+1	6.989022E-1	4.517439E+0	3.301310E+2	6.766900E+1	1.410000E+0
1.119600E+1	6.989022E-1	4.517439E+0	3.301310E+2	6.766900E+1	1.410000E+0
1.127600E+1	7.006967E-1	4.556617E+0	3.301310E+2	6.766900E+1	1.410000E+0
1.128500E+1	7.006967E-1	4.556617E+0	3.301310E+2	6.766900E+1	1.410000E+0
1.136600E+1	7.117217E-1	4.750834E+0	3.301310E+2	6.766900E+1	1.410000E+0
1.137500E+1	7.117217E-1	4.750834E+0	3.301310E+2	6.766900E+1	1.410000E+0
1.145600E+1	7.199203E-1	4.900529E+0	3.301310E+2	6.766900E+1	1.410000E+0
1.146500E+1	7.199203E-1	4.900529E+0	3.301310E+2	6.766900E+1	1.410000E+0
1.154700E+1	7.227666E-1	4.961127E+0	3.301310E+2	6.766900E+1	1.410000E+0
1.155600E+1	7.227666E-1	4.961127E+0	3.301310E+2	6.766900E+1	1.410000E+0
1.166900E+1	7.269377E-1	5.038414E+0	3.301310E+2	6.766900E+1	1.410000E+0
1.167800E+1	7.269377E-1	5.038414E+0	3.301310E+2	6.766900E+1	1.410000E+0
1.175600E+1	7.282713E-1	5.064184E+0	3.301310E+2	6.766900E+1	1.410000E+0
1.176500E+1	7.282713E-1	5.064184E+0	3.301310E+2	6.766900E+1	1.410000E+0
1.184600E+1	7.391760E-1	5.268411E+0	3.301310E+2	6.766900E+1	1.410000E+0
1.185500E+1	7.391760E-1	5.268411E+0	3.301310E+2	6.766900E+1	1.410000E+0
1.193700E+1	7.446987E-1	5.374689E+0	3.301310E+2	6.766900E+1	1.410000E+0
1.194500E+1	7.446987E-1	5.374689E+0	3.301310E+2	6.766900E+1	1.410000E+0
1.203100E+1	7.502330E-1	5.484681E+0	3.301310E+2	6.766900E+1	1.410000E+0
1.204700E+1	7.502330E-1	5.484681E+0	3.301310E+2	6.766900E+1	1.410000E+0
1.215400E+1	7.575100E-1	5.679478E+0	3.301310E+2	6.766900E+1	1.410000E+0
1.216200E+1	7.575100E-1	5.679478E+0	3.301310E+2	6.766900E+1	1.410000E+0
1.224600E+1	7.612673E-1	5.704596E+0	3.301310E+2	6.766900E+1	1.410000E+0
1.225400E+1	7.612673E-1	5.704596E+0	3.301310E+2	6.766900E+1	1.410000E+0
1.233700E+1	7.722914E-1	5.920176E+0	3.301310E+2	6.766900E+1	1.410000E+0
1.234600E+1	7.722914E-1	5.920176E+0	3.301310E+2	6.766900E+1	1.410000E+0
1.242500E+1	7.767262E-1	6.012534E+0	3.301310E+2	6.766900E+1	1.410000E+0
1.243400E+1	7.767262E-1	6.012534E+0	3.301310E+2	6.766900E+1	1.410000E+0
1.251600E+1	7.778218E-1	6.039213E+0	3.301310E+2	6.766900E+1	1.410000E+0
1.252500E+1	7.778218E-1	6.039213E+0	3.301310E+2	6.766900E+1	1.410000E+0
1.263700E+1	7.867735E-1	6.219728E+0	3.301310E+2	6.766900E+1	1.410000E+0
1.264600E+1	7.867735E-1	6.219728E+0	3.301310E+2	6.766900E+1	1.410000E+0
1.272700E+1	7.888181E-1	6.260010E+0	3.301310E+2	6.766900E+1	1.410000E+0
1.273600E+1	7.888181E-1	6.260010E+0	3.301310E+2	6.766900E+1	1.410000E+0
1.281600E+1	7.998276E-1	6.492525E+0	3.301310E+2	6.766900E+1	1.410000E+0
1.282500E+1	7.998276E-1	6.492525E+0	3.301310E+2	6.766900E+1	1.410000E+0
1.290700E+1	8.077963E-1	6.656755E+0	3.301310E+2	6.766900E+1	1.410000E+0
1.291600E+1	8.077963E-1	6.656755E+0	3.301310E+2	6.766900E+1	1.410000E+0
1.299600E+1	8.108531E-1	6.729416E+0	3.301310E+2	6.766900E+1	1.410000E+0
1.300900E+1	8.108531E-1	6.729416E+0	3.301310E+2	6.766900E+1	1.410000E+0
1.312400E+1	8.218760E-1	6.965842E+0	3.301310E+2	6.766900E+1	1.410000E+0
1.313300E+1	8.218760E-1	6.965842E+0	3.301310E+2	6.766900E+1	1.410000E+0
1.321700E+1	8.218941E-1	6.965528E+0	3.301310E+2	6.766900E+1	1.410000E+0
1.322600E+1	8.218941E-1	6.965528E+0	3.301310E+2	6.766900E+1	1.410000E+0
1.330700E+1	8.328512E-1	7.205332E+0	3.301310E+2	6.766900E+1	1.410000E+0
1.331600E+1	8.328512E-1	7.205332E+0	3.301310E+2	6.766900E+1	1.410000E+0
1.339600E+1	8.370113E-1	7.298740E+0	3.301310E+2	6.766900E+1	1.410000E+0
1.340400E+1	8.370113E-1	7.298740E+0	3.301310E+2	6.766900E+1	1.410000E+0
1.348700E+1	8.383646E-1	7.326502E+0	3.301310E+2	6.766900E+1	1.410000E+0
1.349600E+1	8.383646E-1	7.326502E+0	3.301310E+2	6.766900E+1	1.410000E+0
1.360800E+1	8.493887E-1	7.576460E+0	3.301310E+2	6.766900E+1	1.410000E+0
1.361700E+1	8.493887E-1	7.576460E+0	3.301310E+2	6.766900E+1	1.410000E+0
1.369700E+1	8.493897E-1	7.576081E+0	3.301310E+2	6.766900E+1	1.410000E+0
1.370600E+1	8.493897E-1	7.576081E+0	3.301310E+2	6.766900E+1	1.410000E+0
1.378700E+1	8.549628E-1	7.700480E+0	3.301310E+2	6.766900E+1	1.410000E+0
1.379600E+1	8.549628E-1	7.700480E+0	3.301310E+2	6.766900E+1	1.410000E+0
1.387700E+1	8.694760E-1	8.037390E+0	3.301310E+2	6.766900E+1	1.410000E+0
1.388500E+1	8.694760E-1	8.037390E+0	3.301310E+2	6.766900E+1	1.410000E+0
1.396700E+1	8.714167E-1	8.083221E+0	3.301310E+2	6.766900E+1	1.410000E+0
1.398000E+1	8.714167E-1	8.083221E+0	3.301310E+2	6.766900E+1	1.410000E+0
1.409500E+1	8.824244E-1	8.337510E+0	3.301310E+2	6.766900E+1	1.410000E+0
1.410300E+1	8.824244E-1	8.337510E+0	3.301310E+2	6.766900E+1	1.410000E+0
1.418800E+1	8.824631E-1	8.340396E+0	3.301310E+2	6.766900E+1	1.410000E+0
1.419700E+1	8.824631E-1	8.340396E+0	3.301310E+2	6.766900E+1	1.410000E+0
1.427800E+1	8.879727E-1	8.472089E+0	3.301310E+2	6.766900E+1	1.410000E+0
1.428700E+1	8.879727E-1	8.472089E+0	3.301310E+2	6.766900E+1	1.410000E+0
1.436700E+1	8.968502E-1	8.674598E+0	3.301310E+2	6.766900E+1	1.410000E+0
1.437500E+1	8.968502E-1	8.674598E+0	3.301310E+2	6.766900E+1	1.410000E+0
1.445800E+1	8.989856E-1	8.736239E+0	3.301310E+2	6.766900E+1	1.410000E+0
1.446700E+1	8.989856E-1	8.736239E+0	3.301310E+2	6.766900E+1	1.410000E+0
1.457700E+1	9.100117E-1	9.000596E+0	3.301310E+2	6.766900E+1	1.410000E+0
1.458600E+1	9.100117E-1	9.000596E+0	3.301310E+2	6.766900E+1	1.410000E+0
1.466700E+1	9.172222E-1	9.173550E+0	3.301310E+2	6.766900E+1	1.410000E+0
1.467600E+1	9.172222E-1	9.173550E+0	3.301310E+2	6.766900E+1	1.410000E+0
1.475800E+1	9.209580E-1	9.269945E+0	3.301310E+2	6.766900E+1	1.410000E+0
1.476700E+1	9.209580E-1	9.269945E+0	3.301310E+2	6.766900E+1	1.410000E+0
1.484800E+1	9.258242E-1	9.393349E+0	3.301310E+2	6.766900E+1	1.410000E+0
1.485600E+1	9.258242E-1	9.393349E+0	3.301310E+2	6.766900E+1	1.410000E+0
1.493700E+1	9.319872E-1	9.543971E+0	3.301310E+2	6.766900E+1	1.410000E+0
1.494600E+1	9.319872E-1	9.543971E+0	3.301310E+2	6.766900E+1	1.410000E+0
1.506200E+1	9.429788E-1	9.817817E+0	3.301310E+2	6.766900E+1	1.410000E+0
1.507800E+1	9.429788E-1	9.817817E+0	3.301310E+2	6.766900E+1	1.410000E+0
1.516400E+1	9.479447E-1	9.967946E+0	3.301310E+2	6.766900E+1	1.410000E+0
1.517300E+1	9.479447E-1	9.967946E+0	3.301310E+2	6.766900E+1	1.410000E+0
1.525800E+1	9.485114E-1	9.958048E+0	3.301310E+2	6.766900E+1	1.410000E+0
1.526700E+1	9.485114E-1	9.958048E+0	3.301310E+2	6.766900E+1	1.410000E+0
1.534800E+1	9.566133E-1	1.017435E+1	3.301310E+2	6.766900E+1	1.410000E+0
1.535700E+1	9.566133E-1	1.017435E+1	3.301310E+2	6.766900E+1	1.410000E+0
1.543800E+1	9.595169E-1	1.025528E+1	3.301310E+2	6.766900E+1	1.410000E+0
1.544700E+1	9.595169E-1	1.025528E+1	3.301310E+2	6.766900E+1	1.410000E+0
1.555900E+1	9.705374E-1	1.053607E+1	3.301310E+2	6.766900E+1	1.410000E+0
1.556700E+1	9.705374E-1	1.053607E+1	3.301310E+2	6.766900E+1	1.410000E+0
1.564700E+1	9.774131E-1	1.070623E+1	3.301310E+2	6.766900E+1	1.410000E+0
