Sample;s4(j1)
V-V length(cm);1.000000
Field (T);7.032344
Temp (K);4.200000
Angle (deg.);0.000000
Field(T)_memo;7.000000
Time(sec.)	Current(A)	Voltage(uV)	Temp.1(K)	Temp.2(K)	Temp.3(K)
0.000000E+0	7.849511E-4	1.657036E-5	3.301310E+2	6.766900E+1	1.410000E+0
6.500000E-2	7.935720E-4	3.565137E-5	3.301310E+2	6.766900E+1	1.410000E+0
7.400000E-2	7.935720E-4	3.565137E-5	3.301310E+2	6.766900E+1	1.410000E+0
1.630000E-1	7.927700E-4	1.556609E-5	3.301310E+2	6.766900E+1	1.410000E+0
1.780000E-1	7.927700E-4	1.556609E-5	3.301310E+2	6.766900E+1	1.410000E+0
2.860000E-1	7.979827E-4	1.205117E-5	3.301310E+2	6.766900E+1	1.410000E+0
2.950000E-1	7.979827E-4	1.205117E-5	3.301310E+2	6.766900E+1	1.410000E+0
3.790000E-1	7.793375E-4	-5.021320E-7	3.301310E+2	6.766900E+1	1.410000E+0
3.870000E-1	7.793375E-4	-5.021320E-7	3.301310E+2	6.766900E+1	1.410000E+0
4.690000E-1	1.179664E-2	7.631402E-3	3.301310E+2	6.766900E+1	1.410000E+0
4.780000E-1	1.179664E-2	7.631402E-3	3.301310E+2	6.766900E+1	1.410000E+0
5.590000E-1	1.179944E-2	7.730322E-3	3.301310E+2	6.766900E+1	1.410000E+0
5.680000E-1	1.179944E-2	7.730322E-3	3.301310E+2	6.766900E+1	1.410000E+0
6.490000E-1	1.180145E-2	7.667555E-3	3.301310E+2	6.766900E+1	1.410000E+0
6.580000E-1	1.180145E-2	7.667555E-3	3.301310E+2	6.766900E+1	1.410000E+0
7.730000E-1	1.181107E-2	7.779536E-3	3.301310E+2	6.766900E+1	1.410000E+0
7.820000E-1	1.181107E-2	7.779536E-3	3.301310E+2	6.766900E+1	1.410000E+0
8.660000E-1	1.181167E-2	7.846821E-3	3.301310E+2	6.766900E+1	1.410000E+0
8.740000E-1	1.181167E-2	7.846821E-3	3.301310E+2	6.766900E+1	1.410000E+0
9.590000E-1	1.181528E-2	7.680114E-3	3.301310E+2	6.766900E+1	1.410000E+0
9.680000E-1	1.181528E-2	7.680114E-3	3.301310E+2	6.766900E+1	1.410000E+0
1.049000E+0	2.055366E-2	5.512659E-2	3.301310E+2	6.766900E+1	1.410000E+0
1.057000E+0	2.055366E-2	5.512659E-2	3.301310E+2	6.766900E+1	1.410000E+0
1.139000E+0	2.284200E-2	6.532389E-2	3.301310E+2	6.766900E+1	1.410000E+0
1.152000E+0	2.284200E-2	6.532389E-2	3.301310E+2	6.766900E+1	1.410000E+0
1.267000E+0	2.284942E-2	6.546348E-2	3.301310E+2	6.766900E+1	1.410000E+0
1.276000E+0	2.284942E-2	6.546348E-2	3.301310E+2	6.766900E+1	1.410000E+0
1.360000E+0	2.285604E-2	6.550064E-2	3.301310E+2	6.766900E+1	1.410000E+0
1.368000E+0	2.285604E-2	6.550064E-2	3.301310E+2	6.766900E+1	1.410000E+0
1.449000E+0	2.284862E-2	6.549060E-2	3.301310E+2	6.766900E+1	1.410000E+0
1.458000E+0	2.284862E-2	6.549060E-2	3.301310E+2	6.766900E+1	1.410000E+0
1.540000E+0	2.285684E-2	6.553931E-2	3.301310E+2	6.766900E+1	1.410000E+0
1.549000E+0	2.285684E-2	6.553931E-2	3.301310E+2	6.766900E+1	1.410000E+0
1.629000E+0	2.284241E-2	6.558048E-2	3.301310E+2	6.766900E+1	1.410000E+0
1.638000E+0	2.284241E-2	6.558048E-2	3.301310E+2	6.766900E+1	1.410000E+0
1.751000E+0	2.836559E-2	1.180980E-1	3.301310E+2	6.766900E+1	1.410000E+0
1.759000E+0	2.836559E-2	1.180980E-1	3.301310E+2	6.766900E+1	1.410000E+0
1.840000E+0	2.836038E-2	1.182145E-1	3.301310E+2	6.766900E+1	1.410000E+0
1.849000E+0	2.836038E-2	1.182145E-1	3.301310E+2	6.766900E+1	1.410000E+0
1.930000E+0	2.836619E-2	1.183877E-1	3.301310E+2	6.766900E+1	1.410000E+0
1.939000E+0	2.836619E-2	1.183877E-1	3.301310E+2	6.766900E+1	1.410000E+0
2.020000E+0	2.837762E-2	1.184354E-1	3.301310E+2	6.766900E+1	1.410000E+0
2.029000E+0	2.837762E-2	1.184354E-1	3.301310E+2	6.766900E+1	1.410000E+0
2.110000E+0	2.836118E-2	1.185077E-1	3.301310E+2	6.766900E+1	1.410000E+0
2.123000E+0	2.836118E-2	1.185077E-1	3.301310E+2	6.766900E+1	1.410000E+0
2.237000E+0	2.835236E-2	1.184194E-1	3.301310E+2	6.766900E+1	1.410000E+0
2.245000E+0	2.835236E-2	1.184194E-1	3.301310E+2	6.766900E+1	1.410000E+0
2.331000E+0	2.835717E-2	1.185534E-1	3.301310E+2	6.766900E+1	1.410000E+0
2.340000E+0	2.835717E-2	1.185534E-1	3.301310E+2	6.766900E+1	1.410000E+0
2.421000E+0	3.929929E-2	2.592328E-1	3.301310E+2	6.766900E+1	1.410000E+0
2.430000E+0	3.929929E-2	2.592328E-1	3.301310E+2	6.766900E+1	1.410000E+0
2.511000E+0	3.930350E-2	2.598575E-1	3.301310E+2	6.766900E+1	1.410000E+0
2.519000E+0	3.930350E-2	2.598575E-1	3.301310E+2	6.766900E+1	1.410000E+0
2.600000E+0	3.931432E-2	2.601361E-1	3.301310E+2	6.766900E+1	1.410000E+0
2.609000E+0	3.931432E-2	2.601361E-1	3.301310E+2	6.766900E+1	1.410000E+0
2.722000E+0	3.931152E-2	2.599669E-1	3.301310E+2	6.766900E+1	1.410000E+0
2.731000E+0	3.931152E-2	2.599669E-1	3.301310E+2	6.766900E+1	1.410000E+0
2.811000E+0	3.929728E-2	2.602481E-1	3.301310E+2	6.766900E+1	1.410000E+0
2.820000E+0	3.929728E-2	2.602481E-1	3.301310E+2	6.766900E+1	1.410000E+0
2.901000E+0	3.930370E-2	2.602647E-1	3.301310E+2	6.766900E+1	1.410000E+0
2.910000E+0	3.930370E-2	2.602647E-1	3.301310E+2	6.766900E+1	1.410000E+0
2.991000E+0	4.796569E-2	4.028286E-1	3.301310E+2	6.766900E+1	1.410000E+0
3.000000E+0	4.796569E-2	4.028286E-1	3.301310E+2	6.766900E+1	1.410000E+0
3.081000E+0	5.034786E-2	4.424428E-1	3.301310E+2	6.766900E+1	1.410000E+0
3.095000E+0	5.034786E-2	4.424428E-1	3.301310E+2	6.766900E+1	1.410000E+0
3.207000E+0	5.035648E-2	4.428455E-1	3.301310E+2	6.766900E+1	1.410000E+0
3.216000E+0	5.035648E-2	4.428455E-1	3.301310E+2	6.766900E+1	1.410000E+0
3.301000E+0	5.035568E-2	4.431849E-1	3.301310E+2	6.766900E+1	1.410000E+0
3.310000E+0	5.035568E-2	4.431849E-1	3.301310E+2	6.766900E+1	1.410000E+0
3.390000E+0	5.036090E-2	4.432402E-1	3.301310E+2	6.766900E+1	1.410000E+0
3.399000E+0	5.036090E-2	4.432402E-1	3.301310E+2	6.766900E+1	1.410000E+0
3.480000E+0	5.036029E-2	4.435083E-1	3.301310E+2	6.766900E+1	1.410000E+0
3.489000E+0	5.036029E-2	4.435083E-1	3.301310E+2	6.766900E+1	1.410000E+0
3.571000E+0	5.034666E-2	4.435871E-1	3.301310E+2	6.766900E+1	1.410000E+0
3.580000E+0	5.034666E-2	4.435871E-1	3.301310E+2	6.766900E+1	1.410000E+0
3.692000E+0	6.134953E-2	6.546805E-1	3.301310E+2	6.766900E+1	1.410000E+0
3.701000E+0	6.134953E-2	6.546805E-1	3.301310E+2	6.766900E+1	1.410000E+0
3.781000E+0	6.136356E-2	6.560764E-1	3.301310E+2	6.766900E+1	1.410000E+0
3.790000E+0	6.136356E-2	6.560764E-1	3.301310E+2	6.766900E+1	1.410000E+0
3.871000E+0	6.137840E-2	6.562803E-1	3.301310E+2	6.766900E+1	1.410000E+0
3.879000E+0	6.137840E-2	6.562803E-1	3.301310E+2	6.766900E+1	1.410000E+0
3.961000E+0	6.136135E-2	6.566464E-1	3.301310E+2	6.766900E+1	1.410000E+0
3.970000E+0	6.136135E-2	6.566464E-1	3.301310E+2	6.766900E+1	1.410000E+0
4.051000E+0	6.136576E-2	6.567814E-1	3.301310E+2	6.766900E+1	1.410000E+0
4.060000E+0	6.136576E-2	6.567814E-1	3.301310E+2	6.766900E+1	1.410000E+0
4.172000E+0	6.136516E-2	6.567940E-1	3.301310E+2	6.766900E+1	1.410000E+0
4.185000E+0	6.136516E-2	6.567940E-1	3.301310E+2	6.766900E+1	1.410000E+0
4.271000E+0	7.133593E-2	8.699049E-1	3.301310E+2	6.766900E+1	1.410000E+0
4.280000E+0	7.133593E-2	8.699049E-1	3.301310E+2	6.766900E+1	1.410000E+0
4.361000E+0	7.238286E-2	8.940771E-1	3.301310E+2	6.766900E+1	1.410000E+0
4.369000E+0	7.238286E-2	8.940771E-1	3.301310E+2	6.766900E+1	1.410000E+0
4.451000E+0	7.237926E-2	8.948057E-1	3.301310E+2	6.766900E+1	1.410000E+0
4.460000E+0	7.237926E-2	8.948057E-1	3.301310E+2	6.766900E+1	1.410000E+0
4.541000E+0	7.238447E-2	8.949016E-1	3.301310E+2	6.766900E+1	1.410000E+0
4.550000E+0	7.238447E-2	8.949016E-1	3.301310E+2	6.766900E+1	1.410000E+0
4.663000E+0	7.237986E-2	8.953726E-1	3.301310E+2	6.766900E+1	1.410000E+0
4.672000E+0	7.237986E-2	8.953726E-1	3.301310E+2	6.766900E+1	1.410000E+0
4.757000E+0	7.238246E-2	8.953143E-1	3.301310E+2	6.766900E+1	1.410000E+0
4.766000E+0	7.238246E-2	8.953143E-1	3.301310E+2	6.766900E+1	1.410000E+0
4.852000E+0	7.239750E-2	8.955689E-1	3.301310E+2	6.766900E+1	1.410000E+0
4.861000E+0	7.239750E-2	8.955689E-1	3.301310E+2	6.766900E+1	1.410000E+0
4.942000E+0	7.657923E-2	9.907732E-1	3.301310E+2	6.766900E+1	1.410000E+0
4.951000E+0	7.657923E-2	9.907732E-1	3.301310E+2	6.766900E+1	1.410000E+0
5.031000E+0	7.783929E-2	1.020607E+0	3.301310E+2	6.766900E+1	1.410000E+0
5.040000E+0	7.783929E-2	1.020607E+0	3.301310E+2	6.766900E+1	1.410000E+0
5.154000E+0	7.784671E-2	1.020807E+0	3.301310E+2	6.766900E+1	1.410000E+0
5.167000E+0	7.784671E-2	1.020807E+0	3.301310E+2	6.766900E+1	1.410000E+0
5.252000E+0	7.783608E-2	1.021381E+0	3.301310E+2	6.766900E+1	1.410000E+0
5.261000E+0	7.783608E-2	1.021381E+0	3.301310E+2	6.766900E+1	1.410000E+0
5.341000E+0	7.782626E-2	1.021221E+0	3.301310E+2	6.766900E+1	1.410000E+0
5.351000E+0	7.782626E-2	1.021221E+0	3.301310E+2	6.766900E+1	1.410000E+0
5.431000E+0	7.782766E-2	1.021212E+0	3.301310E+2	6.766900E+1	1.410000E+0
5.440000E+0	7.782766E-2	1.021212E+0	3.301310E+2	6.766900E+1	1.410000E+0
5.522000E+0	7.784711E-2	1.021668E+0	3.301310E+2	6.766900E+1	1.410000E+0
5.531000E+0	7.784711E-2	1.021668E+0	3.301310E+2	6.766900E+1	1.410000E+0
5.642000E+0	8.887343E-2	1.286935E+0	3.301310E+2	6.766900E+1	1.410000E+0
5.651000E+0	8.887343E-2	1.286935E+0	3.301310E+2	6.766900E+1	1.410000E+0
5.732000E+0	8.887483E-2	1.288996E+0	3.301310E+2	6.766900E+1	1.410000E+0
5.742000E+0	8.887483E-2	1.288996E+0	3.301310E+2	6.766900E+1	1.410000E+0
5.821000E+0	8.888425E-2	1.289708E+0	3.301310E+2	6.766900E+1	1.410000E+0
5.830000E+0	8.888425E-2	1.289708E+0	3.301310E+2	6.766900E+1	1.410000E+0
5.912000E+0	8.887543E-2	1.289711E+0	3.301310E+2	6.766900E+1	1.410000E+0
5.921000E+0	8.887543E-2	1.289711E+0	3.301310E+2	6.766900E+1	1.410000E+0
6.002000E+0	8.888686E-2	1.290289E+0	3.301310E+2	6.766900E+1	1.410000E+0
6.012000E+0	8.888686E-2	1.290289E+0	3.301310E+2	6.766900E+1	1.410000E+0
6.123000E+0	8.889067E-2	1.290629E+0	3.301310E+2	6.766900E+1	1.410000E+0
6.137000E+0	8.889067E-2	1.290629E+0	3.301310E+2	6.766900E+1	1.410000E+0
6.217000E+0	9.744981E-2	1.569121E+0	3.301310E+2	6.766900E+1	1.410000E+0
6.226000E+0	9.744981E-2	1.569121E+0	3.301310E+2	6.766900E+1	1.410000E+0
6.312000E+0	9.989754E-2	1.573208E+0	3.301310E+2	6.766900E+1	1.410000E+0
6.321000E+0	9.989754E-2	1.573208E+0	3.301310E+2	6.766900E+1	1.410000E+0
6.402000E+0	9.989935E-2	1.573726E+0	3.301310E+2	6.766900E+1	1.410000E+0
6.411000E+0	9.989935E-2	1.573726E+0	3.301310E+2	6.766900E+1	1.410000E+0
6.492000E+0	9.990316E-2	1.574152E+0	3.301310E+2	6.766900E+1	1.410000E+0
6.501000E+0	9.990316E-2	1.574152E+0	3.301310E+2	6.766900E+1	1.410000E+0
6.613000E+0	9.989373E-2	1.574276E+0	3.301310E+2	6.766900E+1	1.410000E+0
6.621000E+0	9.989373E-2	1.574276E+0	3.301310E+2	6.766900E+1	1.410000E+0
6.703000E+0	9.989113E-2	1.575091E+0	3.301310E+2	6.766900E+1	1.410000E+0
6.712000E+0	9.989113E-2	1.575091E+0	3.301310E+2	6.766900E+1	1.410000E+0
6.792000E+0	9.988993E-2	1.575070E+0	3.301310E+2	6.766900E+1	1.410000E+0
6.801000E+0	9.988993E-2	1.575070E+0	3.301310E+2	6.766900E+1	1.410000E+0
6.882000E+0	1.109136E-1	1.869933E+0	3.301310E+2	6.766900E+1	1.410000E+0
6.891000E+0	1.109136E-1	1.869933E+0	3.301310E+2	6.766900E+1	1.410000E+0
6.972000E+0	1.109241E-1	1.872404E+0	3.301310E+2	6.766900E+1	1.410000E+0
6.981000E+0	1.109241E-1	1.872404E+0	3.301310E+2	6.766900E+1	1.410000E+0
7.093000E+0	1.109166E-1	1.872873E+0	3.301310E+2	6.766900E+1	1.410000E+0
7.107000E+0	1.109166E-1	1.872873E+0	3.301310E+2	6.766900E+1	1.410000E+0
7.192000E+0	1.109219E-1	1.873755E+0	3.301310E+2	6.766900E+1	1.410000E+0
7.200000E+0	1.109219E-1	1.873755E+0	3.301310E+2	6.766900E+1	1.410000E+0
7.282000E+0	1.109168E-1	1.874037E+0	3.301310E+2	6.766900E+1	1.410000E+0
7.290000E+0	1.109168E-1	1.874037E+0	3.301310E+2	6.766900E+1	1.410000E+0
7.372000E+0	1.109054E-1	1.874037E+0	3.301310E+2	6.766900E+1	1.410000E+0
7.381000E+0	1.109054E-1	1.874037E+0	3.301310E+2	6.766900E+1	1.410000E+0
7.462000E+0	1.195732E-1	2.113094E+0	3.301310E+2	6.766900E+1	1.410000E+0
7.471000E+0	1.195732E-1	2.113094E+0	3.301310E+2	6.766900E+1	1.410000E+0
7.584000E+0	1.219005E-1	2.181505E+0	3.301310E+2	6.766900E+1	1.410000E+0
7.593000E+0	1.219005E-1	2.181505E+0	3.301310E+2	6.766900E+1	1.410000E+0
7.672000E+0	1.218985E-1	2.182084E+0	3.301310E+2	6.766900E+1	1.410000E+0
7.681000E+0	1.218985E-1	2.182084E+0	3.301310E+2	6.766900E+1	1.410000E+0
7.763000E+0	1.219031E-1	2.182311E+0	3.301310E+2	6.766900E+1	1.410000E+0
7.772000E+0	1.219031E-1	2.182311E+0	3.301310E+2	6.766900E+1	1.410000E+0
7.852000E+0	1.219003E-1	2.182711E+0	3.301310E+2	6.766900E+1	1.410000E+0
7.861000E+0	1.219003E-1	2.182711E+0	3.301310E+2	6.766900E+1	1.410000E+0
7.942000E+0	1.219051E-1	2.182523E+0	3.301310E+2	6.766900E+1	1.410000E+0
7.951000E+0	1.219051E-1	2.182523E+0	3.301310E+2	6.766900E+1	1.410000E+0
8.064000E+0	1.219023E-1	2.182615E+0	3.301310E+2	6.766900E+1	1.410000E+0
8.073000E+0	1.219023E-1	2.182615E+0	3.301310E+2	6.766900E+1	1.410000E+0
8.157000E+0	1.292661E-1	2.394845E+0	3.301310E+2	6.766900E+1	1.410000E+0
8.173000E+0	1.292661E-1	2.394845E+0	3.301310E+2	6.766900E+1	1.410000E+0
8.249000E+0	1.329318E-1	2.503553E+0	3.301310E+2	6.766900E+1	1.410000E+0
8.258000E+0	1.329318E-1	2.503553E+0	3.301310E+2	6.766900E+1	1.410000E+0
8.342000E+0	1.329394E-1	2.504424E+0	3.301310E+2	6.766900E+1	1.410000E+0
8.351000E+0	1.329394E-1	2.504424E+0	3.301310E+2	6.766900E+1	1.410000E+0
8.433000E+0	1.329332E-1	2.504849E+0	3.301310E+2	6.766900E+1	1.410000E+0
8.442000E+0	1.329332E-1	2.504849E+0	3.301310E+2	6.766900E+1	1.410000E+0
8.553000E+0	1.329386E-1	2.505103E+0	3.301310E+2	6.766900E+1	1.410000E+0
8.562000E+0	1.329386E-1	2.505103E+0	3.301310E+2	6.766900E+1	1.410000E+0
8.642000E+0	1.329208E-1	2.504871E+0	3.301310E+2	6.766900E+1	1.410000E+0
8.651000E+0	1.329208E-1	2.504871E+0	3.301310E+2	6.766900E+1	1.410000E+0
8.734000E+0	1.329376E-1	2.505581E+0	3.301310E+2	6.766900E+1	1.410000E+0
8.743000E+0	1.329376E-1	2.505581E+0	3.301310E+2	6.766900E+1	1.410000E+0
8.824000E+0	1.384215E-1	2.667158E+0	3.301310E+2	6.766900E+1	1.410000E+0
8.833000E+0	1.384215E-1	2.667158E+0	3.301310E+2	6.766900E+1	1.410000E+0
8.913000E+0	1.384622E-1	2.669879E+0	3.301310E+2	6.766900E+1	1.410000E+0
8.922000E+0	1.384622E-1	2.669879E+0	3.301310E+2	6.766900E+1	1.410000E+0
9.034000E+0	1.384712E-1	2.670600E+0	3.301310E+2	6.766900E+1	1.410000E+0
9.043000E+0	1.384712E-1	2.670600E+0	3.301310E+2	6.766900E+1	1.410000E+0
9.123000E+0	1.384680E-1	2.670173E+0	3.301310E+2	6.766900E+1	1.410000E+0
9.136000E+0	1.384680E-1	2.670173E+0	3.301310E+2	6.766900E+1	1.410000E+0
9.220000E+0	1.384646E-1	2.670328E+0	3.301310E+2	6.766900E+1	1.410000E+0
9.229000E+0	1.384646E-1	2.670328E+0	3.301310E+2	6.766900E+1	1.410000E+0
9.313000E+0	1.384576E-1	2.670283E+0	3.301310E+2	6.766900E+1	1.410000E+0
9.322000E+0	1.384576E-1	2.670283E+0	3.301310E+2	6.766900E+1	1.410000E+0
9.403000E+0	1.464554E-1	2.908482E+0	3.301310E+2	6.766900E+1	1.410000E+0
9.412000E+0	1.464554E-1	2.908482E+0	3.301310E+2	6.766900E+1	1.410000E+0
9.524000E+0	1.494845E-1	3.004794E+0	3.301310E+2	6.766900E+1	1.410000E+0
9.533000E+0	1.494845E-1	3.004794E+0	3.301310E+2	6.766900E+1	1.410000E+0
9.614000E+0	1.494951E-1	3.005867E+0	3.301310E+2	6.766900E+1	1.410000E+0
9.623000E+0	1.494951E-1	3.005867E+0	3.301310E+2	6.766900E+1	1.410000E+0
9.704000E+0	1.494983E-1	3.006365E+0	3.301310E+2	6.766900E+1	1.410000E+0
9.713000E+0	1.494983E-1	3.006365E+0	3.301310E+2	6.766900E+1	1.410000E+0
9.793000E+0	1.494871E-1	3.006407E+0	3.301310E+2	6.766900E+1	1.410000E+0
9.802000E+0	1.494871E-1	3.006407E+0	3.301310E+2	6.766900E+1	1.410000E+0
9.883000E+0	1.494919E-1	3.006486E+0	3.301310E+2	6.766900E+1	1.410000E+0
9.892000E+0	1.494919E-1	3.006486E+0	3.301310E+2	6.766900E+1	1.410000E+0
1.000400E+1	1.495018E-1	3.006334E+0	3.301310E+2	6.766900E+1	1.410000E+0
1.001300E+1	1.495018E-1	3.006334E+0	3.301310E+2	6.766900E+1	1.410000E+0
1.009300E+1	1.602430E-1	3.336542E+0	3.301310E+2	6.766900E+1	1.410000E+0
1.010700E+1	1.602430E-1	3.336542E+0	3.301310E+2	6.766900E+1	1.410000E+0
1.018900E+1	1.605367E-1	3.349065E+0	3.301310E+2	6.766900E+1	1.410000E+0
1.019800E+1	1.605367E-1	3.349065E+0	3.301310E+2	6.766900E+1	1.410000E+0
1.028300E+1	1.605461E-1	3.349568E+0	3.301310E+2	6.766900E+1	1.410000E+0
1.029200E+1	1.605461E-1	3.349568E+0	3.301310E+2	6.766900E+1	1.410000E+0
1.037300E+1	1.605291E-1	3.349017E+0	3.301310E+2	6.766900E+1	1.410000E+0
1.038100E+1	1.605291E-1	3.349017E+0	3.301310E+2	6.766900E+1	1.410000E+0
1.049700E+1	1.605321E-1	3.348517E+0	3.301310E+2	6.766900E+1	1.410000E+0
1.050600E+1	1.605321E-1	3.348517E+0	3.301310E+2	6.766900E+1	1.410000E+0
1.059000E+1	1.605357E-1	3.347776E+0	3.301310E+2	6.766900E+1	1.410000E+0
1.059900E+1	1.605357E-1	3.347776E+0	3.301310E+2	6.766900E+1	1.410000E+0
1.068400E+1	1.697031E-1	3.635116E+0	3.301310E+2	6.766900E+1	1.410000E+0
1.069300E+1	1.697031E-1	3.635116E+0	3.301310E+2	6.766900E+1	1.410000E+0
1.077300E+1	1.715219E-1	3.697325E+0	3.301310E+2	6.766900E+1	1.410000E+0
1.078200E+1	1.715219E-1	3.697325E+0	3.301310E+2	6.766900E+1	1.410000E+0
1.086400E+1	1.715272E-1	3.697104E+0	3.301310E+2	6.766900E+1	1.410000E+0
1.087400E+1	1.715272E-1	3.697104E+0	3.301310E+2	6.766900E+1	1.410000E+0
1.098500E+1	1.715203E-1	3.696785E+0	3.301310E+2	6.766900E+1	1.410000E+0
1.099300E+1	1.715203E-1	3.696785E+0	3.301310E+2	6.766900E+1	1.410000E+0
1.107400E+1	1.715296E-1	3.695285E+0	3.301310E+2	6.766900E+1	1.410000E+0
1.108700E+1	1.715296E-1	3.695285E+0	3.301310E+2	6.766900E+1	1.410000E+0
1.117100E+1	1.715312E-1	3.694576E+0	3.301310E+2	6.766900E+1	1.410000E+0
1.118000E+1	1.715312E-1	3.694576E+0	3.301310E+2	6.766900E+1	1.410000E+0
1.126400E+1	1.715250E-1	3.692859E+0	3.301310E+2	6.766900E+1	1.410000E+0
1.127300E+1	1.715250E-1	3.692859E+0	3.301310E+2	6.766900E+1	1.410000E+0
1.135400E+1	1.803145E-1	3.971533E+0	3.301310E+2	6.766900E+1	1.410000E+0
1.136300E+1	1.803145E-1	3.971533E+0	3.301310E+2	6.766900E+1	1.410000E+0
1.147400E+1	1.825571E-1	4.043363E+0	3.301310E+2	6.766900E+1	1.410000E+0
1.148300E+1	1.825571E-1	4.043363E+0	3.301310E+2	6.766900E+1	1.410000E+0
1.156400E+1	1.825447E-1	4.039996E+0	3.301310E+2	6.766900E+1	1.410000E+0
1.157300E+1	1.825447E-1	4.039996E+0	3.301310E+2	6.766900E+1	1.410000E+0
1.165400E+1	1.825505E-1	4.039108E+0	3.301310E+2	6.766900E+1	1.410000E+0
1.166300E+1	1.825505E-1	4.039108E+0	3.301310E+2	6.766900E+1	1.410000E+0
1.174400E+1	1.825603E-1	4.039389E+0	3.301310E+2	6.766900E+1	1.410000E+0
1.175300E+1	1.825603E-1	4.039389E+0	3.301310E+2	6.766900E+1	1.410000E+0
1.183400E+1	1.825713E-1	4.039243E+0	3.301310E+2	6.766900E+1	1.410000E+0
1.184300E+1	1.825713E-1	4.039243E+0	3.301310E+2	6.766900E+1	1.410000E+0
1.195500E+1	1.825765E-1	4.039938E+0	3.301310E+2	6.766900E+1	1.410000E+0
1.196300E+1	1.825765E-1	4.039938E+0	3.301310E+2	6.766900E+1	1.410000E+0
1.204400E+1	1.880271E-1	4.218306E+0	3.301310E+2	6.766900E+1	1.410000E+0
1.205300E+1	1.880271E-1	4.218306E+0	3.301310E+2	6.766900E+1	1.410000E+0
1.213400E+1	1.880496E-1	4.219684E+0	3.301310E+2	6.766900E+1	1.410000E+0
1.214700E+1	1.880496E-1	4.219684E+0	3.301310E+2	6.766900E+1	1.410000E+0
1.223000E+1	1.880723E-1	4.219310E+0	3.301310E+2	6.766900E+1	1.410000E+0
1.223900E+1	1.880723E-1	4.219310E+0	3.301310E+2	6.766900E+1	1.410000E+0
1.232500E+1	1.880697E-1	4.219772E+0	3.301310E+2	6.766900E+1	1.410000E+0
1.233400E+1	1.880697E-1	4.219772E+0	3.301310E+2	6.766900E+1	1.410000E+0
1.244500E+1	1.880570E-1	4.219438E+0	3.301310E+2	6.766900E+1	1.410000E+0
1.245400E+1	1.880570E-1	4.219438E+0	3.301310E+2	6.766900E+1	1.410000E+0
1.253400E+1	1.880725E-1	4.220081E+0	3.301310E+2	6.766900E+1	1.410000E+0
1.254300E+1	1.880725E-1	4.220081E+0	3.301310E+2	6.766900E+1	1.410000E+0
1.262400E+1	1.969472E-1	4.510996E+0	3.301310E+2	6.766900E+1	1.410000E+0
1.263300E+1	1.969472E-1	4.510996E+0	3.301310E+2	6.766900E+1	1.410000E+0
1.271400E+1	1.991104E-1	4.586139E+0	3.301310E+2	6.766900E+1	1.410000E+0
1.272300E+1	1.991104E-1	4.586139E+0	3.301310E+2	6.766900E+1	1.410000E+0
1.280400E+1	1.991004E-1	4.585282E+0	3.301310E+2	6.766900E+1	1.410000E+0
1.281300E+1	1.991004E-1	4.585282E+0	3.301310E+2	6.766900E+1	1.410000E+0
1.292500E+1	1.990980E-1	4.585324E+0	3.301310E+2	6.766900E+1	1.410000E+0
1.293400E+1	1.990980E-1	4.585324E+0	3.301310E+2	6.766900E+1	1.410000E+0
1.301500E+1	1.991052E-1	4.585477E+0	3.301310E+2	6.766900E+1	1.410000E+0
1.302400E+1	1.991052E-1	4.585477E+0	3.301310E+2	6.766900E+1	1.410000E+0
1.310500E+1	1.990990E-1	4.585339E+0	3.301310E+2	6.766900E+1	1.410000E+0
1.311800E+1	1.990990E-1	4.585339E+0	3.301310E+2	6.766900E+1	1.410000E+0
1.320000E+1	1.990976E-1	4.585513E+0	3.301310E+2	6.766900E+1	1.410000E+0
1.320900E+1	1.990976E-1	4.585513E+0	3.301310E+2	6.766900E+1	1.410000E+0
1.329400E+1	2.100058E-1	4.952094E+0	3.301310E+2	6.766900E+1	1.410000E+0
1.330300E+1	2.100058E-1	4.952094E+0	3.301310E+2	6.766900E+1	1.410000E+0
1.341500E+1	2.100233E-1	4.953028E+0	3.301310E+2	6.766900E+1	1.410000E+0
1.342400E+1	2.100233E-1	4.953028E+0	3.301310E+2	6.766900E+1	1.410000E+0
1.350500E+1	2.100423E-1	4.953459E+0	3.301310E+2	6.766900E+1	1.410000E+0
1.351400E+1	2.100423E-1	4.953459E+0	3.301310E+2	6.766900E+1	1.410000E+0
1.359400E+1	2.100279E-1	4.954276E+0	3.301310E+2	6.766900E+1	1.410000E+0
1.360200E+1	2.100279E-1	4.954276E+0	3.301310E+2	6.766900E+1	1.410000E+0
1.368400E+1	2.100311E-1	4.954300E+0	3.301310E+2	6.766900E+1	1.410000E+0
1.369300E+1	2.100311E-1	4.954300E+0	3.301310E+2	6.766900E+1	1.410000E+0
1.377300E+1	2.100367E-1	4.954419E+0	3.301310E+2	6.766900E+1	1.410000E+0
1.378200E+1	2.100367E-1	4.954419E+0	3.301310E+2	6.766900E+1	1.410000E+0
1.389500E+1	2.186634E-1	5.245753E+0	3.301310E+2	6.766900E+1	1.410000E+0
1.390400E+1	2.186634E-1	5.245753E+0	3.301310E+2	6.766900E+1	1.410000E+0
1.398400E+1	2.210732E-1	5.330500E+0	3.301310E+2	6.766900E+1	1.410000E+0
1.399300E+1	2.210732E-1	5.330500E+0	3.301310E+2	6.766900E+1	1.410000E+0
1.407400E+1	2.210658E-1	5.331600E+0	3.301310E+2	6.766900E+1	1.410000E+0
1.408700E+1	2.210658E-1	5.331600E+0	3.301310E+2	6.766900E+1	1.410000E+0
1.417200E+1	2.210638E-1	5.331078E+0	3.301310E+2	6.766900E+1	1.410000E+0
1.418000E+1	2.210638E-1	5.331078E+0	3.301310E+2	6.766900E+1	1.410000E+0
1.426300E+1	2.210704E-1	5.330822E+0	3.301310E+2	6.766900E+1	1.410000E+0
1.427200E+1	2.210704E-1	5.330822E+0	3.301310E+2	6.766900E+1	1.410000E+0
1.438700E+1	2.210696E-1	5.331829E+0	3.301310E+2	6.766900E+1	1.410000E+0
1.439600E+1	2.210696E-1	5.331829E+0	3.301310E+2	6.766900E+1	1.410000E+0
1.447400E+1	2.210710E-1	5.332274E+0	3.301310E+2	6.766900E+1	1.410000E+0
1.448300E+1	2.210710E-1	5.332274E+0	3.301310E+2	6.766900E+1	1.410000E+0
1.456500E+1	2.320821E-1	5.711109E+0	3.301310E+2	6.766900E+1	1.410000E+0
1.457400E+1	2.320821E-1	5.711109E+0	3.301310E+2	6.766900E+1	1.410000E+0
1.465400E+1	2.320875E-1	5.713149E+0	3.301310E+2	6.766900E+1	1.410000E+0
1.466300E+1	2.320875E-1	5.713149E+0	3.301310E+2	6.766900E+1	1.410000E+0
1.474500E+1	2.320739E-1	5.712538E+0	3.301310E+2	6.766900E+1	1.410000E+0
1.475400E+1	2.320739E-1	5.712538E+0	3.301310E+2	6.766900E+1	1.410000E+0
1.486700E+1	2.320809E-1	5.712739E+0	3.301310E+2	6.766900E+1	1.410000E+0
1.487500E+1	2.320809E-1	5.712739E+0	3.301310E+2	6.766900E+1	1.410000E+0
1.495400E+1	2.320755E-1	5.712672E+0	3.301310E+2	6.766900E+1	1.410000E+0
1.496300E+1	2.320755E-1	5.712672E+0	3.301310E+2	6.766900E+1	1.410000E+0
1.504500E+1	2.320835E-1	5.713216E+0	3.301310E+2	6.766900E+1	1.410000E+0
1.505400E+1	2.320835E-1	5.713216E+0	3.301310E+2	6.766900E+1	1.410000E+0
1.513500E+1	2.320939E-1	5.713243E+0	3.301310E+2	6.766900E+1	1.410000E+0
1.514800E+1	2.320939E-1	5.713243E+0	3.301310E+2	6.766900E+1	1.410000E+0
1.523000E+1	2.350325E-1	5.861821E+0	3.301310E+2	6.766900E+1	1.410000E+0
1.523800E+1	2.350325E-1	5.861821E+0	3.301310E+2	6.766900E+1	1.410000E+0
1.535600E+1	2.375847E-1	5.905512E+0	3.301310E+2	6.766900E+1	1.410000E+0
1.536500E+1	2.375847E-1	5.905512E+0	3.301310E+2	6.766900E+1	1.410000E+0
1.544500E+1	2.375881E-1	5.905530E+0	3.301310E+2	6.766900E+1	1.410000E+0
1.545300E+1	2.375881E-1	5.905530E+0	3.301310E+2	6.766900E+1	1.410000E+0
1.553400E+1	2.375965E-1	5.905407E+0	3.301310E+2	6.766900E+1	1.410000E+0
1.554300E+1	2.375965E-1	5.905407E+0	3.301310E+2	6.766900E+1	1.410000E+0
1.562500E+1	2.375991E-1	5.905686E+0	3.301310E+2	6.766900E+1	1.410000E+0
1.563400E+1	2.375991E-1	5.905686E+0	3.301310E+2	6.766900E+1	1.410000E+0
1.571500E+1	2.376045E-1	5.906140E+0	3.301310E+2	6.766900E+1	1.410000E+0
1.572400E+1	2.376045E-1	5.906140E+0	3.301310E+2	6.766900E+1	1.410000E+0
1.583500E+1	2.456079E-1	6.185012E+0	3.301310E+2	6.766900E+1	1.410000E+0
1.584400E+1	2.456079E-1	6.185012E+0	3.301310E+2	6.766900E+1	1.410000E+0
1.592400E+1	2.486423E-1	6.295295E+0	3.301310E+2	6.766900E+1	1.410000E+0
1.593300E+1	2.486423E-1	6.295295E+0	3.301310E+2	6.766900E+1	1.410000E+0
1.601500E+1	2.486248E-1	6.294896E+0	3.301310E+2	6.766900E+1	1.410000E+0
1.602400E+1	2.486248E-1	6.294896E+0	3.301310E+2	6.766900E+1	1.410000E+0
1.610400E+1	2.486180E-1	6.295272E+0	3.301310E+2	6.766900E+1	1.410000E+0
1.611700E+1	2.486180E-1	6.295272E+0	3.301310E+2	6.766900E+1	1.410000E+0
1.620000E+1	2.486248E-1	6.295293E+0	3.301310E+2	6.766900E+1	1.410000E+0
1.620900E+1	2.486248E-1	6.295293E+0	3.301310E+2	6.766900E+1	1.410000E+0
1.632600E+1	2.486318E-1	6.296449E+0	3.301310E+2	6.766900E+1	1.410000E+0
1.633400E+1	2.486318E-1	6.296449E+0	3.301310E+2	6.766900E+1	1.410000E+0
1.641500E+1	2.486248E-1	6.296304E+0	3.301310E+2	6.766900E+1	1.410000E+0
1.642300E+1	2.486248E-1	6.296304E+0	3.301310E+2	6.766900E+1	1.410000E+0
1.650400E+1	2.595888E-1	6.683819E+0	3.301310E+2	6.766900E+1	1.410000E+0
1.651300E+1	2.595888E-1	6.683819E+0	3.301310E+2	6.766900E+1	1.410000E+0
1.659500E+1	2.596088E-1	6.686203E+0	3.301310E+2	6.766900E+1	1.410000E+0
1.660400E+1	2.596088E-1	6.686203E+0	3.301310E+2	6.766900E+1	1.410000E+0
1.668500E+1	2.596064E-1	6.687109E+0	3.301310E+2	6.766900E+1	1.410000E+0
1.669400E+1	2.596064E-1	6.687109E+0	3.301310E+2	6.766900E+1	1.410000E+0
1.680500E+1	2.595996E-1	6.686954E+0	3.301310E+2	6.766900E+1	1.410000E+0
1.681300E+1	2.595996E-1	6.686954E+0	3.301310E+2	6.766900E+1	1.410000E+0
1.689500E+1	2.596110E-1	6.687133E+0	3.301310E+2	6.766900E+1	1.410000E+0
1.690400E+1	2.596110E-1	6.687133E+0	3.301310E+2	6.766900E+1	1.410000E+0
1.698500E+1	2.596130E-1	6.687992E+0	3.301310E+2	6.766900E+1	1.410000E+0
1.699400E+1	2.596130E-1	6.687992E+0	3.301310E+2	6.766900E+1	1.410000E+0
1.707400E+1	2.649839E-1	6.880829E+0	3.301310E+2	6.766900E+1	1.410000E+0
1.708800E+1	2.649839E-1	6.880829E+0	3.301310E+2	6.766900E+1	1.410000E+0
1.718300E+1	2.706462E-1	7.083958E+0	3.301310E+2	6.766900E+1	1.410000E+0
1.719200E+1	2.706462E-1	7.083958E+0	3.301310E+2	6.766900E+1	1.410000E+0
1.727500E+1	2.706342E-1	7.084664E+0	3.301310E+2	6.766900E+1	1.410000E+0
1.728400E+1	2.706342E-1	7.084664E+0	3.301310E+2	6.766900E+1	1.410000E+0
1.736500E+1	2.706380E-1	7.084759E+0	3.301310E+2	6.766900E+1	1.410000E+0
1.737400E+1	2.706380E-1	7.084759E+0	3.301310E+2	6.766900E+1	1.410000E+0
1.745500E+1	2.706408E-1	7.085159E+0	3.301310E+2	6.766900E+1	1.410000E+0
1.746300E+1	2.706408E-1	7.085159E+0	3.301310E+2	6.766900E+1	1.410000E+0
1.754400E+1	2.706249E-1	7.085541E+0	3.301310E+2	6.766900E+1	1.410000E+0
1.755300E+1	2.706249E-1	7.085541E+0	3.301310E+2	6.766900E+1	1.410000E+0
1.766600E+1	2.706398E-1	7.085399E+0	3.301310E+2	6.766900E+1	1.410000E+0
1.767500E+1	2.706398E-1	7.085399E+0	3.301310E+2	6.766900E+1	1.410000E+0
1.775500E+1	2.816208E-1	7.483039E+0	3.301310E+2	6.766900E+1	1.410000E+0
1.776400E+1	2.816208E-1	7.483039E+0	3.301310E+2	6.766900E+1	1.410000E+0
1.784500E+1	2.816424E-1	7.485864E+0	3.301310E+2	6.766900E+1	1.410000E+0
1.785300E+1	2.816424E-1	7.485864E+0	3.301310E+2	6.766900E+1	1.410000E+0
1.793500E+1	2.816707E-1	7.485785E+0	3.301310E+2	6.766900E+1	1.410000E+0
1.794400E+1	2.816707E-1	7.485785E+0	3.301310E+2	6.766900E+1	1.410000E+0
1.802400E+1	2.816547E-1	7.486715E+0	3.301310E+2	6.766900E+1	1.410000E+0
1.803300E+1	2.816547E-1	7.486715E+0	3.301310E+2	6.766900E+1	1.410000E+0
1.814600E+1	2.816557E-1	7.485946E+0	3.301310E+2	6.766900E+1	1.410000E+0
1.816000E+1	2.816557E-1	7.485946E+0	3.301310E+2	6.766900E+1	1.410000E+0
1.824100E+1	2.816410E-1	7.485085E+0	3.301310E+2	6.766900E+1	1.410000E+0
1.825000E+1	2.816410E-1	7.485085E+0	3.301310E+2	6.766900E+1	1.410000E+0
1.833500E+1	2.816376E-1	7.485606E+0	3.301310E+2	6.766900E+1	1.410000E+0
1.834400E+1	2.816376E-1	7.485606E+0	3.301310E+2	6.766900E+1	1.410000E+0
1.842400E+1	2.926670E-1	7.887450E+0	3.301310E+2	6.766900E+1	1.410000E+0
1.843300E+1	2.926670E-1	7.887450E+0	3.301310E+2	6.766900E+1	1.410000E+0
1.851500E+1	2.926976E-1	7.890355E+0	3.301310E+2	6.766900E+1	1.410000E+0
1.852400E+1	2.926976E-1	7.890355E+0	3.301310E+2	6.766900E+1	1.410000E+0
1.863500E+1	2.926768E-1	7.891453E+0	3.301310E+2	6.766900E+1	1.410000E+0
1.864500E+1	2.926768E-1	7.891453E+0	3.301310E+2	6.766900E+1	1.410000E+0
1.872500E+1	2.926724E-1	7.890809E+0	3.301310E+2	6.766900E+1	1.410000E+0
1.873400E+1	2.926724E-1	7.890809E+0	3.301310E+2	6.766900E+1	1.410000E+0
1.881500E+1	2.926820E-1	7.891006E+0	3.301310E+2	6.766900E+1	1.410000E+0
1.882400E+1	2.926820E-1	7.891006E+0	3.301310E+2	6.766900E+1	1.410000E+0
1.890500E+1	2.927018E-1	7.891024E+0	3.301310E+2	6.766900E+1	1.410000E+0
1.891400E+1	2.927018E-1	7.891024E+0	3.301310E+2	6.766900E+1	1.410000E+0
1.899500E+1	2.972384E-1	8.057619E+0	3.301310E+2	6.766900E+1	1.410000E+0
1.900300E+1	2.972384E-1	8.057619E+0	3.301310E+2	6.766900E+1	1.410000E+0
1.911600E+1	2.983317E-1	8.099712E+0	3.301310E+2	6.766900E+1	1.410000E+0
1.912900E+1	2.983317E-1	8.099712E+0	3.301310E+2	6.766900E+1	1.410000E+0
1.921400E+1	2.983377E-1	8.100016E+0	3.301310E+2	6.766900E+1	1.410000E+0
1.922300E+1	2.983377E-1	8.100016E+0	3.301310E+2	6.766900E+1	1.410000E+0
1.930400E+1	2.983407E-1	8.099349E+0	3.301310E+2	6.766900E+1	1.410000E+0
1.931300E+1	2.983407E-1	8.099349E+0	3.301310E+2	6.766900E+1	1.410000E+0
1.939500E+1	2.983379E-1	8.099765E+0	3.301310E+2	6.766900E+1	1.410000E+0
1.940300E+1	2.983379E-1	8.099765E+0	3.301310E+2	6.766900E+1	1.410000E+0
1.948500E+1	2.983337E-1	8.099752E+0	3.301310E+2	6.766900E+1	1.410000E+0
1.949400E+1	2.983337E-1	8.099752E+0	3.301310E+2	6.766900E+1	1.410000E+0
1.960600E+1	2.983367E-1	8.099277E+0	3.301310E+2	6.766900E+1	1.410000E+0
1.961500E+1	2.983367E-1	8.099277E+0	3.301310E+2	6.766900E+1	1.410000E+0
1.969600E+1	3.093692E-1	8.508141E+0	3.301310E+2	6.766900E+1	1.410000E+0
1.970400E+1	3.093692E-1	8.508141E+0	3.301310E+2	6.766900E+1	1.410000E+0
1.978500E+1	3.094005E-1	8.508055E+0	3.301310E+2	6.766900E+1	1.410000E+0
1.979400E+1	3.094005E-1	8.508055E+0	3.301310E+2	6.766900E+1	1.410000E+0
1.987500E+1	3.093965E-1	8.509721E+0	3.301310E+2	6.766900E+1	1.410000E+0
1.988400E+1	3.093965E-1	8.509721E+0	3.301310E+2	6.766900E+1	1.410000E+0
1.996500E+1	3.093925E-1	8.508910E+0	3.301310E+2	6.766900E+1	1.410000E+0
1.997400E+1	3.093925E-1	8.508910E+0	3.301310E+2	6.766900E+1	1.410000E+0
2.008900E+1	3.094015E-1	8.508479E+0	3.301310E+2	6.766900E+1	1.410000E+0
2.010200E+1	3.094015E-1	8.508479E+0	3.301310E+2	6.766900E+1	1.410000E+0
2.018500E+1	3.093905E-1	8.508087E+0	3.301310E+2	6.766900E+1	1.410000E+0
2.019300E+1	3.093905E-1	8.508087E+0	3.301310E+2	6.766900E+1	1.410000E+0
2.027500E+1	3.179360E-1	8.825827E+0	3.301310E+2	6.766900E+1	1.410000E+0
2.028400E+1	3.179360E-1	8.825827E+0	3.301310E+2	6.766900E+1	1.410000E+0
2.036500E+1	3.204342E-1	8.921010E+0	3.301310E+2	6.766900E+1	1.410000E+0
2.037300E+1	3.204342E-1	8.921010E+0	3.301310E+2	6.766900E+1	1.410000E+0
2.045400E+1	3.204340E-1	8.922332E+0	3.301310E+2	6.766900E+1	1.410000E+0
2.046300E+1	3.204340E-1	8.922332E+0	3.301310E+2	6.766900E+1	1.410000E+0
2.057600E+1	3.204326E-1	8.922065E+0	3.301310E+2	6.766900E+1	1.410000E+0
2.058600E+1	3.204326E-1	8.922065E+0	3.301310E+2	6.766900E+1	1.410000E+0
2.066500E+1	3.204248E-1	8.922422E+0	3.301310E+2	6.766900E+1	1.410000E+0
2.067400E+1	3.204248E-1	8.922422E+0	3.301310E+2	6.766900E+1	1.410000E+0
2.075400E+1	3.204378E-1	8.920683E+0	3.301310E+2	6.766900E+1	1.410000E+0
2.076300E+1	3.204378E-1	8.920683E+0	3.301310E+2	6.766900E+1	1.410000E+0
2.084500E+1	3.204417E-1	8.921402E+0	3.301310E+2	6.766900E+1	1.410000E+0
2.085500E+1	3.204417E-1	8.921402E+0	3.301310E+2	6.766900E+1	1.410000E+0
2.093500E+1	3.314662E-1	9.337116E+0	3.301310E+2	6.766900E+1	1.410000E+0
2.094400E+1	3.314662E-1	9.337116E+0	3.301310E+2	6.766900E+1	1.410000E+0
2.105500E+1	3.314740E-1	9.338548E+0	3.301310E+2	6.766900E+1	1.410000E+0
2.106400E+1	3.314740E-1	9.338548E+0	3.301310E+2	6.766900E+1	1.410000E+0
2.114500E+1	3.314826E-1	9.339070E+0	3.301310E+2	6.766900E+1	1.410000E+0
2.115800E+1	3.314826E-1	9.339070E+0	3.301310E+2	6.766900E+1	1.410000E+0
2.124200E+1	3.314983E-1	9.339020E+0	3.301310E+2	6.766900E+1	1.410000E+0
2.125100E+1	3.314983E-1	9.339020E+0	3.301310E+2	6.766900E+1	1.410000E+0
2.133500E+1	3.315055E-1	9.339742E+0	3.301310E+2	6.766900E+1	1.410000E+0
2.134400E+1	3.315055E-1	9.339742E+0	3.301310E+2	6.766900E+1	1.410000E+0
2.142500E+1	3.314977E-1	9.339936E+0	3.301310E+2	6.766900E+1	1.410000E+0
2.143300E+1	3.314977E-1	9.339936E+0	3.301310E+2	6.766900E+1	1.410000E+0
2.154500E+1	3.314995E-1	9.340227E+0	3.301310E+2	6.766900E+1	1.410000E+0
2.155500E+1	3.314995E-1	9.340227E+0	3.301310E+2	6.766900E+1	1.410000E+0
2.163600E+1	3.424588E-1	9.755242E+0	3.301310E+2	6.766900E+1	1.410000E+0
2.164500E+1	3.424588E-1	9.755242E+0	3.301310E+2	6.766900E+1	1.410000E+0
2.172500E+1	3.424949E-1	9.757399E+0	3.301310E+2	6.766900E+1	1.410000E+0
2.173400E+1	3.424949E-1	9.757399E+0	3.301310E+2	6.766900E+1	1.410000E+0
2.181400E+1	3.424985E-1	9.757513E+0	3.301310E+2	6.766900E+1	1.410000E+0
2.182300E+1	3.424985E-1	9.757513E+0	3.301310E+2	6.766900E+1	1.410000E+0
2.190500E+1	3.424935E-1	9.758402E+0	3.301310E+2	6.766900E+1	1.410000E+0
2.191400E+1	3.424935E-1	9.758402E+0	3.301310E+2	6.766900E+1	1.410000E+0
2.202600E+1	3.425115E-1	9.757896E+0	3.301310E+2	6.766900E+1	1.410000E+0
2.203600E+1	3.425115E-1	9.757896E+0	3.301310E+2	6.766900E+1	1.410000E+0
2.211500E+1	3.424985E-1	9.757828E+0	3.301310E+2	6.766900E+1	1.410000E+0
2.212800E+1	3.424985E-1	9.757828E+0	3.301310E+2	6.766900E+1	1.410000E+0
2.221200E+1	3.467797E-1	9.967648E+0	3.301310E+2	6.766900E+1	1.410000E+0
2.222100E+1	3.467797E-1	9.967648E+0	3.301310E+2	6.766900E+1	1.410000E+0
2.230600E+1	3.480385E-1	9.969968E+0	3.301310E+2	6.766900E+1	1.410000E+0
2.231500E+1	3.480385E-1	9.969968E+0	3.301310E+2	6.766900E+1	1.410000E+0
2.239400E+1	3.480321E-1	9.969963E+0	3.301310E+2	6.766900E+1	1.410000E+0
2.240300E+1	3.480321E-1	9.969963E+0	3.301310E+2	6.766900E+1	1.410000E+0
2.251600E+1	3.480369E-1	9.970261E+0	3.301310E+2	6.766900E+1	1.410000E+0
2.252500E+1	3.480369E-1	9.970261E+0	3.301310E+2	6.766900E+1	1.410000E+0
2.260500E+1	3.480419E-1	9.970200E+0	3.301310E+2	6.766900E+1	1.410000E+0
2.261400E+1	3.480419E-1	9.970200E+0	3.301310E+2	6.766900E+1	1.410000E+0
2.269500E+1	3.480474E-1	9.970408E+0	3.301310E+2	6.766900E+1	1.410000E+0
2.270400E+1	3.480474E-1	9.970408E+0	3.301310E+2	6.766900E+1	1.410000E+0
2.278500E+1	3.480359E-1	9.970134E+0	3.301310E+2	6.766900E+1	1.410000E+0
2.279300E+1	3.480359E-1	9.970134E+0	3.301310E+2	6.766900E+1	1.410000E+0
2.287500E+1	3.571512E-1	1.031792E+1	3.301310E+2	6.766900E+1	1.410000E+0
2.288400E+1	3.571512E-1	1.031792E+1	3.301310E+2	6.766900E+1	1.410000E+0
2.299600E+1	3.590863E-1	1.039294E+1	3.301310E+2	6.766900E+1	1.410000E+0
