Sample;s1(i1)
V-V length(cm);1.000000
Field (T);1.005650
Temp (K);4.200000
Angle (deg.);0.000000
Field(T)_memo;3.000000
Time(sec.)	Current(A)	Voltage(uV)	Temp.1(K)	Temp.2(K)	Temp.3(K)
0.000000E+0	8.677552E-4	-5.021256E-6	3.301310E+2	6.766900E+1	1.410000E+0
8.000000E-3	8.587333E-4	4.519131E-6	3.301310E+2	6.766900E+1	1.410000E+0
1.700000E-2	8.587333E-4	4.519131E-6	3.301310E+2	6.766900E+1	1.410000E+0
1.280000E-1	1.986565E-2	1.456164E-5	3.301310E+2	6.766900E+1	1.410000E+0
1.370000E-1	1.986565E-2	1.456164E-5	3.301310E+2	6.766900E+1	1.410000E+0
2.170000E-1	4.641086E-2	1.305527E-5	3.301310E+2	6.766900E+1	1.410000E+0
2.300000E-1	4.641086E-2	1.305527E-5	3.301310E+2	6.766900E+1	1.410000E+0
3.130000E-1	6.994556E-2	-4.519131E-6	3.301310E+2	6.766900E+1	1.410000E+0
3.220000E-1	6.994556E-2	-4.519131E-6	3.301310E+2	6.766900E+1	1.410000E+0
4.030000E-1	8.495197E-2	6.025507E-6	3.301310E+2	6.766900E+1	1.410000E+0
4.120000E-1	8.495197E-2	6.025507E-6	3.301310E+2	6.766900E+1	1.410000E+0
4.980000E-1	1.099426E-1	2.209353E-5	3.301310E+2	6.766900E+1	1.410000E+0
5.070000E-1	1.099426E-1	2.209353E-5	3.301310E+2	6.766900E+1	1.410000E+0
6.170000E-1	1.352542E-1	2.510628E-6	3.301310E+2	6.766900E+1	1.410000E+0
6.260000E-1	1.352542E-1	2.510628E-6	3.301310E+2	6.766900E+1	1.410000E+0
7.070000E-1	1.575706E-1	1.757440E-5	3.301310E+2	6.766900E+1	1.410000E+0
7.160000E-1	1.575706E-1	1.757440E-5	3.301310E+2	6.766900E+1	1.410000E+0
7.970000E-1	1.801642E-1	1.154889E-5	3.301310E+2	6.766900E+1	1.410000E+0
8.060000E-1	1.801642E-1	1.154889E-5	3.301310E+2	6.766900E+1	1.410000E+0
8.870000E-1	1.972166E-1	9.540387E-6	3.301310E+2	6.766900E+1	1.410000E+0
8.960000E-1	1.972166E-1	9.540387E-6	3.301310E+2	6.766900E+1	1.410000E+0
9.770000E-1	2.174571E-1	1.255314E-5	3.301310E+2	6.766900E+1	1.410000E+0
9.860000E-1	2.174571E-1	1.255314E-5	3.301310E+2	6.766900E+1	1.410000E+0
1.101000E+0	2.466236E-1	1.857827E-5	3.301310E+2	6.766900E+1	1.410000E+0
1.110000E+0	2.466236E-1	1.857827E-5	3.301310E+2	6.766900E+1	1.410000E+0
1.194000E+0	2.622906E-1	9.037881E-6	3.301310E+2	6.766900E+1	1.410000E+0
1.207000E+0	2.622906E-1	9.037881E-6	3.301310E+2	6.766900E+1	1.410000E+0
1.287000E+0	2.966748E-1	2.108890E-5	3.301310E+2	6.766900E+1	1.410000E+0
1.296000E+0	2.966748E-1	2.108890E-5	3.301310E+2	6.766900E+1	1.410000E+0
1.377000E+0	3.181610E-1	1.004213E-5	3.301310E+2	6.766900E+1	1.410000E+0
1.386000E+0	3.181610E-1	1.004213E-5	3.301310E+2	6.766900E+1	1.410000E+0
1.466000E+0	3.400948E-1	8.535756E-6	3.301310E+2	6.766900E+1	1.410000E+0
1.475000E+0	3.400948E-1	8.535756E-6	3.301310E+2	6.766900E+1	1.410000E+0
1.588000E+0	3.573326E-1	1.205064E-5	3.301310E+2	6.766900E+1	1.410000E+0
1.597000E+0	3.573326E-1	1.205064E-5	3.301310E+2	6.766900E+1	1.410000E+0
1.677000E+0	3.875343E-1	8.535756E-6	3.301310E+2	6.766900E+1	1.410000E+0
1.686000E+0	3.875343E-1	8.535756E-6	3.301310E+2	6.766900E+1	1.410000E+0
1.766000E+0	4.076314E-1	-1.506758E-6	3.301310E+2	6.766900E+1	1.410000E+0
1.775000E+0	4.076314E-1	-1.506758E-6	3.301310E+2	6.766900E+1	1.410000E+0
1.856000E+0	4.285540E-1	1.556552E-5	3.301310E+2	6.766900E+1	1.410000E+0
1.865000E+0	4.285540E-1	1.556552E-5	3.301310E+2	6.766900E+1	1.410000E+0
1.946000E+0	4.506604E-1	1.405914E-5	3.301310E+2	6.766900E+1	1.410000E+0
1.955000E+0	4.506604E-1	1.405914E-5	3.301310E+2	6.766900E+1	1.410000E+0
2.067000E+0	4.676487E-1	1.104638E-5	3.301310E+2	6.766900E+1	1.410000E+0
2.076000E+0	4.676487E-1	1.104638E-5	3.301310E+2	6.766900E+1	1.410000E+0
2.156000E+0	4.999322E-1	1.054426E-5	3.301310E+2	6.766900E+1	1.410000E+0
2.165000E+0	4.999322E-1	1.054426E-5	3.301310E+2	6.766900E+1	1.410000E+0
2.246000E+0	5.108118E-1	2.661228E-5	3.301310E+2	6.766900E+1	1.410000E+0
2.261000E+0	5.108118E-1	2.661228E-5	3.301310E+2	6.766900E+1	1.410000E+0
2.345000E+0	5.518983E-1	1.154851E-5	3.301310E+2	6.766900E+1	1.410000E+0
2.354000E+0	5.518983E-1	1.154851E-5	3.301310E+2	6.766900E+1	1.410000E+0
2.436000E+0	5.650143E-1	3.313991E-5	3.301310E+2	6.766900E+1	1.410000E+0
2.445000E+0	5.650143E-1	3.313991E-5	3.301310E+2	6.766900E+1	1.410000E+0
2.556000E+0	5.880620E-1	-1.004632E-6	3.301310E+2	6.766900E+1	1.410000E+0
2.565000E+0	5.880620E-1	-1.004632E-6	3.301310E+2	6.766900E+1	1.410000E+0
2.647000E+0	6.069615E-1	-1.054502E-5	3.301310E+2	6.766900E+1	1.410000E+0
2.656000E+0	6.069615E-1	-1.054502E-5	3.301310E+2	6.766900E+1	1.410000E+0
2.735000E+0	6.349698E-1	1.054426E-5	3.301310E+2	6.766900E+1	1.410000E+0
2.744000E+0	6.349698E-1	1.054426E-5	3.301310E+2	6.766900E+1	1.410000E+0
2.826000E+0	6.597686E-1	7.531504E-6	3.301310E+2	6.766900E+1	1.410000E+0
2.835000E+0	6.597686E-1	7.531504E-6	3.301310E+2	6.766900E+1	1.410000E+0
2.916000E+0	6.774980E-1	1.606764E-5	3.301310E+2	6.766900E+1	1.410000E+0
2.925000E+0	6.774980E-1	1.606764E-5	3.301310E+2	6.766900E+1	1.410000E+0
3.037000E+0	6.976555E-1	1.656977E-5	3.301310E+2	6.766900E+1	1.410000E+0
3.046000E+0	6.976555E-1	1.656977E-5	3.301310E+2	6.766900E+1	1.410000E+0
3.126000E+0	7.270969E-1	1.004213E-5	3.301310E+2	6.766900E+1	1.410000E+0
3.135000E+0	7.270969E-1	1.004213E-5	3.301310E+2	6.766900E+1	1.410000E+0
3.216000E+0	7.472827E-1	1.908039E-5	3.301310E+2	6.766900E+1	1.410000E+0
3.229000E+0	7.472827E-1	1.908039E-5	3.301310E+2	6.766900E+1	1.410000E+0
3.312000E+0	7.706376E-1	7.029379E-6	3.301310E+2	6.766900E+1	1.410000E+0
3.321000E+0	7.706376E-1	7.029379E-6	3.301310E+2	6.766900E+1	1.410000E+0
3.406000E+0	7.981756E-1	3.012716E-5	3.301310E+2	6.766900E+1	1.410000E+0
3.415000E+0	7.981756E-1	3.012716E-5	3.301310E+2	6.766900E+1	1.410000E+0
3.526000E+0	8.167136E-1	2.611015E-5	3.301310E+2	6.766900E+1	1.410000E+0
3.535000E+0	8.167136E-1	2.611015E-5	3.301310E+2	6.766900E+1	1.410000E+0
3.616000E+0	8.371698E-1	2.811866E-5	3.301310E+2	6.766900E+1	1.410000E+0
3.625000E+0	8.371698E-1	2.811866E-5	3.301310E+2	6.766900E+1	1.410000E+0
3.705000E+0	8.576737E-1	2.611015E-5	3.301310E+2	6.766900E+1	1.410000E+0
3.714000E+0	8.576737E-1	2.611015E-5	3.301310E+2	6.766900E+1	1.410000E+0
3.795000E+0	8.851157E-1	4.669731E-5	3.301310E+2	6.766900E+1	1.410000E+0
3.804000E+0	8.851157E-1	4.669731E-5	3.301310E+2	6.766900E+1	1.410000E+0
3.885000E+0	8.996798E-1	4.368455E-5	3.301310E+2	6.766900E+1	1.410000E+0
3.894000E+0	8.996798E-1	4.368455E-5	3.301310E+2	6.766900E+1	1.410000E+0
4.006000E+0	9.296490E-1	1.958252E-5	3.301310E+2	6.766900E+1	1.410000E+0
4.015000E+0	9.296490E-1	1.958252E-5	3.301310E+2	6.766900E+1	1.410000E+0
4.095000E+0	9.423141E-1	2.661228E-5	3.301310E+2	6.766900E+1	1.410000E+0
4.104000E+0	9.423141E-1	2.661228E-5	3.301310E+2	6.766900E+1	1.410000E+0
4.185000E+0	9.791779E-1	2.661228E-5	3.301310E+2	6.766900E+1	1.410000E+0
4.198000E+0	9.791779E-1	2.661228E-5	3.301310E+2	6.766900E+1	1.410000E+0
4.281000E+0	9.968484E-1	1.054426E-5	3.301310E+2	6.766900E+1	1.410000E+0
4.290000E+0	9.968484E-1	1.054426E-5	3.301310E+2	6.766900E+1	1.410000E+0
4.375000E+0	1.019619E+0	2.560803E-5	3.301310E+2	6.766900E+1	1.410000E+0
4.384000E+0	1.019619E+0	2.560803E-5	3.301310E+2	6.766900E+1	1.410000E+0
4.495000E+0	1.042783E+0	1.958252E-5	3.301310E+2	6.766900E+1	1.410000E+0
4.504000E+0	1.042783E+0	1.958252E-5	3.301310E+2	6.766900E+1	1.410000E+0
4.585000E+0	1.067929E+0	2.359953E-5	3.301310E+2	6.766900E+1	1.410000E+0
4.594000E+0	1.067929E+0	2.359953E-5	3.301310E+2	6.766900E+1	1.410000E+0
4.674000E+0	1.089318E+0	2.912291E-5	3.301310E+2	6.766900E+1	1.410000E+0
4.683000E+0	1.089318E+0	2.912291E-5	3.301310E+2	6.766900E+1	1.410000E+0
4.764000E+0	1.107411E+0	3.414417E-5	3.301310E+2	6.766900E+1	1.410000E+0
4.774000E+0	1.107411E+0	3.414417E-5	3.301310E+2	6.766900E+1	1.410000E+0
4.854000E+0	1.137174E+0	3.113141E-5	3.301310E+2	6.766900E+1	1.410000E+0
4.863000E+0	1.137174E+0	3.113141E-5	3.301310E+2	6.766900E+1	1.410000E+0
4.977000E+0	1.156755E+0	1.757402E-5	3.301310E+2	6.766900E+1	1.410000E+0
4.986000E+0	1.156755E+0	1.757402E-5	3.301310E+2	6.766900E+1	1.410000E+0
5.070000E+0	1.176560E+0	4.519093E-5	3.301310E+2	6.766900E+1	1.410000E+0
5.079000E+0	1.176560E+0	4.519093E-5	3.301310E+2	6.766900E+1	1.410000E+0
5.163000E+0	1.200892E+0	5.021219E-5	3.301310E+2	6.766900E+1	1.410000E+0
5.176000E+0	1.200892E+0	5.021219E-5	3.301310E+2	6.766900E+1	1.410000E+0
5.261000E+0	1.227904E+0	2.811866E-5	3.301310E+2	6.766900E+1	1.410000E+0
5.270000E+0	1.227904E+0	2.811866E-5	3.301310E+2	6.766900E+1	1.410000E+0
5.353000E+0	1.248792E+0	2.811866E-5	3.301310E+2	6.766900E+1	1.410000E+0
5.362000E+0	1.248792E+0	2.811866E-5	3.301310E+2	6.766900E+1	1.410000E+0
5.477000E+0	1.267303E+0	1.405914E-5	3.301310E+2	6.766900E+1	1.410000E+0
5.486000E+0	1.267303E+0	1.405914E-5	3.301310E+2	6.766900E+1	1.410000E+0
5.570000E+0	1.294567E+0	4.368455E-5	3.301310E+2	6.766900E+1	1.410000E+0
5.579000E+0	1.294567E+0	4.368455E-5	3.301310E+2	6.766900E+1	1.410000E+0
5.663000E+0	1.317403E+0	4.268030E-5	3.301310E+2	6.766900E+1	1.410000E+0
5.672000E+0	1.317403E+0	4.268030E-5	3.301310E+2	6.766900E+1	1.410000E+0
5.753000E+0	1.334943E+0	4.971006E-5	3.301310E+2	6.766900E+1	1.410000E+0
5.762000E+0	1.334943E+0	4.971006E-5	3.301310E+2	6.766900E+1	1.410000E+0
5.843000E+0	1.359932E+0	2.761653E-5	3.301310E+2	6.766900E+1	1.410000E+0
5.852000E+0	1.359932E+0	2.761653E-5	3.301310E+2	6.766900E+1	1.410000E+0
5.964000E+0	1.378881E+0	4.719943E-5	3.301310E+2	6.766900E+1	1.410000E+0
5.973000E+0	1.378881E+0	4.719943E-5	3.301310E+2	6.766900E+1	1.410000E+0
6.053000E+0	1.409631E+0	4.067180E-5	3.301310E+2	6.766900E+1	1.410000E+0
6.061000E+0	1.409631E+0	4.067180E-5	3.301310E+2	6.766900E+1	1.410000E+0
6.143000E+0	1.424944E+0	4.318243E-5	3.301310E+2	6.766900E+1	1.410000E+0
6.152000E+0	1.424944E+0	4.318243E-5	3.301310E+2	6.766900E+1	1.410000E+0
6.233000E+0	1.448262E+0	4.368455E-5	3.301310E+2	6.766900E+1	1.410000E+0
6.246000E+0	1.448262E+0	4.368455E-5	3.301310E+2	6.766900E+1	1.410000E+0
6.330000E+0	1.477019E+0	1.606764E-5	3.301310E+2	6.766900E+1	1.410000E+0
6.338000E+0	1.477019E+0	1.606764E-5	3.301310E+2	6.766900E+1	1.410000E+0
6.453000E+0	1.499204E+0	3.966755E-5	3.301310E+2	6.766900E+1	1.410000E+0
6.463000E+0	1.499204E+0	3.966755E-5	3.301310E+2	6.766900E+1	1.410000E+0
6.543000E+0	1.519259E+0	4.719943E-5	3.301310E+2	6.766900E+1	1.410000E+0
6.551000E+0	1.519259E+0	4.719943E-5	3.301310E+2	6.766900E+1	1.410000E+0
6.633000E+0	1.546351E+0	2.058677E-5	3.301310E+2	6.766900E+1	1.410000E+0
6.641000E+0	1.546351E+0	2.058677E-5	3.301310E+2	6.766900E+1	1.410000E+0
6.723000E+0	1.568988E+0	3.313991E-5	3.301310E+2	6.766900E+1	1.410000E+0
6.733000E+0	1.568988E+0	3.313991E-5	3.301310E+2	6.766900E+1	1.410000E+0
6.813000E+0	1.587142E+0	4.519093E-5	3.301310E+2	6.766900E+1	1.410000E+0
6.822000E+0	1.587142E+0	4.519093E-5	3.301310E+2	6.766900E+1	1.410000E+0
6.933000E+0	1.608312E+0	7.029379E-6	3.301310E+2	6.766900E+1	1.410000E+0
6.942000E+0	1.608312E+0	7.029379E-6	3.301310E+2	6.766900E+1	1.410000E+0
7.022000E+0	1.638132E+0	3.715692E-5	3.301310E+2	6.766900E+1	1.410000E+0
7.031000E+0	1.638132E+0	3.715692E-5	3.301310E+2	6.766900E+1	1.410000E+0
7.111000E+0	1.658005E+0	1.456126E-5	3.301310E+2	6.766900E+1	1.410000E+0
7.120000E+0	1.658005E+0	1.456126E-5	3.301310E+2	6.766900E+1	1.410000E+0
7.202000E+0	1.679481E+0	4.519093E-5	3.301310E+2	6.766900E+1	1.410000E+0
7.216000E+0	1.679481E+0	4.519093E-5	3.301310E+2	6.766900E+1	1.410000E+0
7.298000E+0	1.697327E+0	1.305489E-5	3.301310E+2	6.766900E+1	1.410000E+0
7.306000E+0	1.697327E+0	1.305489E-5	3.301310E+2	6.766900E+1	1.410000E+0
7.422000E+0	1.721028E+0	5.422919E-5	3.301310E+2	6.766900E+1	1.410000E+0
7.431000E+0	1.721028E+0	5.422919E-5	3.301310E+2	6.766900E+1	1.410000E+0
7.511000E+0	1.747013E+0	3.213566E-5	3.301310E+2	6.766900E+1	1.410000E+0
7.521000E+0	1.747013E+0	3.213566E-5	3.301310E+2	6.766900E+1	1.410000E+0
7.601000E+0	1.762425E+0	3.062929E-5	3.301310E+2	6.766900E+1	1.410000E+0
7.610000E+0	1.762425E+0	3.062929E-5	3.301310E+2	6.766900E+1	1.410000E+0
7.691000E+0	1.798775E+0	3.364204E-5	3.301310E+2	6.766900E+1	1.410000E+0
7.701000E+0	1.798775E+0	3.364204E-5	3.301310E+2	6.766900E+1	1.410000E+0
7.781000E+0	1.812529E+0	3.313991E-5	3.301310E+2	6.766900E+1	1.410000E+0
7.790000E+0	1.812529E+0	3.313991E-5	3.301310E+2	6.766900E+1	1.410000E+0
7.903000E+0	1.839485E+0	5.623769E-5	3.301310E+2	6.766900E+1	1.410000E+0
7.912000E+0	1.839485E+0	5.623769E-5	3.301310E+2	6.766900E+1	1.410000E+0
7.997000E+0	1.855662E+0	3.565054E-5	3.301310E+2	6.766900E+1	1.410000E+0
8.005000E+0	1.855662E+0	3.565054E-5	3.301310E+2	6.766900E+1	1.410000E+0
8.091000E+0	1.889328E+0	4.519093E-5	3.301310E+2	6.766900E+1	1.410000E+0
8.100000E+0	1.889328E+0	4.519093E-5	3.301310E+2	6.766900E+1	1.410000E+0
8.181000E+0	1.910825E+0	3.213566E-5	3.301310E+2	6.766900E+1	1.410000E+0
8.194000E+0	1.910825E+0	3.213566E-5	3.301310E+2	6.766900E+1	1.410000E+0
8.277000E+0	1.927684E+0	2.611015E-5	3.301310E+2	6.766900E+1	1.410000E+0
8.286000E+0	1.927684E+0	2.611015E-5	3.301310E+2	6.766900E+1	1.410000E+0
8.401000E+0	1.949447E+0	3.565054E-5	3.301310E+2	6.766900E+1	1.410000E+0
8.410000E+0	1.949447E+0	3.565054E-5	3.301310E+2	6.766900E+1	1.410000E+0
8.490000E+0	1.977313E+0	3.615267E-5	3.301310E+2	6.766900E+1	1.410000E+0
8.499000E+0	1.977313E+0	3.615267E-5	3.301310E+2	6.766900E+1	1.410000E+0
8.580000E+0	1.998822E+0	2.309740E-5	3.301310E+2	6.766900E+1	1.410000E+0
8.589000E+0	1.998822E+0	2.309740E-5	3.301310E+2	6.766900E+1	1.410000E+0
8.669000E+0	2.016874E+0	4.318243E-5	3.301310E+2	6.766900E+1	1.410000E+0
8.678000E+0	2.016874E+0	4.318243E-5	3.301310E+2	6.766900E+1	1.410000E+0
8.759000E+0	2.047508E+0	3.514842E-5	3.301310E+2	6.766900E+1	1.410000E+0
8.768000E+0	2.047508E+0	3.514842E-5	3.301310E+2	6.766900E+1	1.410000E+0
8.881000E+0	2.071190E+0	3.414417E-5	3.301310E+2	6.766900E+1	1.410000E+0
8.890000E+0	2.071190E+0	3.414417E-5	3.301310E+2	6.766900E+1	1.410000E+0
8.970000E+0	2.086906E+0	3.916542E-5	3.301310E+2	6.766900E+1	1.410000E+0
8.979000E+0	2.086906E+0	3.916542E-5	3.301310E+2	6.766900E+1	1.410000E+0
9.059000E+0	2.110056E+0	3.213566E-5	3.301310E+2	6.766900E+1	1.410000E+0
9.068000E+0	2.110056E+0	3.213566E-5	3.301310E+2	6.766900E+1	1.410000E+0
9.149000E+0	2.136540E+0	4.669731E-5	3.301310E+2	6.766900E+1	1.410000E+0
9.157000E+0	2.136540E+0	4.669731E-5	3.301310E+2	6.766900E+1	1.410000E+0
9.240000E+0	2.156316E+0	3.163354E-5	3.301310E+2	6.766900E+1	1.410000E+0
9.254000E+0	2.156316E+0	3.163354E-5	3.301310E+2	6.766900E+1	1.410000E+0
9.369000E+0	2.178379E+0	4.619518E-5	3.301310E+2	6.766900E+1	1.410000E+0
9.378000E+0	2.178379E+0	4.619518E-5	3.301310E+2	6.766900E+1	1.410000E+0
9.458000E+0	2.195208E+0	2.410165E-5	3.301310E+2	6.766900E+1	1.410000E+0
9.467000E+0	2.195208E+0	2.410165E-5	3.301310E+2	6.766900E+1	1.410000E+0
9.548000E+0	2.230806E+0	3.966755E-5	3.301310E+2	6.766900E+1	1.410000E+0
9.557000E+0	2.230806E+0	3.966755E-5	3.301310E+2	6.766900E+1	1.410000E+0
9.639000E+0	2.242876E+0	3.464629E-5	3.301310E+2	6.766900E+1	1.410000E+0
9.648000E+0	2.242876E+0	3.464629E-5	3.301310E+2	6.766900E+1	1.410000E+0
9.729000E+0	2.268778E+0	4.820368E-5	3.301310E+2	6.766900E+1	1.410000E+0
9.738000E+0	2.268778E+0	4.820368E-5	3.301310E+2	6.766900E+1	1.410000E+0
9.849000E+0	2.294644E+0	3.414417E-5	3.301310E+2	6.766900E+1	1.410000E+0
9.858000E+0	2.294644E+0	3.414417E-5	3.301310E+2	6.766900E+1	1.410000E+0
9.938000E+0	2.319203E+0	4.117392E-5	3.301310E+2	6.766900E+1	1.410000E+0
9.947000E+0	2.319203E+0	4.117392E-5	3.301310E+2	6.766900E+1	1.410000E+0
1.002900E+1	2.340629E+0	2.761653E-5	3.301310E+2	6.766900E+1	1.410000E+0
1.003700E+1	2.340629E+0	2.761653E-5	3.301310E+2	6.766900E+1	1.410000E+0
1.011800E+1	2.357166E+0	3.715692E-5	3.301310E+2	6.766900E+1	1.410000E+0
1.012700E+1	2.357166E+0	3.715692E-5	3.301310E+2	6.766900E+1	1.410000E+0
1.020800E+1	2.387592E+0	5.071431E-5	3.301310E+2	6.766900E+1	1.410000E+0
1.022200E+1	2.387592E+0	5.071431E-5	3.301310E+2	6.766900E+1	1.410000E+0
1.033400E+1	2.407392E+0	2.460378E-5	3.301310E+2	6.766900E+1	1.410000E+0
1.034300E+1	2.407392E+0	2.460378E-5	3.301310E+2	6.766900E+1	1.410000E+0
1.042800E+1	2.429686E+0	3.313991E-5	3.301310E+2	6.766900E+1	1.410000E+0
1.043700E+1	2.429686E+0	3.313991E-5	3.301310E+2	6.766900E+1	1.410000E+0
1.051700E+1	2.447198E+0	3.464629E-5	3.301310E+2	6.766900E+1	1.410000E+0
1.052600E+1	2.447198E+0	3.464629E-5	3.301310E+2	6.766900E+1	1.410000E+0
1.060700E+1	2.479547E+0	3.816117E-5	3.301310E+2	6.766900E+1	1.410000E+0
1.061600E+1	2.479547E+0	3.816117E-5	3.301310E+2	6.766900E+1	1.410000E+0
1.069700E+1	2.500981E+0	2.912291E-5	3.301310E+2	6.766900E+1	1.410000E+0
1.070600E+1	2.500981E+0	2.912291E-5	3.301310E+2	6.766900E+1	1.410000E+0
1.082100E+1	2.518066E+0	4.267926E-5	3.301310E+2	6.766900E+1	1.410000E+0
1.083000E+1	2.518066E+0	4.267926E-5	3.301310E+2	6.766900E+1	1.410000E+0
1.091300E+1	2.544496E+0	4.318139E-5	3.301310E+2	6.766900E+1	1.410000E+0
1.092200E+1	2.544496E+0	4.318139E-5	3.301310E+2	6.766900E+1	1.410000E+0
1.100700E+1	2.568582E+0	4.067076E-5	3.301310E+2	6.766900E+1	1.410000E+0
1.101600E+1	2.568582E+0	4.067076E-5	3.301310E+2	6.766900E+1	1.410000E+0
1.109600E+1	2.582124E+0	5.071328E-5	3.301310E+2	6.766900E+1	1.410000E+0
1.110500E+1	2.582124E+0	5.071328E-5	3.301310E+2	6.766900E+1	1.410000E+0
1.118600E+1	2.611027E+0	3.866226E-5	3.301310E+2	6.766900E+1	1.410000E+0
1.119900E+1	2.611027E+0	3.866226E-5	3.301310E+2	6.766900E+1	1.410000E+0
1.131300E+1	2.626799E+0	5.623666E-5	3.301310E+2	6.766900E+1	1.410000E+0
1.132100E+1	2.626799E+0	5.623666E-5	3.301310E+2	6.766900E+1	1.410000E+0
1.140600E+1	2.662272E+0	5.322391E-5	3.301310E+2	6.766900E+1	1.410000E+0
1.141400E+1	2.662272E+0	5.322391E-5	3.301310E+2	6.766900E+1	1.410000E+0
1.149600E+1	2.674154E+0	3.564950E-5	3.301310E+2	6.766900E+1	1.410000E+0
1.150500E+1	2.674154E+0	3.564950E-5	3.301310E+2	6.766900E+1	1.410000E+0
1.158500E+1	2.699841E+0	4.418564E-5	3.301310E+2	6.766900E+1	1.410000E+0
1.159400E+1	2.699841E+0	4.418564E-5	3.301310E+2	6.766900E+1	1.410000E+0
1.167500E+1	2.726870E+0	2.761549E-5	3.301310E+2	6.766900E+1	1.410000E+0
1.168400E+1	2.726870E+0	2.761549E-5	3.301310E+2	6.766900E+1	1.410000E+0
1.179700E+1	2.749108E+0	4.167501E-5	3.301310E+2	6.766900E+1	1.410000E+0
1.180600E+1	2.749108E+0	4.167501E-5	3.301310E+2	6.766900E+1	1.410000E+0
1.188500E+1	2.770848E+0	3.062824E-5	3.301310E+2	6.766900E+1	1.410000E+0
1.189400E+1	2.770848E+0	3.062824E-5	3.301310E+2	6.766900E+1	1.410000E+0
1.197500E+1	2.796799E+0	6.678130E-5	3.301310E+2	6.766900E+1	1.410000E+0
1.198300E+1	2.796799E+0	6.678130E-5	3.301310E+2	6.766900E+1	1.410000E+0
1.206400E+1	2.820624E+0	2.962399E-5	3.301310E+2	6.766900E+1	1.410000E+0
1.207300E+1	2.820624E+0	2.962399E-5	3.301310E+2	6.766900E+1	1.410000E+0
1.215400E+1	2.838276E+0	4.067076E-5	3.301310E+2	6.766900E+1	1.410000E+0
1.216300E+1	2.838276E+0	4.067076E-5	3.301310E+2	6.766900E+1	1.410000E+0
1.227900E+1	2.860391E+0	5.975154E-5	3.301310E+2	6.766900E+1	1.410000E+0
1.229500E+1	2.860391E+0	5.975154E-5	3.301310E+2	6.766900E+1	1.410000E+0
1.237400E+1	2.888363E+0	5.975154E-5	3.301310E+2	6.766900E+1	1.410000E+0
1.238300E+1	2.888363E+0	5.975154E-5	3.301310E+2	6.766900E+1	1.410000E+0
1.246400E+1	2.909451E+0	4.870477E-5	3.301310E+2	6.766900E+1	1.410000E+0
1.247300E+1	2.909451E+0	4.870477E-5	3.301310E+2	6.766900E+1	1.410000E+0
1.255400E+1	2.930968E+0	5.623666E-5	3.301310E+2	6.766900E+1	1.410000E+0
1.256300E+1	2.930968E+0	5.623666E-5	3.301310E+2	6.766900E+1	1.410000E+0
1.264400E+1	2.948155E+0	4.820265E-5	3.301310E+2	6.766900E+1	1.410000E+0
1.265300E+1	2.948155E+0	4.820265E-5	3.301310E+2	6.766900E+1	1.410000E+0
1.276500E+1	2.967406E+0	6.025367E-5	3.301310E+2	6.766900E+1	1.410000E+0
1.277400E+1	2.967406E+0	6.025367E-5	3.301310E+2	6.766900E+1	1.410000E+0
1.285300E+1	2.997526E+0	6.376855E-5	3.301310E+2	6.766900E+1	1.410000E+0
1.286100E+1	2.997526E+0	6.376855E-5	3.301310E+2	6.766900E+1	1.410000E+0
1.294300E+1	3.010393E+0	6.025367E-5	3.301310E+2	6.766900E+1	1.410000E+0
1.295200E+1	3.010393E+0	6.025367E-5	3.301310E+2	6.766900E+1	1.410000E+0
1.303300E+1	3.046775E+0	5.673879E-5	3.301310E+2	6.766900E+1	1.410000E+0
1.304100E+1	3.046775E+0	5.673879E-5	3.301310E+2	6.766900E+1	1.410000E+0
1.312300E+1	3.068484E+0	6.477280E-5	3.301310E+2	6.766900E+1	1.410000E+0
1.313200E+1	3.068484E+0	6.477280E-5	3.301310E+2	6.766900E+1	1.410000E+0
1.324400E+1	3.091111E+0	6.778555E-5	3.301310E+2	6.766900E+1	1.410000E+0
1.325700E+1	3.091111E+0	6.778555E-5	3.301310E+2	6.766900E+1	1.410000E+0
1.334300E+1	3.109857E+0	4.820265E-5	3.301310E+2	6.766900E+1	1.410000E+0
1.335200E+1	3.109857E+0	4.820265E-5	3.301310E+2	6.766900E+1	1.410000E+0
1.343200E+1	3.137708E+0	7.481532E-5	3.301310E+2	6.766900E+1	1.410000E+0
1.344100E+1	3.137708E+0	7.481532E-5	3.301310E+2	6.766900E+1	1.410000E+0
1.352300E+1	3.157370E+0	6.025367E-5	3.301310E+2	6.766900E+1	1.410000E+0
1.353200E+1	3.157370E+0	6.025367E-5	3.301310E+2	6.766900E+1	1.410000E+0
1.361200E+1	3.179735E+0	8.335145E-5	3.301310E+2	6.766900E+1	1.410000E+0
1.362100E+1	3.179735E+0	8.335145E-5	3.301310E+2	6.766900E+1	1.410000E+0
1.373300E+1	3.201880E+0	7.883232E-5	3.301310E+2	6.766900E+1	1.410000E+0
1.374200E+1	3.201880E+0	7.883232E-5	3.301310E+2	6.766900E+1	1.410000E+0
1.382300E+1	3.229069E+0	9.188759E-5	3.301310E+2	6.766900E+1	1.410000E+0
1.383200E+1	3.229069E+0	9.188759E-5	3.301310E+2	6.766900E+1	1.410000E+0
1.391100E+1	3.250639E+0	9.841523E-5	3.301310E+2	6.766900E+1	1.410000E+0
1.392100E+1	3.250639E+0	9.841523E-5	3.301310E+2	6.766900E+1	1.410000E+0
1.400200E+1	3.264430E+0	6.326642E-5	3.301310E+2	6.766900E+1	1.410000E+0
1.401100E+1	3.264430E+0	6.326642E-5	3.301310E+2	6.766900E+1	1.410000E+0
1.409200E+1	3.297915E+0	7.531744E-5	3.301310E+2	6.766900E+1	1.410000E+0
1.410100E+1	3.297915E+0	7.531744E-5	3.301310E+2	6.766900E+1	1.410000E+0
1.421200E+1	3.317962E+0	6.427067E-5	3.301310E+2	6.766900E+1	1.410000E+0
1.422600E+1	3.317962E+0	6.427067E-5	3.301310E+2	6.766900E+1	1.410000E+0
1.430800E+1	3.339165E+0	7.632169E-5	3.301310E+2	6.766900E+1	1.410000E+0
1.431700E+1	3.339165E+0	7.632169E-5	3.301310E+2	6.766900E+1	1.410000E+0
1.440200E+1	3.361661E+0	7.481532E-5	3.301310E+2	6.766900E+1	1.410000E+0
1.441100E+1	3.361661E+0	7.481532E-5	3.301310E+2	6.766900E+1	1.410000E+0
1.449200E+1	3.386108E+0	1.009259E-4	3.301310E+2	6.766900E+1	1.410000E+0
1.450100E+1	3.386108E+0	1.009259E-4	3.301310E+2	6.766900E+1	1.410000E+0
1.458000E+1	3.410561E+0	8.485783E-5	3.301310E+2	6.766900E+1	1.410000E+0
1.458900E+1	3.410561E+0	8.485783E-5	3.301310E+2	6.766900E+1	1.410000E+0
1.470400E+1	3.427337E+0	9.439822E-5	3.301310E+2	6.766900E+1	1.410000E+0
1.471200E+1	3.427337E+0	9.439822E-5	3.301310E+2	6.766900E+1	1.410000E+0
1.479100E+1	3.447164E+0	7.682382E-5	3.301310E+2	6.766900E+1	1.410000E+0
1.480000E+1	3.447164E+0	7.682382E-5	3.301310E+2	6.766900E+1	1.410000E+0
1.488200E+1	3.478194E+0	8.435571E-5	3.301310E+2	6.766900E+1	1.410000E+0
1.489000E+1	3.478194E+0	8.435571E-5	3.301310E+2	6.766900E+1	1.410000E+0
1.497000E+1	3.498633E+0	8.586208E-5	3.301310E+2	6.766900E+1	1.410000E+0
1.497900E+1	3.498633E+0	8.586208E-5	3.301310E+2	6.766900E+1	1.410000E+0
1.506000E+1	3.520908E+0	1.179981E-4	3.301310E+2	6.766900E+1	1.410000E+0
1.506900E+1	3.520908E+0	1.179981E-4	3.301310E+2	6.766900E+1	1.410000E+0
1.518400E+1	3.545828E+0	9.741098E-5	3.301310E+2	6.766900E+1	1.410000E+0
1.519700E+1	3.545828E+0	9.741098E-5	3.301310E+2	6.766900E+1	1.410000E+0
1.528000E+1	3.572882E+0	1.164918E-4	3.301310E+2	6.766900E+1	1.410000E+0
1.528900E+1	3.572882E+0	1.164918E-4	3.301310E+2	6.766900E+1	1.410000E+0
1.537000E+1	3.588577E+0	1.104662E-4	3.301310E+2	6.766900E+1	1.410000E+0
1.537900E+1	3.588577E+0	1.104662E-4	3.301310E+2	6.766900E+1	1.410000E+0
1.546000E+1	3.609175E+0	9.590460E-5	3.301310E+2	6.766900E+1	1.410000E+0
1.546900E+1	3.609175E+0	9.590460E-5	3.301310E+2	6.766900E+1	1.410000E+0
1.555000E+1	3.635853E+0	7.782807E-5	3.301310E+2	6.766900E+1	1.410000E+0
1.555900E+1	3.635853E+0	7.782807E-5	3.301310E+2	6.766900E+1	1.410000E+0
1.567000E+1	3.654242E+0	1.144833E-4	3.301310E+2	6.766900E+1	1.410000E+0
1.567900E+1	3.654242E+0	1.144833E-4	3.301310E+2	6.766900E+1	1.410000E+0
1.575900E+1	3.680218E+0	9.941948E-5	3.301310E+2	6.766900E+1	1.410000E+0
1.576800E+1	3.680218E+0	9.941948E-5	3.301310E+2	6.766900E+1	1.410000E+0
1.584900E+1	3.694235E+0	1.210109E-4	3.301310E+2	6.766900E+1	1.410000E+0
1.585800E+1	3.694235E+0	1.210109E-4	3.301310E+2	6.766900E+1	1.410000E+0
1.594000E+1	3.730578E+0	9.490035E-5	3.301310E+2	6.766900E+1	1.410000E+0
1.594900E+1	3.730578E+0	9.490035E-5	3.301310E+2	6.766900E+1	1.410000E+0
1.602900E+1	3.748103E+0	1.069514E-4	3.301310E+2	6.766900E+1	1.410000E+0
1.603800E+1	3.748103E+0	1.069514E-4	3.301310E+2	6.766900E+1	1.410000E+0
1.614900E+1	3.768368E+0	5.422816E-5	3.301310E+2	6.766900E+1	1.410000E+0
1.615800E+1	3.768368E+0	5.422816E-5	3.301310E+2	6.766900E+1	1.410000E+0
1.624400E+1	3.794636E+0	1.250279E-4	3.301310E+2	6.766900E+1	1.410000E+0
1.626100E+1	3.794636E+0	1.250279E-4	3.301310E+2	6.766900E+1	1.410000E+0
1.633500E+1	3.816577E+0	1.280407E-4	3.301310E+2	6.766900E+1	1.410000E+0
1.634400E+1	3.816577E+0	1.280407E-4	3.301310E+2	6.766900E+1	1.410000E+0
1.642900E+1	3.841888E+0	9.590460E-5	3.301310E+2	6.766900E+1	1.410000E+0
1.643800E+1	3.841888E+0	9.590460E-5	3.301310E+2	6.766900E+1	1.410000E+0
1.651900E+1	3.856109E+0	1.330619E-4	3.301310E+2	6.766900E+1	1.410000E+0
1.652800E+1	3.856109E+0	1.330619E-4	3.301310E+2	6.766900E+1	1.410000E+0
1.663900E+1	3.888745E+0	1.270364E-4	3.301310E+2	6.766900E+1	1.410000E+0
1.664800E+1	3.888745E+0	1.270364E-4	3.301310E+2	6.766900E+1	1.410000E+0
1.672800E+1	3.906741E+0	1.355725E-4	3.301310E+2	6.766900E+1	1.410000E+0
1.673600E+1	3.906741E+0	1.355725E-4	3.301310E+2	6.766900E+1	1.410000E+0
1.681900E+1	3.928605E+0	1.009259E-4	3.301310E+2	6.766900E+1	1.410000E+0
1.682800E+1	3.928605E+0	1.009259E-4	3.301310E+2	6.766900E+1	1.410000E+0
1.690800E+1	3.941318E+0	1.099641E-4	3.301310E+2	6.766900E+1	1.410000E+0
1.691700E+1	3.941318E+0	1.099641E-4	3.301310E+2	6.766900E+1	1.410000E+0
1.699900E+1	3.978754E+0	1.154875E-4	3.301310E+2	6.766900E+1	1.410000E+0
1.700700E+1	3.978754E+0	1.154875E-4	3.301310E+2	6.766900E+1	1.410000E+0
1.711700E+1	4.000113E+0	1.315555E-4	3.301310E+2	6.766900E+1	1.410000E+0
1.712600E+1	4.000113E+0	1.315555E-4	3.301310E+2	6.766900E+1	1.410000E+0
1.720700E+1	4.018450E+0	1.069514E-4	3.301310E+2	6.766900E+1	1.410000E+0
1.722000E+1	4.018450E+0	1.069514E-4	3.301310E+2	6.766900E+1	1.410000E+0
1.730300E+1	4.047733E+0	1.139811E-4	3.301310E+2	6.766900E+1	1.410000E+0
1.731200E+1	4.047733E+0	1.139811E-4	3.301310E+2	6.766900E+1	1.410000E+0
1.739800E+1	4.068607E+0	1.245258E-4	3.301310E+2	6.766900E+1	1.410000E+0
1.740600E+1	4.068607E+0	1.245258E-4	3.301310E+2	6.766900E+1	1.410000E+0
1.748700E+1	4.088638E+0	1.195045E-4	3.301310E+2	6.766900E+1	1.410000E+0
1.749700E+1	4.088638E+0	1.195045E-4	3.301310E+2	6.766900E+1	1.410000E+0
1.760900E+1	4.110644E+0	1.446108E-4	3.301310E+2	6.766900E+1	1.410000E+0
1.761900E+1	4.110644E+0	1.446108E-4	3.301310E+2	6.766900E+1	1.410000E+0
1.770300E+1	4.135223E+0	1.235215E-4	3.301310E+2	6.766900E+1	1.410000E+0
1.771200E+1	4.135223E+0	1.235215E-4	3.301310E+2	6.766900E+1	1.410000E+0
1.779600E+1	4.161650E+0	1.325598E-4	3.301310E+2	6.766900E+1	1.410000E+0
1.780500E+1	4.161650E+0	1.325598E-4	3.301310E+2	6.766900E+1	1.410000E+0
1.788600E+1	4.178041E+0	1.200066E-4	3.301310E+2	6.766900E+1	1.410000E+0
1.789400E+1	4.178041E+0	1.200066E-4	3.301310E+2	6.766900E+1	1.410000E+0
1.797700E+1	4.199915E+0	9.590460E-5	3.301310E+2	6.766900E+1	1.410000E+0
1.798600E+1	4.199915E+0	9.590460E-5	3.301310E+2	6.766900E+1	1.410000E+0
1.809700E+1	4.228119E+0	1.039386E-4	3.301310E+2	6.766900E+1	1.410000E+0
1.810500E+1	4.228119E+0	1.039386E-4	3.301310E+2	6.766900E+1	1.410000E+0
1.818600E+1	4.248747E+0	1.320577E-4	3.301310E+2	6.766900E+1	1.410000E+0
1.819900E+1	4.248747E+0	1.320577E-4	3.301310E+2	6.766900E+1	1.410000E+0
1.828200E+1	4.271204E+0	1.064492E-4	3.301310E+2	6.766900E+1	1.410000E+0
1.829100E+1	4.271204E+0	1.064492E-4	3.301310E+2	6.766900E+1	1.410000E+0
1.837600E+1	4.296534E+0	1.109684E-4	3.301310E+2	6.766900E+1	1.410000E+0
1.838500E+1	4.296534E+0	1.109684E-4	3.301310E+2	6.766900E+1	1.410000E+0
1.846600E+1	4.320711E+0	1.134790E-4	3.301310E+2	6.766900E+1	1.410000E+0
1.847400E+1	4.320711E+0	1.134790E-4	3.301310E+2	6.766900E+1	1.410000E+0
1.858700E+1	4.331347E+0	1.325598E-4	3.301310E+2	6.766900E+1	1.410000E+0
1.859600E+1	4.331347E+0	1.325598E-4	3.301310E+2	6.766900E+1	1.410000E+0
1.867600E+1	4.359197E+0	1.325598E-4	3.301310E+2	6.766900E+1	1.410000E+0
1.868500E+1	4.359197E+0	1.325598E-4	3.301310E+2	6.766900E+1	1.410000E+0
1.876600E+1	4.374681E+0	1.164918E-4	3.301310E+2	6.766900E+1	1.410000E+0
1.877500E+1	4.374681E+0	1.164918E-4	3.301310E+2	6.766900E+1	1.410000E+0
1.885600E+1	4.408966E+0	1.139811E-4	3.301310E+2	6.766900E+1	1.410000E+0
1.886500E+1	4.408966E+0	1.139811E-4	3.301310E+2	6.766900E+1	1.410000E+0
1.894500E+1	4.430719E+0	1.315555E-4	3.301310E+2	6.766900E+1	1.410000E+0
1.895400E+1	4.430719E+0	1.315555E-4	3.301310E+2	6.766900E+1	1.410000E+0
1.906600E+1	4.448737E+0	1.320577E-4	3.301310E+2	6.766900E+1	1.410000E+0
1.907400E+1	4.448737E+0	1.320577E-4	3.301310E+2	6.766900E+1	1.410000E+0
1.915500E+1	4.478914E+0	1.300492E-4	3.301310E+2	6.766900E+1	1.410000E+0
1.916400E+1	4.478914E+0	1.300492E-4	3.301310E+2	6.766900E+1	1.410000E+0
1.924600E+1	4.498023E+0	1.174960E-4	3.301310E+2	6.766900E+1	1.410000E+0
1.926200E+1	4.498023E+0	1.174960E-4	3.301310E+2	6.766900E+1	1.410000E+0
1.934500E+1	4.521148E+0	1.174960E-4	3.301310E+2	6.766900E+1	1.410000E+0
1.935400E+1	4.521148E+0	1.174960E-4	3.301310E+2	6.766900E+1	1.410000E+0
1.943500E+1	4.550359E+0	1.325598E-4	3.301310E+2	6.766900E+1	1.410000E+0
1.944400E+1	4.550359E+0	1.325598E-4	3.301310E+2	6.766900E+1	1.410000E+0
1.955600E+1	4.569125E+0	1.179981E-4	3.301310E+2	6.766900E+1	1.410000E+0
1.956500E+1	4.569125E+0	1.179981E-4	3.301310E+2	6.766900E+1	1.410000E+0
1.964500E+1	4.590759E+0	1.230194E-4	3.301310E+2	6.766900E+1	1.410000E+0
1.965400E+1	4.590759E+0	1.230194E-4	3.301310E+2	6.766900E+1	1.410000E+0
1.973500E+1	4.608153E+0	1.159896E-4	3.301310E+2	6.766900E+1	1.410000E+0
1.974400E+1	4.608153E+0	1.159896E-4	3.301310E+2	6.766900E+1	1.410000E+0
1.982500E+1	4.637632E+0	1.230194E-4	3.301310E+2	6.766900E+1	1.410000E+0
1.983400E+1	4.637632E+0	1.230194E-4	3.301310E+2	6.766900E+1	1.410000E+0
1.991400E+1	4.658038E+0	1.250279E-4	3.301310E+2	6.766900E+1	1.410000E+0
1.992300E+1	4.658038E+0	1.250279E-4	3.301310E+2	6.766900E+1	1.410000E+0
2.003600E+1	4.669907E+0	1.230198E-4	3.301310E+2	6.766900E+1	1.410000E+0
2.004500E+1	4.669907E+0	1.230198E-4	3.301310E+2	6.766900E+1	1.410000E+0
2.012400E+1	4.700624E+0	1.230198E-4	3.301310E+2	6.766900E+1	1.410000E+0
2.013200E+1	4.700624E+0	1.230198E-4	3.301310E+2	6.766900E+1	1.410000E+0
2.021500E+1	4.721732E+0	1.295474E-4	3.301310E+2	6.766900E+1	1.410000E+0
2.022800E+1	4.721732E+0	1.295474E-4	3.301310E+2	6.766900E+1	1.410000E+0
2.031000E+1	4.750412E+0	1.431048E-4	3.301310E+2	6.766900E+1	1.410000E+0
2.032000E+1	4.750412E+0	1.431048E-4	3.301310E+2	6.766900E+1	1.410000E+0
2.040300E+1	4.766508E+0	1.250283E-4	3.301310E+2	6.766900E+1	1.410000E+0
2.041200E+1	4.766508E+0	1.250283E-4	3.301310E+2	6.766900E+1	1.410000E+0
2.052800E+1	4.797768E+0	1.315559E-4	3.301310E+2	6.766900E+1	1.410000E+0
2.053700E+1	4.797768E+0	1.315559E-4	3.301310E+2	6.766900E+1	1.410000E+0
2.073400E+1	4.822336E+0	1.431048E-4	3.301310E+2	6.766900E+1	1.410000E+0
2.074300E+1	4.822336E+0	1.431048E-4	3.301310E+2	6.766900E+1	1.410000E+0
2.082300E+1	4.833262E+0	1.225177E-4	3.301310E+2	6.766900E+1	1.410000E+0
2.083200E+1	4.833262E+0	1.225177E-4	3.301310E+2	6.766900E+1	1.410000E+0
2.094500E+1	4.858478E+0	1.476239E-4	3.301310E+2	6.766900E+1	1.410000E+0
2.095400E+1	4.858478E+0	1.476239E-4	3.301310E+2	6.766900E+1	1.410000E+0
2.103500E+1	4.876668E+0	1.345687E-4	3.301310E+2	6.766900E+1	1.410000E+0
2.104300E+1	4.876668E+0	1.345687E-4	3.301310E+2	6.766900E+1	1.410000E+0
2.112400E+1	4.908137E+0	1.707217E-4	3.301310E+2	6.766900E+1	1.410000E+0
2.113200E+1	4.908137E+0	1.707217E-4	3.301310E+2	6.766900E+1	1.410000E+0
2.121300E+1	4.925764E+0	4.001932E-4	3.301310E+2	6.766900E+1	1.410000E+0
2.122600E+1	4.925764E+0	4.001932E-4	3.301310E+2	6.766900E+1	1.410000E+0
2.130900E+1	4.946967E+0	7.903449E-4	3.301310E+2	6.766900E+1	1.410000E+0
2.131800E+1	4.946967E+0	7.903449E-4	3.301310E+2	6.766900E+1	1.410000E+0
2.143000E+1	4.973551E+0	1.139322E-3	3.301310E+2	6.766900E+1	1.410000E+0
2.143800E+1	4.973551E+0	1.139322E-3	3.301310E+2	6.766900E+1	1.410000E+0
2.152200E+1	4.997810E+0	1.483278E-3	3.301310E+2	6.766900E+1	1.410000E+0
2.153200E+1	4.997810E+0	1.483278E-3	3.301310E+2	6.766900E+1	1.410000E+0
2.161400E+1	5.017978E+0	1.772503E-3	3.301310E+2	6.766900E+1	1.410000E+0
2.162300E+1	5.017978E+0	1.772503E-3	3.301310E+2	6.766900E+1	1.410000E+0
2.170300E+1	5.044599E+0	2.192782E-3	3.301310E+2	6.766900E+1	1.410000E+0
2.171200E+1	5.044599E+0	2.192782E-3	3.301310E+2	6.766900E+1	1.410000E+0
2.179300E+1	5.067700E+0	2.700431E-3	3.301310E+2	6.766900E+1	1.410000E+0
2.180100E+1	5.067700E+0	2.700431E-3	3.301310E+2	6.766900E+1	1.410000E+0
2.191300E+1	5.090379E+0	3.141800E-3	3.301310E+2	6.766900E+1	1.410000E+0
2.192300E+1	5.090379E+0	3.141800E-3	3.301310E+2	6.766900E+1	1.410000E+0
2.200200E+1	5.106228E+0	3.428514E-3	3.301310E+2	6.766900E+1	1.410000E+0
2.201100E+1	5.106228E+0	3.428514E-3	3.301310E+2	6.766900E+1	1.410000E+0
2.209300E+1	5.136458E+0	3.952232E-3	3.301310E+2	6.766900E+1	1.410000E+0
2.210200E+1	5.136458E+0	3.952232E-3	3.301310E+2	6.766900E+1	1.410000E+0
2.218200E+1	5.156453E+0	4.371006E-3	3.301310E+2	6.766900E+1	1.410000E+0
2.219600E+1	5.156453E+0	4.371006E-3	3.301310E+2	6.766900E+1	1.410000E+0
2.227900E+1	5.173241E+0	4.734546E-3	3.301310E+2	6.766900E+1	1.410000E+0
2.228800E+1	5.173241E+0	4.734546E-3	3.301310E+2	6.766900E+1	1.410000E+0
2.240200E+1	5.194538E+0	5.044358E-3	3.301310E+2	6.766900E+1	1.410000E+0
2.241100E+1	5.194538E+0	5.044358E-3	3.301310E+2	6.766900E+1	1.410000E+0
2.249300E+1	5.226800E+0	5.586655E-3	3.301310E+2	6.766900E+1	1.410000E+0
2.250200E+1	5.226800E+0	5.586655E-3	3.301310E+2	6.766900E+1	1.410000E+0
2.258200E+1	5.250334E+0	6.003923E-3	3.301310E+2	6.766900E+1	1.410000E+0
2.259100E+1	5.250334E+0	6.003923E-3	3.301310E+2	6.766900E+1	1.410000E+0
2.267200E+1	5.260666E+0	6.313735E-3	3.301310E+2	6.766900E+1	1.410000E+0
2.268000E+1	5.260666E+0	6.313735E-3	3.301310E+2	6.766900E+1	1.410000E+0
2.276300E+1	5.298134E+0	7.122662E-3	3.301310E+2	6.766900E+1	1.410000E+0
2.277200E+1	5.298134E+0	7.122662E-3	3.301310E+2	6.766900E+1	1.410000E+0
2.288300E+1	5.315251E+0	7.426449E-3	3.301310E+2	6.766900E+1	1.410000E+0
2.289200E+1	5.315251E+0	7.426449E-3	3.301310E+2	6.766900E+1	1.410000E+0
2.297100E+1	5.337981E+0	7.987827E-3	3.301310E+2	6.766900E+1	1.410000E+0
2.298000E+1	5.337981E+0	7.987827E-3	3.301310E+2	6.766900E+1	1.410000E+0
2.306200E+1	5.355298E+0	8.459826E-3	3.301310E+2	6.766900E+1	1.410000E+0
2.307100E+1	5.355298E+0	8.459826E-3	3.301310E+2	6.766900E+1	1.410000E+0
2.315200E+1	5.385018E+0	9.115102E-3	3.301310E+2	6.766900E+1	1.410000E+0
2.316200E+1	5.385018E+0	9.115102E-3	3.301310E+2	6.766900E+1	1.410000E+0
2.324600E+1	5.409140E+0	9.726191E-3	3.301310E+2	6.766900E+1	1.410000E+0
2.326200E+1	5.409140E+0	9.726191E-3	3.301310E+2	6.766900E+1	1.410000E+0
2.337300E+1	5.427493E+0	1.027803E-2	3.301310E+2	6.766900E+1	1.410000E+0
2.338100E+1	5.427493E+0	1.027803E-2	3.301310E+2	6.766900E+1	1.410000E+0
2.346100E+1	5.447641E+0	1.095741E-2	3.301310E+2	6.766900E+1	1.410000E+0
2.347000E+1	5.447641E+0	1.095741E-2	3.301310E+2	6.766900E+1	1.410000E+0
2.355200E+1	5.476363E+0	1.159862E-2	3.301310E+2	6.766900E+1	1.410000E+0
2.356100E+1	5.476363E+0	1.159862E-2	3.301310E+2	6.766900E+1	1.410000E+0
2.364100E+1	5.497803E+0	1.236788E-2	3.301310E+2	6.766900E+1	1.410000E+0
2.365000E+1	5.497803E+0	1.236788E-2	3.301310E+2	6.766900E+1	1.410000E+0
2.373100E+1	5.519212E+0	1.311404E-2	3.301310E+2	6.766900E+1	1.410000E+0
2.374000E+1	5.519212E+0	1.311404E-2	3.301310E+2	6.766900E+1	1.410000E+0
2.385200E+1	5.545358E+0	1.391644E-2	3.301310E+2	6.766900E+1	1.410000E+0
2.386000E+1	5.545358E+0	1.391644E-2	3.301310E+2	6.766900E+1	1.410000E+0
2.394100E+1	5.569387E+0	1.484035E-2	3.301310E+2	6.766900E+1	1.410000E+0
2.394900E+1	5.569387E+0	1.484035E-2	3.301310E+2	6.766900E+1	1.410000E+0
2.403100E+1	5.586247E+0	1.533846E-2	3.301310E+2	6.766900E+1	1.410000E+0
2.403900E+1	5.586247E+0	1.533846E-2	3.301310E+2	6.766900E+1	1.410000E+0
2.412000E+1	5.603070E+0	1.588327E-2	3.301310E+2	6.766900E+1	1.410000E+0
2.412800E+1	5.603070E+0	1.588327E-2	3.301310E+2	6.766900E+1	1.410000E+0
2.421100E+1	5.635404E+0	1.690209E-2	3.301310E+2	6.766900E+1	1.410000E+0
2.422300E+1	5.635404E+0	1.690209E-2	3.301310E+2	6.766900E+1	1.410000E+0
2.433900E+1	5.657979E+0	1.786918E-2	3.301310E+2	6.766900E+1	1.410000E+0
2.434800E+1	5.657979E+0	1.786918E-2	3.301310E+2	6.766900E+1	1.410000E+0
2.443000E+1	5.680132E+0	1.848278E-2	3.301310E+2	6.766900E+1	1.410000E+0
2.443800E+1	5.680132E+0	1.848278E-2	3.301310E+2	6.766900E+1	1.410000E+0
2.452100E+1	5.690386E+0	1.883478E-2	3.301310E+2	6.766900E+1	1.410000E+0
2.453000E+1	5.690386E+0	1.883478E-2	3.301310E+2	6.766900E+1	1.410000E+0
2.461000E+1	5.729771E+0	2.017545E-2	3.301310E+2	6.766900E+1	1.410000E+0
2.461900E+1	5.729771E+0	2.017545E-2	3.301310E+2	6.766900E+1	1.410000E+0
2.470000E+1	5.745914E+0	2.078152E-2	3.301310E+2	6.766900E+1	1.410000E+0
2.470900E+1	5.745914E+0	2.078152E-2	3.301310E+2	6.766900E+1	1.410000E+0
2.482300E+1	5.768097E+0	2.171698E-2	3.301310E+2	6.766900E+1	1.410000E+0
2.483200E+1	5.768097E+0	2.171698E-2	3.301310E+2	6.766900E+1	1.410000E+0
2.491600E+1	5.791561E+0	2.271120E-2	3.301310E+2	6.766900E+1	1.410000E+0
2.492500E+1	5.791561E+0	2.271120E-2	3.301310E+2	6.766900E+1	1.410000E+0
2.500700E+1	5.816686E+0	2.363662E-2	3.301310E+2	6.766900E+1	1.410000E+0
2.501500E+1	5.816686E+0	2.363662E-2	3.301310E+2	6.766900E+1	1.410000E+0
2.509600E+1	5.837186E+0	2.454747E-2	3.301310E+2	6.766900E+1	1.410000E+0
2.510600E+1	5.837186E+0	2.454747E-2	3.301310E+2	6.766900E+1	1.410000E+0
2.518900E+1	5.857084E+0	2.546687E-2	3.301310E+2	6.766900E+1	1.410000E+0
2.520200E+1	5.857084E+0	2.546687E-2	3.301310E+2	6.766900E+1	1.410000E+0
2.531700E+1	5.887697E+0	2.722482E-2	3.301310E+2	6.766900E+1	1.410000E+0
2.532500E+1	5.887697E+0	2.722482E-2	3.301310E+2	6.766900E+1	1.410000E+0
2.540500E+1	5.903481E+0	2.834908E-2	3.301310E+2	6.766900E+1	1.410000E+0
2.541400E+1	5.903481E+0	2.834908E-2	3.301310E+2	6.766900E+1	1.410000E+0
2.549500E+1	5.926389E+0	2.959536E-2	3.301310E+2	6.766900E+1	1.410000E+0
2.550400E+1	5.926389E+0	2.959536E-2	3.301310E+2	6.766900E+1	1.410000E+0
2.558500E+1	5.947478E+0	3.095863E-2	3.301310E+2	6.766900E+1	1.410000E+0
2.559400E+1	5.947478E+0	3.095863E-2	3.301310E+2	6.766900E+1	1.410000E+0
2.567600E+1	5.976424E+0	3.260410E-2	3.301310E+2	6.766900E+1	1.410000E+0
2.568400E+1	5.976424E+0	3.260410E-2	3.301310E+2	6.766900E+1	1.410000E+0
2.579600E+1	5.989334E+0	3.352350E-2	3.301310E+2	6.766900E+1	1.410000E+0
2.580400E+1	5.989334E+0	3.352350E-2	3.301310E+2	6.766900E+1	1.410000E+0
2.588500E+1	6.014615E+0	3.496561E-2	3.301310E+2	6.766900E+1	1.410000E+0
2.589400E+1	6.014615E+0	3.496561E-2	3.301310E+2	6.766900E+1	1.410000E+0
2.597600E+1	6.036920E+0	3.661308E-2	3.301310E+2	6.766900E+1	1.410000E+0
2.598500E+1	6.036920E+0	3.661308E-2	3.301310E+2	6.766900E+1	1.410000E+0
2.606500E+1	6.065827E+0	3.852468E-2	3.301310E+2	6.766900E+1	1.410000E+0
2.607400E+1	6.065827E+0	3.852468E-2	3.301310E+2	6.766900E+1	1.410000E+0
2.615500E+1	6.080454E+0	3.971623E-2	3.301310E+2	6.766900E+1	1.410000E+0
2.616400E+1	6.080454E+0	3.971623E-2	3.301310E+2	6.766900E+1	1.410000E+0
2.627600E+1	6.108141E+0	4.182115E-2	3.301310E+2	6.766900E+1	1.410000E+0
2.629200E+1	6.108141E+0	4.182115E-2	3.301310E+2	6.766900E+1	1.410000E+0
2.637500E+1	6.126566E+0	4.318091E-2	3.301310E+2	6.766900E+1	1.410000E+0
2.638400E+1	6.126566E+0	4.318091E-2	3.301310E+2	6.766900E+1	1.410000E+0
2.646400E+1	6.157673E+0	4.595365E-2	3.301310E+2	6.766900E+1	1.410000E+0
2.647400E+1	6.157673E+0	4.595365E-2	3.301310E+2	6.766900E+1	1.410000E+0
2.655500E+1	6.172611E+0	4.765385E-2	3.301310E+2	6.766900E+1	1.410000E+0
2.656400E+1	6.172611E+0	4.765385E-2	3.301310E+2	6.766900E+1	1.410000E+0
2.664400E+1	6.196755E+0	4.997318E-2	3.301310E+2	6.766900E+1	1.410000E+0
2.665300E+1	6.196755E+0	4.997318E-2	3.301310E+2	6.766900E+1	1.410000E+0
2.676500E+1	6.224191E+0	5.246724E-2	3.301310E+2	6.766900E+1	1.410000E+0
2.677400E+1	6.224191E+0	5.246724E-2	3.301310E+2	6.766900E+1	1.410000E+0
2.685400E+1	6.245893E+0	5.496633E-2	3.301310E+2	6.766900E+1	1.410000E+0
2.686200E+1	6.245893E+0	5.496633E-2	3.301310E+2	6.766900E+1	1.410000E+0
2.694400E+1	6.267170E+0	5.737302E-2	3.301310E+2	6.766900E+1	1.410000E+0
2.695200E+1	6.267170E+0	5.737302E-2	3.301310E+2	6.766900E+1	1.410000E+0
2.703400E+1	6.290815E+0	6.056354E-2	3.301310E+2	6.766900E+1	1.410000E+0
2.704300E+1	6.290815E+0	6.056354E-2	3.301310E+2	6.766900E+1	1.410000E+0
2.712400E+1	6.317867E+0	6.356777E-2	3.301310E+2	6.766900E+1	1.410000E+0
2.713200E+1	6.317867E+0	6.356777E-2	3.301310E+2	6.766900E+1	1.410000E+0
2.724800E+1	6.330836E+0	6.520820E-2	3.301310E+2	6.766900E+1	1.410000E+0
2.726100E+1	6.330836E+0	6.520820E-2	3.301310E+2	6.766900E+1	1.410000E+0
2.734500E+1	6.358021E+0	6.828724E-2	3.301310E+2	6.766900E+1	1.410000E+0
2.735400E+1	6.358021E+0	6.828724E-2	3.301310E+2	6.766900E+1	1.410000E+0
2.743800E+1	6.385196E+0	7.172581E-2	3.301310E+2	6.766900E+1	1.410000E+0
2.744700E+1	6.385196E+0	7.172581E-2	3.301310E+2	6.766900E+1	1.410000E+0
2.752800E+1	6.407519E+0	7.533710E-2	3.301310E+2	6.766900E+1	1.410000E+0
2.753700E+1	6.407519E+0	7.533710E-2	3.301310E+2	6.766900E+1	1.410000E+0
2.761700E+1	6.420790E+0	7.735465E-2	3.301310E+2	6.766900E+1	1.410000E+0
2.762600E+1	6.420790E+0	7.735465E-2	3.301310E+2	6.766900E+1	1.410000E+0
2.773900E+1	6.445978E+0	8.076560E-2	3.301310E+2	6.766900E+1	1.410000E+0
2.774800E+1	6.445978E+0	8.076560E-2	3.301310E+2	6.766900E+1	1.410000E+0
2.782700E+1	6.469059E+0	8.453305E-2	3.301310E+2	6.766900E+1	1.410000E+0
2.783600E+1	6.469059E+0	8.453305E-2	3.301310E+2	6.766900E+1	1.410000E+0
2.791800E+1	6.496492E+0	8.863292E-2	3.301310E+2	6.766900E+1	1.410000E+0
2.792700E+1	6.496492E+0	8.863292E-2	3.301310E+2	6.766900E+1	1.410000E+0
2.800800E+1	6.512396E+0	9.180034E-2	3.301310E+2	6.766900E+1	1.410000E+0
2.801700E+1	6.512396E+0	9.180034E-2	3.301310E+2	6.766900E+1	1.410000E+0
2.809700E+1	6.543689E+0	9.730264E-2	3.301310E+2	6.766900E+1	1.410000E+0
2.810600E+1	6.543689E+0	9.730264E-2	3.301310E+2	6.766900E+1	1.410000E+0
2.821800E+1	6.566210E+0	1.019398E-1	3.301310E+2	6.766900E+1	1.410000E+0
2.823100E+1	6.566210E+0	1.019398E-1	3.301310E+2	6.766900E+1	1.410000E+0
2.831300E+1	6.588395E+0	1.067386E-1	3.301310E+2	6.766900E+1	1.410000E+0
2.832200E+1	6.588395E+0	1.067386E-1	3.301310E+2	6.766900E+1	1.410000E+0
2.840300E+1	6.603390E+0	1.090569E-1	3.301310E+2	6.766900E+1	1.410000E+0
2.841100E+1	6.603390E+0	1.090569E-1	3.301310E+2	6.766900E+1	1.410000E+0
2.849300E+1	6.632288E+0	1.146049E-1	3.301310E+2	6.766900E+1	1.410000E+0
2.850200E+1	6.632288E+0	1.146049E-1	3.301310E+2	6.766900E+1	1.410000E+0
2.858200E+1	6.654510E+0	1.191477E-1	3.301310E+2	6.766900E+1	1.410000E+0
2.859200E+1	6.654510E+0	1.191477E-1	3.301310E+2	6.766900E+1	1.410000E+0
2.870300E+1	6.672152E+0	1.236974E-1	3.301310E+2	6.766900E+1	1.410000E+0
2.871200E+1	6.672152E+0	1.236974E-1	3.301310E+2	6.766900E+1	1.410000E+0
2.879300E+1	6.697037E+0	1.303225E-1	3.301310E+2	6.766900E+1	1.410000E+0
2.880200E+1	6.697037E+0	1.303225E-1	3.301310E+2	6.766900E+1	1.410000E+0
2.888200E+1	6.723227E+0	1.354678E-1	3.301310E+2	6.766900E+1	1.410000E+0
2.889100E+1	6.723227E+0	1.354678E-1	3.301310E+2	6.766900E+1	1.410000E+0
2.897200E+1	6.747336E+0	1.411007E-1	3.301310E+2	6.766900E+1	1.410000E+0
2.898100E+1	6.747336E+0	1.411007E-1	3.301310E+2	6.766900E+1	1.410000E+0
2.906200E+1	6.765523E+0	1.459141E-1	3.301310E+2	6.766900E+1	1.410000E+0
2.907100E+1	6.765523E+0	1.459141E-1	3.301310E+2	6.766900E+1	1.410000E+0
2.918300E+1	6.793443E+0	1.544025E-1	3.301310E+2	6.766900E+1	1.410000E+0
2.919600E+1	6.793443E+0	1.544025E-1	3.301310E+2	6.766900E+1	1.410000E+0
2.927700E+1	6.814068E+0	1.594991E-1	3.301310E+2	6.766900E+1	1.410000E+0
2.928600E+1	6.814068E+0	1.594991E-1	3.301310E+2	6.766900E+1	1.410000E+0
2.936600E+1	6.837048E+0	1.652841E-1	3.301310E+2	6.766900E+1	1.410000E+0
2.937500E+1	6.837048E+0	1.652841E-1	3.301310E+2	6.766900E+1	1.410000E+0
2.945600E+1	6.858611E+0	1.731364E-1	3.301310E+2	6.766900E+1	1.410000E+0
2.946500E+1	6.858611E+0	1.731364E-1	3.301310E+2	6.766900E+1	1.410000E+0
2.954600E+1	6.883816E+0	1.825648E-1	3.301310E+2	6.766900E+1	1.410000E+0
2.955500E+1	6.883816E+0	1.825648E-1	3.301310E+2	6.766900E+1	1.410000E+0
2.966700E+1	6.908613E+0	1.919656E-1	3.301310E+2	6.766900E+1	1.410000E+0
2.967600E+1	6.908613E+0	1.919656E-1	3.301310E+2	6.766900E+1	1.410000E+0
2.975500E+1	6.926155E+0	1.975658E-1	3.301310E+2	6.766900E+1	1.410000E+0
2.976400E+1	6.926155E+0	1.975658E-1	3.301310E+2	6.766900E+1	1.410000E+0
2.984500E+1	6.947652E+0	2.060914E-1	3.301310E+2	6.766900E+1	1.410000E+0
2.985400E+1	6.947652E+0	2.060914E-1	3.301310E+2	6.766900E+1	1.410000E+0
2.993600E+1	6.975733E+0	2.198874E-1	3.301310E+2	6.766900E+1	1.410000E+0
2.994500E+1	6.975733E+0	2.198874E-1	3.301310E+2	6.766900E+1	1.410000E+0
3.002600E+1	6.997199E+0	2.300981E-1	3.301310E+2	6.766900E+1	1.410000E+0
3.003500E+1	6.997199E+0	2.300981E-1	3.301310E+2	6.766900E+1	1.410000E+0
3.014600E+1	7.010595E+0	2.341398E-1	3.301310E+2	6.766900E+1	1.410000E+0
3.015500E+1	7.010595E+0	2.341398E-1	3.301310E+2	6.766900E+1	1.410000E+0
3.023600E+1	7.045674E+0	2.505940E-1	3.301310E+2	6.766900E+1	1.410000E+0
3.024900E+1	7.045674E+0	2.505940E-1	3.301310E+2	6.766900E+1	1.410000E+0
3.033100E+1	7.059702E+0	2.628790E-1	3.301310E+2	6.766900E+1	1.410000E+0
3.034000E+1	7.059702E+0	2.628790E-1	3.301310E+2	6.766900E+1	1.410000E+0
3.042100E+1	7.085075E+0	2.794919E-1	3.301310E+2	6.766900E+1	1.410000E+0
3.043000E+1	7.085075E+0	2.794919E-1	3.301310E+2	6.766900E+1	1.410000E+0
3.051100E+1	7.099257E+0	2.888942E-1	3.301310E+2	6.766900E+1	1.410000E+0
3.052000E+1	7.099257E+0	2.888942E-1	3.301310E+2	6.766900E+1	1.410000E+0
3.063300E+1	7.130321E+0	3.109195E-1	3.301310E+2	6.766900E+1	1.410000E+0
3.064100E+1	7.130321E+0	3.109195E-1	3.301310E+2	6.766900E+1	1.410000E+0
3.072600E+1	7.153672E+0	3.366485E-1	3.301310E+2	6.766900E+1	1.410000E+0
3.073500E+1	7.153672E+0	3.366485E-1	3.301310E+2	6.766900E+1	1.410000E+0
3.081400E+1	7.179237E+0	3.616428E-1	3.301310E+2	6.766900E+1	1.410000E+0
3.082300E+1	7.179237E+0	3.616428E-1	3.301310E+2	6.766900E+1	1.410000E+0
3.104200E+1	7.115533E+0	4.566158E+2	3.301310E+2	6.766900E+1	1.410000E+0
